Board State,Action Probabilities,Player
"0,0,0,0,0,0,0,0,0,0,0,0,0,0,0,0,0,0,0,0,0,0,0,0,0,0,0,0,0,0,0,0,0,0,0,0,0,0,0,0,0,0,0,0,0,0,0,0,0","0.026111791105671155,0.026111791105671155,0.024887800897592818,0.0012239902080783353,0.02937576499388005,0.026519787841697267,0.024887800897592818,0.0012239902080783353,0.026519787841697267,0.0012239902080783353,0.0012239902080783353,0.028151774785801713,0.0012239902080783353,0.029783761729906162,0.0012239902080783353,0.028967768257853937,0.028559771521827825,0.023663810689514484,0.0277437780497756,0.028559771521827825,0.0012239902080783353,0.024887800897592818,0.024887800897592818,0.0012239902080783353,0.024887800897592818,0.0012239902080783353,0.02529579763361893,0.028559771521827825,0.02447980416156671,0.026519787841697267,0.026519787841697267,0.024887800897592818,0.02447980416156671,0.029783761729906162,0.02447980416156671,0.02692778457772338,0.02692778457772338,0.031007751937984496,0.024887800897592818,0.0012239902080783353,0.024887800897592818,0.031415748674010605,0.0012239902080783353,0.024887800897592818,0.02447980416156671,0.02733578131374949,0.024887800897592818,0.0012239902080783353,0.028151774785801713",-1
"0,0,0,0,0,0,0,0,0,0,0,0,0,0,0,0,0,0,0,0,0,0,0,0,0,0,0,0,0,0,0,0,0,0,0,0,0,0,0,0,0,-1,0,0,0,0,0,0,0","0.00830367734282325,0.00830367734282325,0.00830367734282325,0.00830367734282325,0.00830367734282325,0.00830367734282325,0.00830367734282325,0.00830367734282325,0.00830367734282325,0.00830367734282325,0.09292210359826018,0.00830367734282325,0.00830367734282325,0.07947805456702253,0.00830367734282325,0.00830367734282325,0.00830367734282325,0.00830367734282325,0.00830367734282325,0.00830367734282325,0.08224594701463028,0.088572558323448,0.00830367734282325,0.00830367734282325,0.00830367734282325,0.07631474891261368,0.00830367734282325,0.00830367734282325,0.00830367734282325,0.088572558323448,0.00830367734282325,0.07315144325820483,0.00830367734282325,0.00830367734282325,0.00830367734282325,0.00830367734282325,0.00830367734282325,0.00830367734282325,0.00830367734282325,0.00830367734282325,0.00830367734282325,0,0.08659549228944247,0.00830367734282325,0.00830367734282325,0.00830367734282325,0.00830367734282325,0.00830367734282325,0.00830367734282325",1
"0,0,0,0,0,0,0,0,0,0,1,0,0,0,0,0,0,0,0,0,0,0,0,0,0,0,0,0,0,0,0,0,0,0,0,0,0,0,0,0,0,-1,0,0,0,0,0,0,0","0.04575892857142857,0.0033482142857142855,0.0033482142857142855,0.044270833333333336,0.05505952380952381,0.0033482142857142855,0.0033482142857142855,0.0033482142857142855,0.0033482142857142855,0.0033482142857142855,0,0.0033482142857142855,0.04873511904761905,0.04092261904761905,0.0033482142857142855,0.0033482142857142855,0.05282738095238095,0.0033482142857142855,0.0033482142857142855,0.0033482142857142855,0.041294642857142856,0.0033482142857142855,0.0033482142857142855,0.056919642857142856,0.043154761904761904,0.0033482142857142855,0.0033482142857142855,0.0033482142857142855,0.0033482142857142855,0.049107142857142856,0.04799107142857143,0.050967261904761904,0.046875,0.0033482142857142855,0.0033482142857142855,0.04575892857142857,0.04873511904761905,0.0033482142857142855,0.050595238095238096,0.0033482142857142855,0.044642857142857144,0,0.0033482142857142855,0.04575892857142857,0.046875,0.0033482142857142855,0.0033482142857142855,0.0033482142857142855,0.0033482142857142855",-1
"0,0,0,0,0,0,0,0,0,0,1,0,0,0,0,0,0,0,0,0,0,0,0,-1,0,0,0,0,0,0,0,0,0,0,0,0,0,0,0,0,0,-1,0,0,0,0,0,0,0","0.009205983889528193,0.009205983889528193,0.009205983889528193,0.009205983889528193,0.07671653241273495,0.009205983889528193,0.09167625623321826,0.009205983889528193,0.07326428845416187,0.009205983889528193,0,0.009205983889528193,0.009205983889528193,0.07978519370924435,0.009205983889528193,0.009205983889528193,0.009205983889528193,0.009205983889528193,0.08745684695051784,0.009205983889528193,0.009205983889528193,0.009205983889528193,0.009205983889528193,0,0.009205983889528193,0.009205983889528193,0.009205983889528193,0.07633294975067127,0.009205983889528193,0.009205983889528193,0.009205983889528193,0.009205983889528193,0.009205983889528193,0.009205983889528193,0.08400460299194476,0.009205983889528193,0.009205983889528193,0.009205983889528193,0.009205983889528193,0.009205983889528193,0.009205983889528193,0,0.009205983889528193,0.08093594169543536,0.009205983889528193,0.009205983889528193,0.009205983889528193,0.009205983889528193,0.009205983889528193",1
"0,0,0,0,0,0,1,0,0,0,1,0,0,0,0,0,0,0,0,0,0,0,0,-1,0,0,0,0,0,0,0,0,0,0,0,0,0,0,0,0,0,-1,0,0,0,0,0,0,0","0.002969561989606533,0.05085374907201188,0.04602821083890126,0.002969561989606533,0.002969561989606533,0.002969561989606533,0,0.002969561989606533,0.04714179658500371,0.002969561989606533,0,0.002969561989606533,0.002969561989606533,0.04862657757980698,0.002969561989606533,0.002969561989606533,0.002969561989606533,0.002969561989606533,0.04714179658500371,0.04974016332590943,0.047512991833704527,0.002969561989606533,0.043429844097995544,0,0.044543429844097995,0.002969561989606533,0.047512991833704527,0.002969561989606533,0.038604305864884926,0.002969561989606533,0.002969561989606533,0.002969561989606533,0.049368968077208614,0.04417223459539718,0.002969561989606533,0.04862657757980698,0.046399406087602076,0.002969561989606533,0.04899777282850779,0.04417223459539718,0.002969561989606533,0,0.043429844097995544,0.04305864884929473,0.002969561989606533,0.002969561989606533,0.002969561989606533,0.002969561989606533,0.046399406087602076",-1
"0,-1,0,0,0,0,1,0,0,0,1,0,0,0,0,0,0,0,0,0,0,0,0,-1,0,0,0,0,0,0,0,0,0,0,0,0,0,0,0,0,0,-1,0,0,0,0,0,0,0","0.004242190512919399,0,0.004242190512919399,0.051677593521018125,0.004242190512919399,0.004242190512919399,0,0.004242190512919399,0.004242190512919399,0.004242190512919399,0,0.004242190512919399,0.05861935981488623,0.4485152333204782,0.004242190512919399,0.004242190512919399,0.05861935981488623,0.004242190512919399,0.05861935981488623,0.004242190512919399,0.004242190512919399,0.004242190512919399,0.004242190512919399,0,0.004242190512919399,0.004242190512919399,0.004242190512919399,0.004242190512919399,0.004242190512919399,0.004242190512919399,0.004242190512919399,0.054377169301966836,0.004242190512919399,0.004242190512919399,0.004242190512919399,0.004242190512919399,0.004242190512919399,0.05861935981488623,0.004242190512919399,0.004242190512919399,0.004242190512919399,0,0.004242190512919399,0.004242190512919399,0.05823370613189356,0.004242190512919399,0.004242190512919399,0.004242190512919399,0.004242190512919399",1
"0,-1,0,0,0,0,1,0,0,0,1,0,0,1,0,0,0,0,0,0,0,0,0,-1,0,0,0,0,0,0,0,0,0,0,0,0,0,0,0,0,0,-1,0,0,0,0,0,0,0","0.012154696132596685,0,0.012154696132596685,0.012154696132596685,0.011878453038674033,0.04116022099447514,0,0.012154696132596685,0.012154696132596685,0.012154696132596685,0,0.013535911602209945,0.012154696132596685,0,0.012154696132596685,0.012154696132596685,0.012154696132596685,0.012154696132596685,0.013535911602209945,0.03287292817679558,0.11988950276243093,0.03756906077348066,0.012154696132596685,0,0.012154696132596685,0.012154696132596685,0.042265193370165745,0.012154696132596685,0.012154696132596685,0.012154696132596685,0.012154696132596685,0.016574585635359115,0.04364640883977901,0.012154696132596685,0.012154696132596685,0.07513812154696133,0.012154696132596685,0.012154696132596685,0.11132596685082873,0.012154696132596685,0.044751381215469614,0,0.012154696132596685,0.012154696132596685,0.012154696132596685,0.012154696132596685,0.011878453038674033,0.04364640883977901,0.012154696132596685",-1
"0,-1,0,0,0,0,1,0,0,0,1,0,0,1,0,0,0,0,0,0,-1,0,0,-1,0,0,0,0,0,0,0,0,0,0,0,0,0,0,0,0,0,-1,0,0,0,0,0,0,0","0.0027662517289073307,0,0.03803596127247579,0.03284923928077455,0.042185338865836794,0.042185338865836794,0,0.0027662517289073307,0.0027662517289073307,0.0027662517289073307,0,0.042185338865836794,0.043568464730290454,0,0.0027662517289073307,0.03699861687413555,0.0027662517289073307,0.048409405255878286,0.0027662517289073307,0.3457814661134163,0,0.0027662517289073307,0.0027662517289073307,0,0.03803596127247579,0.0027662517289073307,0.0027662517289073307,0.0027662517289073307,0.0027662517289073307,0.0027662517289073307,0.0027662517289073307,0.03941908713692946,0.0027662517289073307,0.03665283540802213,0.0338865836791148,0.0027662517289073307,0.0027662517289073307,0.0027662517289073307,0.0027662517289073307,0.0027662517289073307,0.03941908713692946,0,0.0027662517289073307,0.0027662517289073307,0.03699861687413555,0.0027662517289073307,0.0027662517289073307,0.0027662517289073307,0.031466113416320884",1
"0,-1,0,0,0,0,1,0,0,0,1,0,0,1,0,0,0,0,0,1,-1,0,0,-1,0,0,0,0,0,0,0,0,0,0,0,0,0,0,0,0,0,-1,0,0,0,0,0,0,0","0.020815264527320035,0,0.013876843018213356,0.023995374385660597,0.025440878866724487,0.013876843018213356,0,0.017635154668979473,0.017346053772766695,0.013876843018213356,0,0.026886383347788378,0.013876843018213356,0,0.019080659150043366,0.017346053772766695,0.013876843018213356,0.026886383347788378,0.019080659150043366,0,0,0.013876843018213356,0.015611448395490026,0,0.08499566348655681,0.029777392309916162,0.028331887828852268,0.017635154668979473,0.013876843018213356,0.025440878866724487,0.028331887828852268,0.028331887828852268,0.03700491471523562,0.013876843018213356,0.026886383347788378,0.017635154668979473,0.013876843018213356,0.013876843018213356,0.03555941023417172,0.013876843018213356,0.031222896790980052,0,0.013876843018213356,0.029777392309916162,0.031222896790980052,0.08499566348655681,0.029777392309916162,0.017346053772766695,0.019080659150043366",-1
"0,-1,0,0,0,0,1,0,0,0,1,0,0,1,0,0,0,0,0,1,-1,0,0,-1,-1,0,0,0,0,0,0,0,0,0,0,0,0,0,0,0,0,-1,0,0,0,0,0,0,0","0.03558460421205519,0,0.0018155410312273058,0.03122730573710966,0.029774872912127815,0.05410312273057371,0,0.0018155410312273058,0.037037037037037035,0.02578068264342774,0,0.0018155410312273058,0.03340595497458242,0,0.033042846768336964,0.0018155410312273058,0.03594771241830065,0.0018155410312273058,0.0374001452432825,0,0,0.0018155410312273058,0.05410312273057371,0,0,0.037037037037037035,0.0018155410312273058,0.0018155410312273058,0.0018155410312273058,0.034858387799564274,0.03631082062454612,0.03340595497458242,0.0374001452432825,0.0018155410312273058,0.034858387799564274,0.03594771241830065,0.03413217138707335,0.0018155410312273058,0.0018155410312273058,0.036673928830791576,0.03376906318082789,0,0.0374001452432825,0.03631082062454612,0.03413217138707335,0.03631082062454612,0.0018155410312273058,0.034858387799564274,0.03558460421205519",1
"0,-1,0,0,0,1,1,0,0,0,1,0,0,1,0,0,0,0,0,1,-1,0,0,-1,-1,0,0,0,0,0,0,0,0,0,0,0,0,0,0,0,0,-1,0,0,0,0,0,0,0","0.03869731800766284,0,0.06628352490421456,0.014942528735632184,0.014942528735632184,0,0,0.014942528735632184,0.0421455938697318,0.014942528735632184,0,0.014942528735632184,0.014942528735632184,0,0.014942528735632184,0.014942528735632184,0.014942528735632184,0.014559386973180077,0.014942528735632184,0,0,0.04865900383141762,0.014559386973180077,0,0,0.04865900383141762,0.11264367816091954,0.014942528735632184,0.014942528735632184,0.014942528735632184,0.014942528735632184,0.038314176245210725,0.014942528735632184,0.014942528735632184,0.014942528735632184,0.014942528735632184,0.014942528735632184,0.014942528735632184,0.1053639846743295,0.014942528735632184,0.050191570881226055,0,0.01685823754789272,0.014942528735632184,0.014942528735632184,0.014559386973180077,0.014942528735632184,0.014942528735632184,0.014942528735632184",-1
"0,-1,0,0,0,1,1,0,0,0,1,0,0,1,0,0,0,0,0,1,-1,0,0,-1,-1,0,-1,0,0,0,0,0,0,0,0,0,0,0,0,0,0,-1,0,0,0,0,0,0,0","0.0025399129172714078,0,0.02830188679245283,0.0025399129172714078,0.0025399129172714078,0,0,0.0025399129172714078,0.0025399129172714078,0.0025399129172714078,0,0.038098693759071114,0.0025399129172714078,0,0.0025399129172714078,0.02902757619738752,0.0025399129172714078,0.02830188679245283,0.0025399129172714078,0,0,0.0025399129172714078,0.0025399129172714078,0,0,0.738388969521045,0,0.0025399129172714078,0.030841799709724237,0.0025399129172714078,0.0025399129172714078,0.0025399129172714078,0.0025399129172714078,0.0025399129172714078,0.0025399129172714078,0.0025399129172714078,0.0025399129172714078,0.0025399129172714078,0.0025399129172714078,0.0025399129172714078,0.0025399129172714078,0,0.0025399129172714078,0.0025399129172714078,0.0025399129172714078,0.0025399129172714078,0.02830188679245283,0.0025399129172714078,0.0025399129172714078",1
"0,-1,0,0,0,1,1,0,0,0,1,0,0,1,0,0,0,0,0,1,-1,0,0,-1,-1,1,-1,0,0,0,0,0,0,0,0,0,0,0,0,0,0,-1,0,0,0,0,0,0,0","0.021120497999110716,0,0.023121387283236993,0.025122276567363273,0.021120497999110716,0,0,0.021120497999110716,0.0213428190306803,0.025122276567363273,0,0.021120497999110716,0.021120497999110716,0,0.021120497999110716,0.021120497999110716,0.021120497999110716,0.021120497999110716,0.021120497999110716,0,0,0.0213428190306803,0.028901734104046242,0,0,0,0,0.023121387283236993,0.021120497999110716,0.021120497999110716,0.021120497999110716,0.021120497999110716,0.026900844819919965,0.021120497999110716,0.021120497999110716,0.021120497999110716,0.028901734104046242,0.021120497999110716,0.12583370386838594,0.025122276567363273,0.021120497999110716,0,0.021120497999110716,0.08159181858603824,0.026900844819919965,0.028901734104046242,0.023121387283236993,0.021120497999110716,0.021120497999110716",-1
"0,-1,0,0,0,1,1,0,0,0,1,0,0,1,0,0,0,0,0,1,-1,0,0,-1,-1,1,-1,0,0,0,0,0,0,0,0,0,0,0,-1,0,0,-1,0,0,0,0,0,0,0","0.04356435643564356,0,0.005280528052805281,0.005280528052805281,0.04521452145214522,0,0,0.0429042904290429,0.051815181518151815,0.04422442244224423,0,0.052805280528052806,0.005280528052805281,0,0.005280528052805281,0.046534653465346534,0.005280528052805281,0.005280528052805281,0.005280528052805281,0,0,0.005280528052805281,0.048184818481848184,0,0,0,0,0.045874587458745876,0.005280528052805281,0.05478547854785479,0.005280528052805281,0.005280528052805281,0.05577557755775578,0.005280528052805281,0.005280528052805281,0.005280528052805281,0.04719471947194719,0.005280528052805281,0,0.07788778877887789,0.04884488448844884,0,0.05115511551155116,0.005280528052805281,0.005280528052805281,0.0504950495049505,0.05412541254125412,0.005280528052805281,0.04356435643564356",1
"0,-1,0,0,0,1,1,0,0,0,1,0,0,1,0,0,0,0,0,1,-1,0,0,-1,-1,1,-1,0,0,0,0,0,0,0,0,0,0,0,-1,1,0,-1,0,0,0,0,0,0,0","0.002961865975564606,0,0.002961865975564606,0.002961865975564606,0.002961865975564606,0,0,0.002961865975564606,0.002961865975564606,0.030729359496482783,0,0.002961865975564606,0.002961865975564606,0,0.002961865975564606,0.002961865975564606,0.002961865975564606,0.002961865975564606,0.02850796001480933,0,0,0.002961865975564606,0.002961865975564606,0,0,0,0,0.002961865975564606,0.002961865975564606,0.002961865975564606,0.02850796001480933,0.002961865975564606,0.7375046279155868,0.002961865975564606,0.002961865975564606,0.002961865975564606,0.002961865975564606,0.002961865975564606,0,0,0.002961865975564606,0,0.002961865975564606,0.002961865975564606,0.03332099222510181,0.030729359496482783,0.002961865975564606,0.027767493520918177,0.002961865975564606",-1
"0,-1,0,0,0,1,1,0,0,0,1,0,0,1,0,0,0,0,0,1,-1,0,0,-1,-1,1,-1,0,0,0,0,0,-1,0,0,0,0,0,-1,1,0,-1,0,0,0,0,0,0,0","0.019066846119336026,0,0.01727231942575146,0.019066846119336026,0.019066846119336026,0,0,0.019066846119336026,0.01727231942575146,0.02086137281292059,0,0.01727231942575146,0.01727231942575146,0,0.01727231942575146,0.019066846119336026,0.024226110363391656,0.01727231942575146,0.01727231942575146,0,0,0.024226110363391656,0.02265589950650516,0,0,0,0,0.019066846119336026,0.02086137281292059,0.02086137281292059,0.039030955585464336,0.08030506953790938,0,0.019066846119336026,0.10071781067743382,0.01727231942575146,0.019066846119336026,0.2048003589053387,0,0,0.01727231942575146,0,0.019066846119336026,0.01727231942575146,0.019066846119336026,0.02086137281292059,0.01727231942575146,0.019066846119336026,0.02086137281292059",1
"0,-1,0,0,0,1,1,0,0,0,1,0,0,1,0,0,0,0,0,1,-1,0,0,-1,-1,1,-1,0,0,0,0,0,-1,0,0,0,0,1,-1,1,0,-1,0,0,0,0,0,0,0","0.020414201183431954,0,0.001183431952662722,0.31568047337278105,0.001183431952662722,0,0,0.001183431952662722,0.001183431952662722,0.001183431952662722,0,0.001183431952662722,0.001183431952662722,0,0.001183431952662722,0.015384615384615385,0.019230769230769232,0.015976331360946745,0.001183431952662722,0,0,0.001183431952662722,0.001183431952662722,0,0,0,0,0.001183431952662722,0.001183431952662722,0.01893491124260355,0.001183431952662722,0.4695266272189349,0,0.001183431952662722,0.022781065088757397,0.001183431952662722,0.020118343195266272,0,0,0,0.01982248520710059,0,0.001183431952662722,0.001183431952662722,0.001183431952662722,0.001183431952662722,0.016568047337278107,0.001183431952662722,0.020710059171597635",-1
"0,-1,0,0,0,1,1,0,0,0,1,0,0,1,0,0,0,0,0,1,-1,0,0,-1,-1,1,-1,0,0,0,0,-1,-1,0,0,0,0,1,-1,1,0,-1,0,0,0,0,0,0,0","0.031319358816276205,0,0.031072749691738594,0.031072749691738594,0.031072749691738594,0,0,0.031072749691738594,0.031072749691738594,0.031072749691738594,0,0.031072749691738594,0.031072749691738594,0,0.031072749691738594,0.031072749691738594,0.031072749691738594,0.031072749691738594,0.031072749691738594,0,0,0.03625154130702836,0.031072749691738594,0,0,0,0,0.031072749691738594,0.031072749691738594,0.031072749691738594,0.031072749691738594,0,0,0.031072749691738594,0.031072749691738594,0.031072749691738594,0.031072749691738594,0,0,0,0.031319358816276205,0,0.031072749691738594,0.031072749691738594,0.031072749691738594,0.031072749691738594,0.031072749691738594,0.031072749691738594,0.031072749691738594",1
"0,-1,0,0,0,1,1,0,0,0,1,0,0,1,0,0,0,0,0,1,-1,1,0,-1,-1,1,-1,0,0,0,0,-1,-1,0,0,0,0,1,-1,1,0,-1,0,0,0,0,0,0,0","0.023700305810397553,0,0.052752293577981654,0.016819571865443424,0.052752293577981654,0,0,0.052752293577981654,0.052752293577981654,0.023318042813455658,0,0.023318042813455658,0.023700305810397553,0,0.0011467889908256881,0.052752293577981654,0.024464831804281346,0.023318042813455658,0.023318042813455658,0,0,0,0.052752293577981654,0,0,0,0,0.052752293577981654,0.052752293577981654,0.023700305810397553,0.023318042813455658,0,0,0.0011467889908256881,0.022553516819571864,0.052752293577981654,0.024464831804281346,0,0,0,0.024464831804281346,0,0.052752293577981654,0.02408256880733945,0.024464831804281346,0.023700305810397553,0.020642201834862386,0.02408256880733945,0.052752293577981654",-1
"0,-1,-1,0,0,1,1,0,0,0,1,0,0,1,0,0,0,0,0,1,-1,1,0,-1,-1,1,-1,0,0,0,0,-1,-1,0,0,0,0,1,-1,1,0,-1,0,0,0,0,0,0,0","0.03680981595092025,0,0,0.028757668711656442,0.028757668711656442,0,0,0.028757668711656442,0.025690184049079755,0.03412576687116564,0,0.025690184049079755,0.03144171779141104,0,0.025690184049079755,0.04677914110429448,0.04447852760736196,0.04677914110429448,0.025690184049079755,0,0,0,0.025690184049079755,0,0,0,0,0.03144171779141104,0.03949386503067485,0.03144171779141104,0.025690184049079755,0,0,0.041794478527607364,0.028757668711656442,0.041794478527607364,0.03680981595092025,0,0,0,0.041794478527607364,0,0.049079754601226995,0.025690184049079755,0.025690184049079755,0.03144171779141104,0.03412576687116564,0.03412576687116564,0.025690184049079755",1
"0,-1,-1,0,0,1,1,0,0,0,1,0,0,1,0,0,0,0,0,1,-1,1,0,-1,-1,1,-1,0,0,0,0,-1,-1,0,0,0,0,1,-1,1,0,-1,1,0,0,0,0,0,0","0.05425163524432474,0,0,0.0011542901115813775,0.053866871873797614,0,0,0.05425163524432474,0.0011542901115813775,0.05425163524432474,0,0.05425163524432474,0.053866871873797614,0,0.053866871873797614,0.023470565602154676,0.05425163524432474,0.023470565602154676,0.0011542901115813775,0,0,0,0.05425163524432474,0,0,0,0,0.053866871873797614,0.05425163524432474,0.053866871873797614,0.0011542901115813775,0,0,0.053866871873797614,0.0011542901115813775,0.053866871873797614,0.053866871873797614,0,0,0,0.0011542901115813775,0,0,0.023470565602154676,0.0011542901115813775,0.0011542901115813775,0.05425163524432474,0.0011542901115813775,0.05425163524432474",-1
"-1,-1,-1,0,0,1,1,0,0,0,1,0,0,1,0,0,0,0,0,1,-1,1,0,-1,-1,1,-1,0,0,0,0,-1,-1,0,0,0,0,1,-1,1,0,-1,1,0,0,0,0,0,0","0,0,0,0.027171833141982394,0.027171833141982394,0,0,0.03291236127057023,0.027171833141982394,0.040949100650593186,0,0.027171833141982394,0.04362801377726751,0,0.027171833141982394,0.055874473784921545,0.03559127439724455,0.04860313815537696,0.026789131266743208,0,0,0,0.05817068503635668,0,0,0,0,0.03291236127057023,0.040949100650593186,0.03291236127057023,0.027171833141982394,0,0,0.038270187523918864,0.03559127439724455,0.03559127439724455,0.03559127439724455,0,0,0,0.040949100650593186,0,0,0.027171833141982394,0.03559127439724455,0.027171833141982394,0.038270187523918864,0.027171833141982394,0.04630692690394183",1
"-1,-1,-1,0,0,1,1,0,0,0,1,0,0,1,0,0,0,0,0,1,-1,1,1,-1,-1,1,-1,0,0,0,0,-1,-1,0,0,0,0,1,-1,1,0,-1,1,0,0,0,0,0,0","0,0,0,0.022857142857142857,0.022857142857142857,0,0,0.02438095238095238,0.021333333333333333,0.02361904761904762,0,0.023238095238095238,0.0015238095238095239,0,0.0015238095238095239,0.0015238095238095239,0.6712380952380952,0.0015238095238095239,0.02361904761904762,0,0,0,0,0,0,0,0,0.02438095238095238,0.021714285714285714,0.0015238095238095239,0.022857142857142857,0,0,0.0015238095238095239,0.0015238095238095239,0.0015238095238095239,0.0015238095238095239,0,0,0,0.01638095238095238,0,0,0.018285714285714287,0.0015238095238095239,0.022857142857142857,0.0015238095238095239,0.022095238095238095,0.0015238095238095239",-1
"-1,-1,-1,0,0,1,1,0,0,0,1,0,0,1,0,0,-1,0,0,1,-1,1,1,-1,-1,1,-1,0,0,0,0,-1,-1,0,0,0,0,1,-1,1,0,-1,1,0,0,0,0,0,0","0,0,0,0.037063267233238904,0.037063267233238904,0,0,0.037063267233238904,0.037063267233238904,0.05240793201133145,0,0.037063267233238904,0.037063267233238904,0,0.037063267233238904,0.039660056657223795,0,0.039660056657223795,0.037063267233238904,0,0,0,0,0,0,0,0,0.037063267233238904,0.039660056657223795,0.042256846081208686,0.037063267233238904,0,0,0.042492917847025496,0.037063267233238904,0.037063267233238904,0.037063267233238904,0,0,0,0.037063267233238904,0,0,0.037063267233238904,0.037063267233238904,0.037063267233238904,0.039660056657223795,0.037063267233238904,0.037063267233238904",1
"-1,-1,-1,0,0,1,1,0,0,1,1,0,0,1,0,0,-1,0,0,1,-1,1,1,-1,-1,1,-1,0,0,0,0,-1,-1,0,0,0,0,1,-1,1,0,-1,1,0,0,0,0,0,0","0,0,0,0.0018539117538005192,0.02335928809788654,0,0,0.024100852799406748,0.023730070448646643,0,0,0.023730070448646643,0.023730070448646643,0,0.023730070448646643,0.024471635150166853,0,0.0018539117538005192,0.0018539117538005192,0,0,0,0,0,0,0,0,0.023730070448646643,0.018168335187245088,0.5669262143121987,0.02335928809788654,0,0,0.023730070448646643,0.023730070448646643,0.023730070448646643,0.023730070448646643,0,0,0,0.0018539117538005192,0,0,0.0018539117538005192,0.023730070448646643,0.023730070448646643,0.0018539117538005192,0.023730070448646643,0.023730070448646643",-1
"-1,-1,-1,0,0,1,1,0,0,1,1,0,0,1,0,0,-1,0,0,1,-1,1,1,-1,-1,1,-1,0,0,-1,0,-1,-1,0,0,0,0,1,-1,1,0,-1,1,0,0,0,0,0,0","0,0,0,0.04544319600499376,0.045692883895131084,0,0,0.0731585518102372,0.04369538077403246,0,0,0.03745318352059925,0.04943820224719101,0,0.03945068664169788,0.03545568039950062,0,0.030961298377028715,0.02871410736579276,0,0,0,0,0,0,0,0,0.08014981273408239,0.030961298377028715,0,0.03745318352059925,0,0,0.030961298377028715,0.04744069912609238,0.03545568039950062,0.030961298377028715,0,0,0,0.04943820224719101,0,0,0.03320848938826467,0.03545568039950062,0.04544319600499376,0.030961298377028715,0.03320848938826467,0.04943820224719101",1
"-1,-1,-1,0,0,1,1,0,0,1,1,0,0,1,0,0,-1,0,0,1,-1,1,1,-1,-1,1,-1,1,0,-1,0,-1,-1,0,0,0,0,1,-1,1,0,-1,1,0,0,0,0,0,0","0,0,0,0.0014295925661186562,0.0014295925661186562,0,0,0.10900643316654754,0.0014295925661186562,0,0,0.0014295925661186562,0.10864903502501787,0,0.0014295925661186562,0.10864903502501787,0,0.10900643316654754,0.0014295925661186562,0,0,0,0,0,0,0,0,0,0.10900643316654754,0,0.0014295925661186562,0,0,0.10900643316654754,0.0014295925661186562,0.10864903502501787,0.10900643316654754,0,0,0,0.0014295925661186562,0,0,0.0014295925661186562,0.0014295925661186562,0.0014295925661186562,0.10900643316654754,0.0014295925661186562,0.0014295925661186562",-1
"-1,-1,-1,0,0,1,1,-1,0,1,1,0,0,1,0,0,-1,0,0,1,-1,1,1,-1,-1,1,-1,1,0,-1,0,-1,-1,0,0,0,0,1,-1,1,0,-1,1,0,0,0,0,0,0","0,0,0,0.05102407473948976,0.04671218109953288,0,0,0,0.038447718289615525,0,0,0.044556234279554435,0.05066475026949335,0,0.05066475026949335,0.03162055335968379,0,0.026949335249730505,0.04060366510959396,0,0,0,0,0,0,0,0,0,0.026949335249730505,0,0.04060366510959396,0,0,0.026949335249730505,0.04886812791951132,0.0794107078692059,0.029464606539705354,0,0,0,0.05066475026949335,0,0,0.038447718289615525,0.0427596119295724,0.0794107078692059,0.026949335249730505,0.0794107078692059,0.04886812791951132",1
"-1,-1,-1,0,0,1,1,-1,0,1,1,0,0,1,0,0,-1,0,0,1,-1,1,1,-1,-1,1,-1,1,0,-1,0,-1,-1,0,0,1,0,1,-1,1,0,-1,1,0,0,0,0,0,0","0,0,0,0.0014814814814814814,0.0014814814814814814,0,0,0,0.0014814814814814814,0,0,0.0014814814814814814,0.0014814814814814814,0,0.0014814814814814814,0.14,0,0.0014814814814814814,0.0014814814814814814,0,0,0,0,0,0,0,0,0,0.14,0,0.13962962962962963,0,0,0.14,0.0014814814814814814,0,0.13962962962962963,0,0,0,0.0014814814814814814,0,0,0.0014814814814814814,0.0014814814814814814,0.14,0.0014814814814814814,0.14,0.0014814814814814814",-1
"-1,-1,-1,0,0,1,1,-1,0,1,1,0,0,1,0,-1,-1,0,0,1,-1,1,1,-1,-1,1,-1,1,0,-1,0,-1,-1,0,0,1,0,1,-1,1,0,-1,1,0,0,0,0,0,0","0,0,0,0.044086773967809655,0.044086773967809655,0,0,0,0.044086773967809655,0,0,0.044086773967809655,0.044086773967809655,0,0.10216934919524143,0,0,0.053883834849545134,0.044086773967809655,0,0,0,0,0,0,0,0,0,0.044086773967809655,0,0.02799160251924423,0,0,0.053883834849545134,0.044086773967809655,0,0.053883834849545134,0,0,0,0.04443666899930021,0,0,0.044086773967809655,0.03918824352694192,0.08537438768369489,0.044086773967809655,0.053883834849545134,0.04443666899930021",1
"-1,-1,-1,0,0,1,1,-1,0,1,1,0,0,1,1,-1,-1,0,0,1,-1,1,1,-1,-1,1,-1,1,0,-1,0,-1,-1,0,0,1,0,1,-1,1,0,-1,1,0,0,0,0,0,0","0,0,0,0.00144248106743599,0.00144248106743599,0,0,0,0.41976199062387304,0,0,0.00144248106743599,0.00144248106743599,0,0,0,0,0.00144248106743599,0.00144248106743599,0,0,0,0,0,0,0,0,0,0.41976199062387304,0,0.13739632167327803,0,0,0.00144248106743599,0.00144248106743599,0,0.00144248106743599,0,0,0,0.00144248106743599,0,0,0.00144248106743599,0.00144248106743599,0.00144248106743599,0.00144248106743599,0.00144248106743599,0.00144248106743599",-1
"0,0,0,0,0,0,0,0,0,0,0,0,0,0,0,0,0,0,0,0,0,0,0,0,0,0,0,0,0,0,0,0,0,0,0,0,0,0,0,0,0,0,0,0,0,0,0,0,0","0.04243166054671563,0.03998368013055895,0.03875968992248062,0.002039983680130559,0.002039983680130559,0.03916768665850673,0.002039983680130559,0.002039983680130559,0.002039983680130559,0.044471644226846185,0.046511627906976744,0.04079967360261118,0.002039983680130559,0.03998368013055895,0.002039983680130559,0.03875968992248062,0.002039983680130559,0.03549571603427173,0.002039983680130559,0.044879640962872294,0.002039983680130559,0.03508771929824561,0.002039983680130559,0.002039983680130559,0.03998368013055895,0.03508771929824561,0.03590371277029784,0.04202366381068951,0.03345573235414117,0.039575683394532844,0.002039983680130559,0.03875968992248062,0.04243166054671563,0.0416156670746634,0.002039983680130559,0.002039983680130559,0.002039983680130559,0.002039983680130559,0.033047735618115054,0.03916768665850673,0.002039983680130559,0.002039983680130559,0.0416156670746634,0.002039983680130559,0.002039983680130559,0.002039983680130559,0.002039983680130559,0.002039983680130559,0.002039983680130559",1
"0,0,0,0,0,0,0,0,0,0,1,0,0,0,0,0,0,0,0,0,0,0,0,0,0,0,0,0,0,0,0,0,0,0,0,0,0,0,0,0,0,0,0,0,0,0,0,0,0","0.00857365549493375,0.06936866718628215,0.00857365549493375,0.00857365549493375,0.07560405300077942,0.00857365549493375,0.00857365549493375,0.00857365549493375,0.00857365549493375,0.00857365549493375,0,0.00857365549493375,0.00857365549493375,0.00857365549493375,0.07482462977396727,0.00857365549493375,0.00857365549493375,0.00857365549493375,0.00857365549493375,0.00857365549493375,0.00857365549493375,0.00857365549493375,0.00857365549493375,0.14185502727981295,0.00857365549493375,0.0779423226812159,0.00857365549493375,0.00857365549493375,0.00857365549493375,0.00857365549493375,0.00857365549493375,0.00857365549493375,0.00857365549493375,0.00857365549493375,0.00857365549493375,0.00857365549493375,0.07131722525331255,0.07365549493374902,0.00857365549493375,0.00857365549493375,0.00857365549493375,0.00857365549493375,0.00857365549493375,0.00857365549493375,0.0724863600935308,0.00857365549493375,0.00857365549493375,0.00857365549493375,0.00857365549493375",-1
"0,0,0,0,0,0,0,0,0,0,1,0,0,0,0,0,0,0,0,0,0,0,0,-1,0,0,0,0,0,0,0,0,0,0,0,0,0,0,0,0,0,0,0,0,0,0,0,0,0","0.007809726659566915,0.007809726659566915,0.06780262690805822,0.06602768903088392,0.007809726659566915,0.08022719204827831,0.007809726659566915,0.007809726659566915,0.007809726659566915,0.007809726659566915,0,0.007809726659566915,0.007809726659566915,0.007809726659566915,0.007809726659566915,0.07277245296414625,0.007809726659566915,0.12815051473198438,0.07916222932197373,0.007809726659566915,0.007809726659566915,0.007809726659566915,0.06957756478523251,0,0.007809726659566915,0.007809726659566915,0.007809726659566915,0.007809726659566915,0.007809726659566915,0.007809726659566915,0.007809726659566915,0.007809726659566915,0.007809726659566915,0.007809726659566915,0.007809726659566915,0.007809726659566915,0.007809726659566915,0.007809726659566915,0.007809726659566915,0.007809726659566915,0.007809726659566915,0.007809726659566915,0.007809726659566915,0.007809726659566915,0.06957756478523251,0.007809726659566915,0.007809726659566915,0.06993255236066738,0.007809726659566915",1
"0,0,0,0,0,0,0,0,0,0,1,0,0,0,0,0,0,1,0,0,0,0,0,-1,0,0,0,0,0,0,0,0,0,0,0,0,0,0,0,0,0,0,0,0,0,0,0,0,0","0.009591474245115453,0.009591474245115453,0.009591474245115453,0.009591474245115453,0.009591474245115453,0.009591474245115453,0.009591474245115453,0.009591474245115453,0.009591474245115453,0.009591474245115453,0,0.009591474245115453,0.009591474245115453,0.009591474245115453,0.08063943161634103,0.009591474245115453,0.009591474245115453,0,0.07744227353463588,0.009591474245115453,0.009591474245115453,0.009591474245115453,0.07175843694493783,0,0.08383658969804618,0.009591474245115453,0.009591474245115453,0.009591474245115453,0.009591474245115453,0.009591474245115453,0.07602131438721137,0.009591474245115453,0.009591474245115453,0.009591474245115453,0.009591474245115453,0.009591474245115453,0.08596802841918295,0.009591474245115453,0.009591474245115453,0.009591474245115453,0.009591474245115453,0.009591474245115453,0.009591474245115453,0.009591474245115453,0.009591474245115453,0.009591474245115453,0.07602131438721137,0.08383658969804618,0.009591474245115453",-1
"0,0,0,0,0,0,0,0,0,0,1,0,0,0,0,0,0,1,0,0,0,0,0,-1,0,0,0,0,0,0,0,0,0,0,0,0,-1,0,0,0,0,0,0,0,0,0,0,0,0","0.03670745272525028,0.0018539117538005192,0.0018539117538005192,0.03744901742677049,0.03819058212829069,0.0018539117538005192,0.0018539117538005192,0.03819058212829069,0.0018539117538005192,0.030774935113088618,0,0.039302929180571,0.03670745272525028,0.0018539117538005192,0.0018539117538005192,0.0018539117538005192,0.03744901742677049,0,0.0389321468298109,0.03967371153133111,0.03707823507601038,0.0018539117538005192,0.0018539117538005192,0,0.03967371153133111,0.03744901742677049,0.0018539117538005192,0.034853540971449756,0.0018539117538005192,0.0018539117538005192,0.03188728216536893,0.03744901742677049,0.03596588802373007,0.03819058212829069,0.03967371153133111,0.03337041156840934,0,0.0018539117538005192,0.03596588802373007,0.0018539117538005192,0.03819058212829069,0.03670745272525028,0.03596588802373007,0.0018539117538005192,0.0018539117538005192,0.0018539117538005192,0.0018539117538005192,0.03967371153133111,0.039302929180571",1
"0,0,0,0,0,0,0,0,0,0,1,0,0,0,0,0,0,1,0,1,0,0,0,-1,0,0,0,0,0,0,0,0,0,0,0,0,-1,0,0,0,0,0,0,0,0,0,0,0,0","0.01443620756925478,0.0148263753413968,0.0148263753413968,0.01443620756925478,0.01443620756925478,0.01443620756925478,0.0148263753413968,0.10495513070620367,0.01443620756925478,0.0148263753413968,0,0.01443620756925478,0.01443620756925478,0.0148263753413968,0.01443620756925478,0.0148263753413968,0.0148263753413968,0,0.17713616855247757,0,0.0148263753413968,0.0148263753413968,0.01443620756925478,0,0.01443620756925478,0.0148263753413968,0.01443620756925478,0.01443620756925478,0.0148263753413968,0.0148263753413968,0.01443620756925478,0.11783066718689036,0.01443620756925478,0.0148263753413968,0.0148263753413968,0.0148263753413968,0,0.01443620756925478,0.01443620756925478,0.01443620756925478,0.01443620756925478,0.0148263753413968,0.0148263753413968,0.0148263753413968,0.0148263753413968,0.0148263753413968,0.0148263753413968,0.01443620756925478,0.01443620756925478",-1
"0,0,0,0,0,0,0,0,0,0,1,0,0,0,0,0,0,1,-1,1,0,0,0,-1,0,0,0,0,0,0,0,0,0,0,0,0,-1,0,0,0,0,0,0,0,0,0,0,0,0","0.0013740982480247338,0.0013740982480247338,0.0013740982480247338,0.031260735142562696,0.0013740982480247338,0.031260735142562696,0.03023016145654414,0.0013740982480247338,0.0013740982480247338,0.0013740982480247338,0,0.0013740982480247338,0.0013740982480247338,0.023016145654414292,0.0013740982480247338,0.0013740982480247338,0.0013740982480247338,0,0,0,0.0013740982480247338,0.0013740982480247338,0.0013740982480247338,0,0.6973548608725524,0.031260735142562696,0.0013740982480247338,0.0013740982480247338,0.0013740982480247338,0.0013740982480247338,0.0013740982480247338,0.03160425970456888,0.023359670216420474,0.0013740982480247338,0.03229130882858124,0.0013740982480247338,0,0.0013740982480247338,0.0013740982480247338,0.0013740982480247338,0.0013740982480247338,0.0013740982480247338,0.0013740982480247338,0.0013740982480247338,0.0013740982480247338,0.0013740982480247338,0.0013740982480247338,0.023016145654414292,0.0013740982480247338",1
"0,0,0,0,0,0,0,0,0,0,1,0,0,0,0,0,0,1,-1,1,0,0,0,-1,1,0,0,0,0,0,0,0,0,0,0,0,-1,0,0,0,0,0,0,0,0,0,0,0,0","0.03297682709447415,0.024509803921568627,0.012477718360071301,0.010918003565062388,0.010918003565062388,0.010918003565062388,0.03297682709447415,0.029857397504456328,0.03297682709447415,0.010918003565062388,0,0.025623885918003565,0.029857397504456328,0.027629233511586453,0.02874331550802139,0.010918003565062388,0.012477718360071301,0,0,0,0.030971479500891266,0.013814616755793227,0.017602495543672013,0,0,0.029857397504456328,0.010918003565062388,0.019830659536541888,0.010918003565062388,0.029857397504456328,0.03498217468805704,0.040106951871657755,0.030971479500891266,0.015151515151515152,0.019830659536541888,0.031862745098039214,0,0.02094474153297683,0.03498217468805704,0.02874331550802139,0.03498217468805704,0.024509803921568627,0.027629233511586453,0.027629233511586453,0.031862745098039214,0.03409090909090909,0.015151515151515152,0.025623885918003565,0.012477718360071301",-1
"0,0,0,0,0,0,0,0,0,0,1,0,0,0,0,0,0,1,-1,1,0,0,0,-1,1,0,0,0,0,0,0,-1,0,0,0,0,-1,0,0,0,0,0,0,0,0,0,0,0,0","0.03637741568776052,0.0018946570670708603,0.027283061765820387,0.0018946570670708603,0.0018946570670708603,0.0018946570670708603,0.038651004168245545,0.0018946570670708603,0.0018946570670708603,0.0018946570670708603,0,0.04016672982190224,0.0018946570670708603,0.0018946570670708603,0.0018946570670708603,0.0018946570670708603,0.0018946570670708603,0,0,0,0.04054566123531641,0.025388404698749527,0.0018946570670708603,0,0,0.0018946570670708603,0.025388404698749527,0.0018946570670708603,0.026904130352406214,0.0018946570670708603,0.04016672982190224,0,0.03978779840848806,0.04054566123531641,0.0018946570670708603,0.03940886699507389,0,0.0018946570670708603,0.0018946570670708603,0.0018946570670708603,0.04054566123531641,0.0018946570670708603,0.0018946570670708603,0.0018946570670708603,0.46115953012504735,0.0018946570670708603,0.028419856006062904,0.0018946570670708603,0.0018946570670708603",1
"0,0,0,0,0,0,0,0,0,0,1,0,0,0,0,0,0,1,-1,1,0,0,0,-1,1,0,0,0,0,0,0,-1,0,0,0,0,-1,0,0,0,0,0,0,0,1,0,0,0,0","0.03997824313298885,0.03535490889311939,0.011150394343214578,0.028555887952134894,0.011150394343214578,0.011150394343214578,0.04079412564590699,0.015501767745444655,0.011150394343214578,0.04188196899646451,0,0.010878433505575198,0.04188196899646451,0.011150394343214578,0.011150394343214578,0.010878433505575198,0.011150394343214578,0,0,0,0.04079412564590699,0.011150394343214578,0.03753059559423443,0,0,0.011150394343214578,0.06418275768289367,0.010878433505575198,0.010878433505575198,0.03753059559423443,0.036442752243676914,0,0.08512374218112592,0.011150394343214578,0.028283927114495514,0.028283927114495514,0,0.011150394343214578,0.047321185749252107,0.010878433505575198,0.011150394343214578,0.011150394343214578,0.03535490889311939,0.011150394343214578,0,0.04079412564590699,0.014141963557247757,0.011150394343214578,0.03861843894479195",-1
"0,0,0,0,0,0,0,0,0,0,1,0,0,0,0,0,0,1,-1,1,0,0,0,-1,1,0,0,0,0,0,0,-1,-1,0,0,0,-1,0,0,0,0,0,0,0,1,0,0,0,0","0.013338139870223503,0.013338139870223503,0.08147080028839221,0.08795962509012256,0.013338139870223503,0.013338139870223503,0.08795962509012256,0.013338139870223503,0.013338139870223503,0.013338139870223503,0,0.013338139870223503,0.013338139870223503,0.013338139870223503,0.013338139870223503,0.013338139870223503,0.013338139870223503,0,0,0,0.013338139870223503,0.08399423215573179,0.09300648882480173,0,0,0.013338139870223503,0.013338139870223503,0.013338139870223503,0.013338139870223503,0.013338139870223503,0.013338139870223503,0,0,0.013338139870223503,0.013338139870223503,0.013338139870223503,0,0.013338139870223503,0.013338139870223503,0.013338139870223503,0.013338139870223503,0.013338139870223503,0.013338139870223503,0.013338139870223503,0,0.013338139870223503,0.1254506128334535,0.013338139870223503,0.013338139870223503",1
"0,0,0,0,0,0,0,0,0,0,1,0,0,0,0,0,0,1,-1,1,0,0,0,-1,1,0,0,0,0,0,0,-1,-1,0,0,0,-1,0,0,0,0,0,0,0,1,0,1,0,0","0.05444839857651246,0.004626334519572953,0.004626334519572953,0.046263345195729534,0.00498220640569395,0.04804270462633452,0.004626334519572953,0.046263345195729534,0.00498220640569395,0.055871886120996445,0,0.00498220640569395,0.046263345195729534,0.00498220640569395,0.00498220640569395,0.00498220640569395,0.0501779359430605,0,0,0,0.05658362989323843,0.00498220640569395,0.00498220640569395,0,0,0.00498220640569395,0.00498220640569395,0.05800711743772242,0.00498220640569395,0.004626334519572953,0.004626334519572953,0,0,0.05516014234875445,0.049466192170818504,0.04875444839857651,0,0.00498220640569395,0.004626334519572953,0.049466192170818504,0.08256227758007118,0.049466192170818504,0.00498220640569395,0.00498220640569395,0,0.049466192170818504,0,0.004626334519572953,0.051601423487544484",-1
"0,0,0,0,0,0,0,0,0,0,1,0,0,0,0,0,0,1,-1,1,0,0,0,-1,1,0,0,0,0,0,0,-1,-1,0,0,0,-1,0,0,0,-1,0,0,0,1,0,1,0,0","0.024489795918367346,0.014842300556586271,0.014842300556586271,0.016697588126159554,0.014471243042671614,0.014842300556586271,0.016697588126159554,0.08311688311688312,0.016697588126159554,0.014842300556586271,0,0.08163265306122448,0.014471243042671614,0.014471243042671614,0.014842300556586271,0.014471243042671614,0.014842300556586271,0,0,0,0.014471243042671614,0.014842300556586271,0.014471243042671614,0,0,0.014471243042671614,0.016697588126159554,0.014471243042671614,0.014471243042671614,0.014842300556586271,0.09461966604823747,0,0,0.018923933209647494,0.033024118738404454,0.016697588126159554,0,0.014471243042671614,0.016697588126159554,0.14805194805194805,0,0.07755102040816327,0.014842300556586271,0.014471243042671614,0,0.014471243042671614,0,0.014471243042671614,0.016697588126159554",1
"0,0,0,0,0,0,0,0,0,0,1,0,0,0,0,0,0,1,-1,1,0,0,0,-1,1,0,0,0,0,0,0,-1,-1,0,0,0,-1,0,0,1,-1,0,0,0,1,0,1,0,0","0.010129235068110374,0.010129235068110374,0.010129235068110374,0.06356968215158924,0.010129235068110374,0.06356968215158924,0.010129235068110374,0.010129235068110374,0.010129235068110374,0.010129235068110374,0,0.010129235068110374,0.06461753405518687,0.010129235068110374,0.010129235068110374,0.010129235068110374,0.010129235068110374,0,0,0,0.010129235068110374,0.010129235068110374,0.010129235068110374,0,0,0.010129235068110374,0.16241704505763185,0.010129235068110374,0.010129235068110374,0.010129235068110374,0.010129235068110374,0,0,0.010129235068110374,0.06252183024799161,0.010129235068110374,0,0.06811037373384561,0.010129235068110374,0,0,0.10478519035976248,0.061124694376528114,0.010129235068110374,0,0.010129235068110374,0,0.010129235068110374,0.07579462102689487",-1
"0,0,0,0,0,0,0,0,0,0,1,0,0,0,0,0,0,1,-1,1,0,0,0,-1,1,0,-1,0,0,0,0,-1,-1,0,0,0,-1,0,0,1,-1,0,0,0,1,0,1,0,0","0.013993174061433447,0.011945392491467578,0.011945392491467578,0.011945392491467578,0.011945392491467578,0.011945392491467578,0.06996587030716724,0.011945392491467578,0.011945392491467578,0.011945392491467578,0,0.029351535836177476,0.011945392491467578,0.011945392491467578,0.02354948805460751,0.011945392491467578,0.08088737201365187,0,0,0,0.011945392491467578,0.0310580204778157,0.08088737201365187,0,0,0.07849829351535836,0,0.041979522184300344,0.030716723549488054,0.011945392491467578,0.011945392491467578,0,0,0.03378839590443686,0.013993174061433447,0.07474402730375426,0,0.011945392491467578,0.07610921501706484,0,0,0.0174061433447099,0.07610921501706484,0.011945392491467578,0,0.011945392491467578,0,0.011945392491467578,0.011945392491467578",1
"0,0,0,0,0,0,0,0,0,0,1,0,0,0,0,0,1,1,-1,1,0,0,0,-1,1,0,-1,0,0,0,0,-1,-1,0,0,0,-1,0,0,1,-1,0,0,0,1,0,1,0,0","0.0029596744358120607,0.03773584905660377,0.0029596744358120607,0.03736588975212726,0.0029596744358120607,0.0029596744358120607,0.03958564557898631,0.0029596744358120607,0.0029596744358120607,0.03773584905660377,0,0.0029596744358120607,0.040325564187939325,0.0029596744358120607,0.0029596744358120607,0.0029596744358120607,0,0,0,0,0.040695523492415835,0.0029596744358120607,0.03847576766555679,0,0,0.0029596744358120607,0,0.0392156862745098,0.0029596744358120607,0.0029596744358120607,0.033296337402885685,0,0,0.040695523492415835,0.0029596744358120607,0.040695523492415835,0,0.33814280429152793,0.03847576766555679,0,0,0.03773584905660377,0.03773584905660377,0.0029596744358120607,0,0.03551609322974473,0,0.0029596744358120607,0.03625601183869774",-1
"0,0,0,0,0,0,0,0,0,0,1,0,0,0,0,0,1,1,-1,1,0,0,0,-1,1,0,-1,0,0,0,0,-1,-1,0,0,0,-1,-1,0,1,-1,0,0,0,1,0,1,0,0","0.03194321206743567,0.025140490979000295,0.03845016267376516,0.027802425317953267,0.03194321206743567,0.022182786157941437,0.012718130730553091,0.03194321206743567,0.012718130730553091,0.022182786157941437,0,0.026619343389529725,0.023661638568470866,0.029281277728482696,0.012718130730553091,0.03845016267376516,0,0,0,0,0.0396332446021887,0.03578822833481218,0.029281277728482696,0,0,0.033126293995859216,0,0.03578822833481218,0.03578822833481218,0.033126293995859216,0.03194321206743567,0,0,0.029281277728482696,0.01922508133688258,0.023661638568470866,0,0,0.014492753623188406,0,0,0.07246376811594203,0.027802425317953267,0.027802425317953267,0,0.026323572907423837,0,0.027802425317953267,0.0689145223306714",1
"0,0,0,0,0,0,0,0,0,0,1,0,0,0,0,0,1,1,-1,1,0,0,0,-1,1,0,-1,0,0,0,0,-1,-1,0,0,0,-1,-1,0,1,-1,1,0,0,1,0,1,0,0","0.002948765204570586,0.03391079985256174,0.002948765204570586,0.03796535200884629,0.03612237375598968,0.03870254330998894,0.002948765204570586,0.002948765204570586,0.03722816070770365,0.002948765204570586,0,0.03243641725027645,0.002948765204570586,0.002948765204570586,0.03501658680427571,0.002948765204570586,0,0,0,0,0.03722816070770365,0.002948765204570586,0.002948765204570586,0,0,0.002948765204570586,0,0.03870254330998894,0.002948765204570586,0.002948765204570586,0.033542204201990417,0,0,0.03870254330998894,0.03722816070770365,0.33357906376704755,0,0,0.03870254330998894,0,0,0,0.002948765204570586,0.03501658680427571,0,0.03870254330998894,0,0.03796535200884629,0.03796535200884629",-1
"0,0,0,0,0,0,0,0,0,0,1,0,0,0,0,0,1,1,-1,1,0,0,0,-1,1,0,-1,0,0,0,0,-1,-1,0,0,-1,-1,-1,0,1,-1,1,0,0,1,0,1,0,0","0.03260225251926497,0.02845287492590397,0.021636040308239478,0.024007113218731477,0.036455245998814466,0.021636040308239478,0.026081802015411975,0.03852993479549496,0.021636040308239478,0.024007113218731477,0,0.024007113218731477,0.026081802015411975,0.03467694131594547,0.02845287492590397,0.08061647895672792,0,0,0,0,0.04238292827504446,0.021636040308239478,0.03052756372258447,0,0,0.08861885002963842,0,0.03260225251926497,0.021636040308239478,0.03260225251926497,0.03467694131594547,0,0,0.02845287492590397,0.03052756372258447,0,0,0,0.03260225251926497,0,0,0,0.03260225251926497,0.021636040308239478,0,0.03260225251926497,0,0.026378186129223474,0.021636040308239478",1
"0,0,0,0,0,0,0,0,0,0,1,0,0,0,0,0,1,1,-1,1,0,0,0,-1,1,1,-1,0,0,0,0,-1,-1,0,0,-1,-1,-1,0,1,-1,1,0,0,1,0,1,0,0","0.021307331166486095,0.02311303719754424,0.001444564824846515,0.02311303719754424,0.019140483929216325,0.021668472372697724,0.023835319609967497,0.01805706031058144,0.001444564824846515,0.023835319609967497,0,0.001444564824846515,0.001444564824846515,0.001444564824846515,0.01950162513542795,0.01805706031058144,0,0,0,0,0.18309859154929578,0.001444564824846515,0.023474178403755867,0,0,0,0,0.18273745034308414,0.02311303719754424,0.02275189599133261,0.023474178403755867,0,0,0.18309859154929578,0.023835319609967497,0,0,0,0.021307331166486095,0,0,0,0.02275189599133261,0.022029613578909354,0,0.001444564824846515,0,0.02275189599133261,0.023835319609967497",-1
"0,0,0,0,0,0,0,0,0,0,0,0,0,0,0,0,0,0,0,0,0,0,0,0,0,0,0,0,0,0,0,0,0,0,0,0,0,0,0,0,0,0,0,0,0,0,0,0,0","0.026519787841697267,0.028151774785801713,0.022439820481436147,0.0012239902080783353,0.028559771521827825,0.025703794369645042,0.024887800897592818,0.0012239902080783353,0.02937576499388005,0.0012239902080783353,0.0012239902080783353,0.026519787841697267,0.0012239902080783353,0.02529579763361893,0.0012239902080783353,0.025703794369645042,0.03019175846593227,0.022031823745410038,0.026519787841697267,0.03019175846593227,0.0012239902080783353,0.024887800897592818,0.028967768257853937,0.0012239902080783353,0.026111791105671155,0.0012239902080783353,0.023255813953488372,0.03019175846593227,0.02529579763361893,0.025703794369645042,0.028559771521827825,0.02733578131374949,0.02284781721746226,0.02529579763361893,0.024887800897592818,0.026111791105671155,0.031415748674010605,0.03019175846593227,0.024071807425540596,0.0012239902080783353,0.02447980416156671,0.03223174214606283,0.0012239902080783353,0.023663810689514484,0.02733578131374949,0.02529579763361893,0.02447980416156671,0.0012239902080783353,0.030599755201958383",-1
"0,0,0,0,0,0,0,0,0,0,0,0,0,0,0,0,0,0,0,0,0,0,0,0,0,0,0,0,0,0,0,0,0,0,0,0,0,0,0,0,0,-1,0,0,0,0,0,0,0","0.008297115764519953,0.008297115764519953,0.008297115764519953,0.008297115764519953,0.008297115764519953,0.008297115764519953,0.008297115764519953,0.008297115764519953,0.008297115764519953,0.008297115764519953,0.09284867641248519,0.008297115764519953,0.008297115764519953,0.07941525088897669,0.008297115764519953,0.008297115764519953,0.008297115764519953,0.008297115764519953,0.008297115764519953,0.008297115764519953,0.0825760568945081,0.08850256815487949,0.008297115764519953,0.008297115764519953,0.008297115764519953,0.07625444488344528,0.008297115764519953,0.008297115764519953,0.008297115764519953,0.08889766890557092,0.008297115764519953,0.07309363887791387,0.008297115764519953,0.008297115764519953,0.008297115764519953,0.008297115764519953,0.008297115764519953,0.008297115764519953,0.008297115764519953,0.008297115764519953,0.008297115764519953,0,0.08652706440142237,0.008297115764519953,0.008297115764519953,0.008297115764519953,0.008297115764519953,0.008297115764519953,0.008297115764519953",1
"0,0,0,0,0,0,0,0,0,0,1,0,0,0,0,0,0,0,0,0,0,0,0,0,0,0,0,0,0,0,0,0,0,0,0,0,0,0,0,0,0,-1,0,0,0,0,0,0,0","0.04575892857142857,0.0033482142857142855,0.0033482142857142855,0.044642857142857144,0.05505952380952381,0.0033482142857142855,0.0033482142857142855,0.0033482142857142855,0.0033482142857142855,0.0033482142857142855,0,0.0033482142857142855,0.04873511904761905,0.04092261904761905,0.0033482142857142855,0.0033482142857142855,0.05282738095238095,0.0033482142857142855,0.0033482142857142855,0.0033482142857142855,0.041294642857142856,0.0033482142857142855,0.0033482142857142855,0.056919642857142856,0.043154761904761904,0.0033482142857142855,0.0033482142857142855,0.0033482142857142855,0.0033482142857142855,0.049107142857142856,0.04799107142857143,0.050967261904761904,0.046875,0.0033482142857142855,0.0033482142857142855,0.04575892857142857,0.04873511904761905,0.0033482142857142855,0.050595238095238096,0.0033482142857142855,0.044270833333333336,0,0.0033482142857142855,0.04575892857142857,0.046875,0.0033482142857142855,0.0033482142857142855,0.0033482142857142855,0.0033482142857142855",-1
"0,0,0,0,0,0,0,0,0,0,1,0,0,0,0,0,0,0,0,0,0,0,0,-1,0,0,0,0,0,0,0,0,0,0,0,0,0,0,0,0,0,-1,0,0,0,0,0,0,0","0.009205983889528193,0.009205983889528193,0.009205983889528193,0.009205983889528193,0.07671653241273495,0.009205983889528193,0.09167625623321826,0.009205983889528193,0.07326428845416187,0.009205983889528193,0,0.009205983889528193,0.009205983889528193,0.07978519370924435,0.009205983889528193,0.009205983889528193,0.009205983889528193,0.009205983889528193,0.08745684695051784,0.009205983889528193,0.009205983889528193,0.009205983889528193,0.009205983889528193,0,0.009205983889528193,0.009205983889528193,0.009205983889528193,0.07633294975067127,0.009205983889528193,0.009205983889528193,0.009205983889528193,0.009205983889528193,0.009205983889528193,0.009205983889528193,0.08400460299194476,0.009205983889528193,0.009205983889528193,0.009205983889528193,0.009205983889528193,0.009205983889528193,0.009205983889528193,0,0.009205983889528193,0.08093594169543536,0.009205983889528193,0.009205983889528193,0.009205983889528193,0.009205983889528193,0.009205983889528193",1
"0,0,0,0,0,0,1,0,0,0,1,0,0,0,0,0,0,0,0,0,0,0,0,-1,0,0,0,0,0,0,0,0,0,0,0,0,0,0,0,0,0,-1,0,0,0,0,0,0,0","0.002969561989606533,0.05085374907201188,0.04602821083890126,0.002969561989606533,0.002969561989606533,0.002969561989606533,0,0.002969561989606533,0.04714179658500371,0.002969561989606533,0,0.002969561989606533,0.002969561989606533,0.04862657757980698,0.002969561989606533,0.002969561989606533,0.002969561989606533,0.002969561989606533,0.04714179658500371,0.04974016332590943,0.047512991833704527,0.002969561989606533,0.043429844097995544,0,0.044543429844097995,0.002969561989606533,0.047512991833704527,0.002969561989606533,0.038604305864884926,0.002969561989606533,0.002969561989606533,0.002969561989606533,0.049368968077208614,0.04417223459539718,0.002969561989606533,0.04862657757980698,0.046399406087602076,0.002969561989606533,0.04899777282850779,0.04417223459539718,0.002969561989606533,0,0.043429844097995544,0.04305864884929473,0.002969561989606533,0.002969561989606533,0.002969561989606533,0.002969561989606533,0.046399406087602076",-1
"0,-1,0,0,0,0,1,0,0,0,1,0,0,0,0,0,0,0,0,0,0,0,0,-1,0,0,0,0,0,0,0,0,0,0,0,0,0,0,0,0,0,-1,0,0,0,0,0,0,0","0.004242190512919399,0,0.004242190512919399,0.051291939838025456,0.004242190512919399,0.004242190512919399,0,0.004242190512919399,0.004242190512919399,0.004242190512919399,0,0.004242190512919399,0.05861935981488623,0.44928654068646356,0.004242190512919399,0.004242190512919399,0.05861935981488623,0.004242190512919399,0.05861935981488623,0.004242190512919399,0.004242190512919399,0.004242190512919399,0.004242190512919399,0,0.004242190512919399,0.004242190512919399,0.004242190512919399,0.004242190512919399,0.004242190512919399,0.004242190512919399,0.004242190512919399,0.054377169301966836,0.004242190512919399,0.004242190512919399,0.004242190512919399,0.004242190512919399,0.004242190512919399,0.05861935981488623,0.004242190512919399,0.004242190512919399,0.004242190512919399,0,0.004242190512919399,0.004242190512919399,0.057848052448900886,0.004242190512919399,0.004242190512919399,0.004242190512919399,0.004242190512919399",1
"0,-1,0,0,0,0,1,0,0,0,1,0,0,1,0,0,0,0,0,0,0,0,0,-1,0,0,0,0,0,0,0,0,0,0,0,0,0,0,0,0,0,-1,0,0,0,0,0,0,0","0.011871893981225842,0,0.01684152401987852,0.012147984538928768,0.011871893981225842,0.011871893981225842,0,0.011871893981225842,0.011871893981225842,0.011871893981225842,0,0.011871893981225842,0.013528437327443401,0,0.04362230811706239,0.012147984538928768,0.011871893981225842,0.011871893981225842,0.012147984538928768,0.012147984538928768,0.1195472114853672,0.03395913859745997,0.011871893981225842,0,0.011871893981225842,0.03506350082827167,0.011871893981225842,0.011871893981225842,0.012147984538928768,0.012147984538928768,0.011871893981225842,0.011871893981225842,0.04362230811706239,0.011871893981225842,0.013528437327443401,0.07509663169519602,0.011871893981225842,0.011871893981225842,0.11126449475427941,0.012147984538928768,0.0447266703478741,0,0.012147984538928768,0.011871893981225842,0.025124240750966316,0.011871893981225842,0.03395913859745997,0.04362230811706239,0.011871893981225842",-1
"0,-1,0,0,0,0,1,0,0,0,1,0,0,1,0,0,0,0,0,0,-1,0,0,-1,0,0,0,0,0,0,0,0,0,0,0,0,0,0,0,0,0,-1,0,0,0,0,0,0,0","0.002767208578346593,0,0.03770321687997233,0.03251470079557247,0.041508128675198895,0.041508128675198895,0,0.002767208578346593,0.002767208578346593,0.002767208578346593,0,0.041508128675198895,0.043237634036665515,0,0.002767208578346593,0.036665513663092356,0.002767208578346593,0.048080249048772054,0.002767208578346593,0.3517813905223106,0,0.002767208578346593,0.002767208578346593,0,0.03770321687997233,0.002767208578346593,0.002767208578346593,0.002767208578346593,0.002767208578346593,0.002767208578346593,0.002767208578346593,0.03908682116914562,0.002767208578346593,0.03631961259079903,0.033552404012452436,0.002767208578346593,0.002767208578346593,0.002767208578346593,0.002767208578346593,0.002767208578346593,0.03908682116914562,0,0.002767208578346593,0.002767208578346593,0.036665513663092356,0.002767208578346593,0.002767208578346593,0.002767208578346593,0.03113109650639917",1
"0,-1,0,0,0,0,1,0,0,0,1,0,0,1,0,0,0,0,0,1,-1,0,0,-1,0,0,0,0,0,0,0,0,0,0,0,0,0,0,0,0,0,-1,0,0,0,0,0,0,0","0.014384349827387802,0,0.029344073647871116,0.02474108170310702,0.014384349827387802,0.014384349827387802,0,0.014384349827387802,0.014384349827387802,0.016398158803222096,0,0.02761795166858458,0.01812428078250863,0,0.014384349827387802,0.014384349827387802,0.016398158803222096,0.014384349827387802,0.014384349827387802,0,0,0.016398158803222096,0.016398158803222096,0,0.08688147295742232,0.030782508630609898,0.029344073647871116,0.01812428078250863,0.014384349827387802,0.0261795166858458,0.016398158803222096,0.027905638665132335,0.0379746835443038,0.014384349827387802,0.02761795166858458,0.023014959723820484,0.016398158803222096,0.014384349827387802,0.03653624856156502,0.01812428078250863,0.03222094361334868,0,0.016398158803222096,0.030782508630609898,0.03222094361334868,0.08688147295742232,0.030782508630609898,0.023014959723820484,0.014384349827387802",-1
"0,-1,0,0,0,0,1,0,0,0,1,0,0,1,0,0,0,0,0,1,-1,0,0,-1,-1,0,0,0,0,0,0,0,0,0,0,0,0,0,0,0,0,-1,0,0,0,0,0,0,0","0.03548153511947864,0,0.0018102824040550326,0.031136857349746562,0.029688631426502535,0.05394641564083997,0,0.0018102824040550326,0.036929761042722664,0.026430123099203475,0,0.0018102824040550326,0.0333091962346126,0,0.03294713975380159,0.0018102824040550326,0.035843591600289645,0.0018102824040550326,0.03729181752353367,0,0,0.0018102824040550326,0.05394641564083997,0,0,0.036929761042722664,0.0018102824040550326,0.0018102824040550326,0.0018102824040550326,0.03475742215785663,0.036567704561911656,0.0333091962346126,0.03729181752353367,0.0018102824040550326,0.03475742215785663,0.035843591600289645,0.03439536567704562,0.0018102824040550326,0.0018102824040550326,0.036929761042722664,0.03367125271542361,0,0.03729181752353367,0.036567704561911656,0.03439536567704562,0.036567704561911656,0.0018102824040550326,0.03475742215785663,0.03548153511947864",1
"0,-1,0,0,0,1,1,0,0,0,1,0,0,1,0,0,0,0,0,1,-1,0,0,-1,-1,0,0,0,0,0,0,0,0,0,0,0,0,0,0,0,0,-1,0,0,0,0,0,0,0","0.014942528735632184,0,0.06590038314176246,0.014942528735632184,0.014942528735632184,0,0,0.014942528735632184,0.014559386973180077,0.022988505747126436,0,0.014942528735632184,0.014942528735632184,0,0.014942528735632184,0.05172413793103448,0.014942528735632184,0.06628352490421456,0.014942528735632184,0,0,0.04904214559386973,0.014942528735632184,0,0,0.04865900383141762,0.014559386973180077,0.014942528735632184,0.014942528735632184,0.014559386973180077,0.014559386973180077,0.014942528735632184,0.014942528735632184,0.04367816091954023,0.014942528735632184,0.014942528735632184,0.014942528735632184,0.014559386973180077,0.1053639846743295,0.050191570881226055,0.022605363984674328,0,0.014942528735632184,0.014942528735632184,0.014559386973180077,0.014559386973180077,0.057854406130268196,0.014942528735632184,0.014942528735632184",-1
"0,-1,0,0,0,1,1,0,0,0,1,0,0,1,0,0,0,0,0,1,-1,0,0,-1,-1,0,0,0,0,0,0,0,0,0,0,0,0,0,-1,0,0,-1,0,0,0,0,0,0,0","0.0014614541468761417,0,0.0014614541468761417,0.0014614541468761417,0.0014614541468761417,0,0,0.02557544757033248,0.018998903909389842,0.0014614541468761417,0,0.018633540372670808,0.018998903909389842,0,0.023017902813299233,0.0014614541468761417,0.023748629886737302,0.0014614541468761417,0.021921812203142127,0,0,0.02411399342345634,0.0014614541468761417,0,0,0.0014614541468761417,0.0014614541468761417,0.0014614541468761417,0.0014614541468761417,0.0226525392765802,0.0014614541468761417,0.029959810010960906,0.025940811107051515,0.02228717573986116,0.021556448666423093,0.023017902813299233,0.023748629886737302,0.0014614541468761417,0,0.5345268542199488,0.023748629886737302,0,0.0014614541468761417,0.02411399342345634,0.018633540372670808,0.0014614541468761417,0.0014614541468761417,0.028498355864084765,0.0014614541468761417",1
"0,-1,0,0,0,1,1,0,0,0,1,0,0,1,0,0,0,0,0,1,-1,0,0,-1,-1,0,0,0,0,0,0,0,0,0,0,0,0,0,-1,1,0,-1,0,0,0,0,0,0,0","0.009424350483953133,0,0.009169638308711156,0.009424350483953133,0.009424350483953133,0,0,0.009169638308711156,0.009169638308711156,0.009169638308711156,0,0.009424350483953133,0.009424350483953133,0,0.009424350483953133,0.03871625063678044,0.009424350483953133,0.009424350483953133,0.009169638308711156,0,0,0.009424350483953133,0.009169638308711156,0,0,0.009424350483953133,0.009424350483953133,0.009169638308711156,0.009424350483953133,0.009169638308711156,0.03769740193581253,0.03132959755476312,0.009169638308711156,0.009424350483953133,0.009424350483953133,0.009169638308711156,0.009169638308711156,0.009169638308711156,0,0,0.020631686194600103,0,0.009169638308711156,0.024197656647987772,0.009424350483953133,0.5560366785532348,0.009424350483953133,0.009169638308711156,0.012226184411614875",-1
"0,-1,0,0,0,1,1,0,0,0,1,0,0,1,0,0,0,0,0,1,-1,0,0,-1,-1,0,0,0,0,0,0,0,0,0,0,0,0,0,-1,1,0,-1,0,0,0,-1,0,0,0","0.007531740908112761,0,0.007531740908112761,0.007531740908112761,0.007531740908112761,0,0,0.007531740908112761,0.007531740908112761,0.007531740908112761,0,0.007531740908112761,0.007531740908112761,0,0.007531740908112761,0.007531740908112761,0.007531740908112761,0.007531740908112761,0.007531740908112761,0,0,0.04970948999354422,0.007531740908112761,0,0,0.007531740908112761,0.04906391220142027,0.007531740908112761,0.04820314181192167,0.007531740908112761,0.007531740908112761,0.007531740908112761,0.007531740908112761,0.007531740908112761,0.007531740908112761,0.007531740908112761,0.007531740908112761,0.007531740908112761,0,0,0.007531740908112761,0,0.007531740908112761,0.007531740908112761,0.6120077469335055,0,0.007531740908112761,0.007531740908112761,0.007531740908112761",1
"0,-1,0,0,0,1,1,0,0,0,1,0,0,1,0,0,0,0,0,1,-1,0,0,-1,-1,0,0,0,0,0,0,0,0,0,0,0,0,0,-1,1,0,-1,0,0,1,-1,0,0,0","0.0241100018835939,0,0.04030890939913355,0.02750047089847429,0.02618195517046525,0,0,0.02335656432473159,0.006592578640045206,0.021284611037860238,0,0.0067809380297607835,0.024863439442456208,0,0.0067809380297607835,0.026935392729327556,0.006592578640045206,0.0067809380297607835,0.01902429836127331,0,0,0.036918440384253154,0.02542851761160294,0,0,0.008664531926916557,0.045771331700885286,0.0241100018835939,0.034846487097381806,0.006592578640045206,0.010359766434356753,0.23375400263703144,0.02260312676586928,0.02335656432473159,0.027877189677905444,0.020531173478997928,0.02618195517046525,0.026935392729327556,0,0,0.028253908457336597,0,0.025805236391034093,0.006592578640045206,0,0,0.0647956300621586,0.026935392729327556,0.006592578640045206",-1
"0,-1,0,0,0,1,1,0,0,0,1,0,0,1,0,0,0,0,0,1,-1,0,0,-1,-1,0,0,0,0,0,0,-1,0,0,0,0,0,0,-1,1,0,-1,0,0,1,-1,0,0,0","0.00566495818721338,0,0.00566495818721338,0.00566495818721338,0.00566495818721338,0,0,0.00566495818721338,0.00566495818721338,0.00566495818721338,0,0.00566495818721338,0.00566495818721338,0,0.00566495818721338,0.00566495818721338,0.00566495818721338,0.00566495818721338,0.00566495818721338,0,0,0.04612894523873752,0.00566495818721338,0,0,0.00566495818721338,0.04181278661990828,0.00566495818721338,0.0439708659293229,0.00566495818721338,0.00566495818721338,0,0.00566495818721338,0.00566495818721338,0.00566495818721338,0.00566495818721338,0.00566495818721338,0.00566495818721338,0,0,0.00566495818721338,0,0.00566495818721338,0.00566495818721338,0,0,0.6981386565956299,0.00566495818721338,0.00566495818721338",1
"0,-1,0,0,0,1,1,0,0,0,1,0,0,1,0,0,0,0,0,1,-1,0,0,-1,-1,0,0,0,0,0,0,-1,0,0,0,0,0,0,-1,1,0,-1,0,0,1,-1,1,0,0","0.004549950544015826,0,0.004549950544015826,0.004549950544015826,0.004549950544015826,0,0,0.004549950544015826,0.004549950544015826,0.004549950544015826,0,0.004549950544015826,0.004549950544015826,0,0.004549950544015826,0.004549950544015826,0.004549950544015826,0.004549950544015826,0.004549950544015826,0,0,0.004549950544015826,0.004549950544015826,0,0,0.004549950544015826,0.8544015825914936,0.004549950544015826,0.004549950544015826,0.004549950544015826,0.004549950544015826,0,0.004549950544015826,0.004549950544015826,0.004549950544015826,0.004549950544015826,0.004549950544015826,0.004549950544015826,0,0,0.004549950544015826,0,0.004549950544015826,0.004549950544015826,0,0,0,0.004549950544015826,0.004549950544015826",-1
"0,-1,0,0,0,1,1,0,0,0,1,0,0,1,0,0,0,0,0,1,-1,0,0,-1,-1,0,-1,0,0,0,0,-1,0,0,0,0,0,0,-1,1,0,-1,0,0,1,-1,1,0,0","0.016354795933402094,0,0.015176071902165906,0.012818623839693531,0.016354795933402094,0,0,0.024753204655959923,0.023869161632532783,0.015176071902165906,0,0.025784588183291587,0.01974362752320613,0,0.01753351996463828,0.024753204655959923,0.01399734787092972,0.024753204655959923,0.01753351996463828,0,0,0.1697362604980109,0.01399734787092972,0,0,0.1161043170767644,0,0.01856490349196994,0.029615441284809193,0.055400029468100784,0.05878886105790482,0,0.0536319434212465,0.01753351996463828,0.01399734787092972,0.020775011050537792,0.022837778105201118,0.023869161632532783,0,0,0.01399734787092972,0,0.015176071902165906,0.01974362752320613,0,0,0,0.0536319434212465,0.01399734787092972",1
"0,-1,0,0,0,1,1,0,0,0,1,0,0,1,0,0,0,0,0,1,-1,1,0,-1,-1,0,-1,0,0,0,0,-1,0,0,0,0,0,0,-1,1,0,-1,0,0,1,-1,1,0,0","0.03811101905550953,0,0.004418668876001105,0.004418668876001105,0.033692350179508425,0,0,0.004418668876001105,0.40817453742060206,0.004418668876001105,0,0.0347970173985087,0.004418668876001105,0,0.004418668876001105,0.036177851422259044,0.0579950289975145,0.004418668876001105,0.004418668876001105,0,0,0,0.04114885390776029,0,0,0.004418668876001105,0,0.037282518641259324,0.04059652029826015,0.004418668876001105,0.03866335266500966,0,0.004418668876001105,0.004418668876001105,0.004418668876001105,0.04114885390776029,0.004418668876001105,0.04114885390776029,0,0,0.037282518641259324,0,0.004418668876001105,0.004418668876001105,0,0,0,0.03866335266500966,0.004418668876001105",-1
"0,-1,0,0,0,1,1,0,-1,0,1,0,0,1,0,0,0,0,0,1,-1,1,0,-1,-1,0,-1,0,0,0,0,-1,0,0,0,0,0,0,-1,1,0,-1,0,0,1,-1,1,0,0","0.007345491388044579,0,0.007345491388044579,0.007598784194528876,0.007345491388044579,0,0,0.018996960486322188,0,0.007345491388044579,0,0.04305977710233029,0.007598784194528876,0,0.007345491388044579,0.007345491388044579,0.007345491388044579,0.007345491388044579,0.007345491388044579,0,0,0,0.007345491388044579,0,0,0.6709726443768997,0,0.007345491388044579,0.007345491388044579,0.007345491388044579,0.007345491388044579,0,0.007345491388044579,0.007345491388044579,0.007345491388044579,0.030395136778115502,0.01165146909827761,0.007345491388044579,0,0,0.007345491388044579,0,0.007345491388044579,0.04812563323201621,0,0,0,0.007345491388044579,0.007345491388044579",1
"0,-1,0,0,0,1,1,0,-1,0,1,0,0,1,0,0,0,0,0,1,-1,1,0,-1,-1,1,-1,0,0,0,0,-1,0,0,0,0,0,0,-1,1,0,-1,0,0,1,-1,1,0,0","0.003125,0,0.003125,0.003125,0.003125,0,0,0.003125,0,0.003125,0,0.003125,0.003125,0,0.003125,0.003125,0.003125,0.003125,0.003125,0,0,0,0.0203125,0,0,0,0,0.003125,0.003125,0.003125,0.003125,0,0.8619140625,0.003125,0.003125,0.003125,0.0203125,0.003125,0,0,0.003125,0,0.0193359375,0.003125,0,0,0,0.003125,0.003125",-1
"0,-1,0,0,0,1,1,0,-1,0,1,0,0,1,0,0,0,0,0,1,-1,1,0,-1,-1,1,-1,0,0,0,0,-1,-1,0,0,0,0,0,-1,1,0,-1,0,0,1,-1,1,0,0","0.0214960058097313,0,0.028177196804647784,0.046332607116920846,0.0214960058097313,0,0,0.016557734204793027,0,0.04546114742193173,0,0.05214233841684822,0.02018881626724764,0,0.017719680464778505,0.0214960058097313,0.054901960784313725,0.022657952069716776,0.016557734204793027,0,0,0,0.019026870007262164,0,0,0,0,0.017719680464778505,0.028177196804647784,0.029339143064633262,0.02018881626724764,0,0,0.04546114742193173,0.015105301379811184,0.04546114742193173,0.17981118373275237,0.017719680464778505,0,0,0.0214960058097313,0,0.05403050108932462,0.05214233841684822,0,0,0,0.05403050108932462,0.015105301379811184",1
"0,-1,0,0,0,1,1,0,-1,0,1,0,0,1,0,0,0,0,0,1,-1,1,0,-1,-1,1,-1,0,0,0,0,-1,-1,0,0,0,1,0,-1,1,0,-1,0,0,1,-1,1,0,0","0.0010778765831312314,0,0.0010778765831312314,0.014281864726488817,0.0010778765831312314,0,0,0.010239827539746699,0,0.0010778765831312314,0,0.010239827539746699,0.010778765831312315,0,0.0010778765831312314,0.017246025330099703,0.01751549447588251,0.0010778765831312314,0.014820803018054433,0,0,0,0.01509027216383724,0,0,0,0,0.015359741309620048,0.8059822150363783,0.0010778765831312314,0.01266504985179197,0,0,0.0010778765831312314,0.0010778765831312314,0.0010778765831312314,0,0.016976556184316895,0,0,0.0010778765831312314,0,0.011856642414443546,0.0010778765831312314,0,0,0,0.0010778765831312314,0.012934518997574777",-1
"0,-1,0,0,0,1,1,0,-1,0,1,0,0,1,0,0,0,0,0,1,-1,1,0,-1,-1,1,-1,0,-1,0,0,-1,-1,0,0,0,1,0,-1,1,0,-1,0,0,1,-1,1,0,0","0.0384263494967978,0,0.0384263494967978,0.0384263494967978,0.038609332113449225,0,0,0.0384263494967978,0,0.0384263494967978,0,0.0384263494967978,0.0384263494967978,0,0.0384263494967978,0.0384263494967978,0.0384263494967978,0.0384263494967978,0.0384263494967978,0,0,0,0.0384263494967978,0,0,0,0,0.038609332113449225,0,0.038609332113449225,0.038609332113449225,0,0,0.0384263494967978,0.0384263494967978,0.0384263494967978,0,0.0384263494967978,0,0,0.0384263494967978,0,0.0384263494967978,0.038609332113449225,0,0,0,0.0384263494967978,0.0384263494967978",1
"0,-1,0,0,1,1,1,0,-1,0,1,0,0,1,0,0,0,0,0,1,-1,1,0,-1,-1,1,-1,0,-1,0,0,-1,-1,0,0,0,1,0,-1,1,0,-1,0,0,1,-1,1,0,0","0.04802680565897245,0,0.04802680565897245,0.0193596425912137,0,0,0,0.04802680565897245,0,0.0193596425912137,0,0.04802680565897245,0.04802680565897245,0,0.04802680565897245,0.04802680565897245,0.0193596425912137,0.04802680565897245,0.04802680565897245,0,0,0,0.04802680565897245,0,0,0,0,0.0193596425912137,0,0.04802680565897245,0.04802680565897245,0,0,0.0193596425912137,0.0193596425912137,0.04802680565897245,0,0.04802680565897245,0,0,0.04802680565897245,0,0.0189873417721519,0.04839910647803425,0,0,0,0.04802680565897245,0.04802680565897245",-1
"0,-1,0,0,1,1,1,0,-1,0,1,0,0,1,0,0,0,0,0,1,-1,1,0,-1,-1,1,-1,0,-1,0,0,-1,-1,0,0,0,1,0,-1,1,0,-1,0,-1,1,-1,1,0,0","0.04144282425172678,0,0.04182655410590944,0.04144282425172678,0,0,0,0.04182655410590944,0,0.04144282425172678,0,0.04182655410590944,0.04182655410590944,0,0.04182655410590944,0.04144282425172678,0.04182655410590944,0.04144282425172678,0.04182655410590944,0,0,0,0.04144282425172678,0,0,0,0,0.04182655410590944,0,0.04182655410590944,0.04144282425172678,0,0,0.04144282425172678,0.04182655410590944,0.04144282425172678,0,0.04182655410590944,0,0,0.04182655410590944,0,0.04144282425172678,0,0,0,0,0.04182655410590944,0.04182655410590944",1
"0,-1,1,0,1,1,1,0,-1,0,1,0,0,1,0,0,0,0,0,1,-1,1,0,-1,-1,1,-1,0,-1,0,0,-1,-1,0,0,0,1,0,-1,1,0,-1,0,-1,1,-1,1,0,0","0.04331013147718484,0,0,0.04331013147718484,0,0,0,0.04369682907965971,0,0.04331013147718484,0,0.04331013147718484,0.04369682907965971,0,0.04369682907965971,0.04331013147718484,0.04331013147718484,0.04369682907965971,0.04331013147718484,0,0,0,0.04331013147718484,0,0,0,0,0.04331013147718484,0,0.04369682907965971,0.04331013147718484,0,0,0.04369682907965971,0.04331013147718484,0.04369682907965971,0,0.04369682907965971,0,0,0.04331013147718484,0,0.04369682907965971,0,0,0,0,0.04331013147718484,0.04369682907965971",-1
"0,-1,1,0,1,1,1,-1,-1,0,1,0,0,1,0,0,0,0,0,1,-1,1,0,-1,-1,1,-1,0,-1,0,0,-1,-1,0,0,0,1,0,-1,1,0,-1,0,-1,1,-1,1,0,0","0.04515631030490158,0,0,0.04515631030490158,0,0,0,0,0,0.04515631030490158,0,0.04515631030490158,0.04515631030490158,0,0.04515631030490158,0.04515631030490158,0.04515631030490158,0.04515631030490158,0.04515631030490158,0,0,0,0.052875337707448865,0,0,0,0,0.04515631030490158,0,0.04515631030490158,0.04477035893477422,0,0,0.04515631030490158,0.04477035893477422,0.04515631030490158,0,0.04515631030490158,0,0,0.04515631030490158,0,0.04515631030490158,0,0,0,0,0.04477035893477422,0.04515631030490158",1
"0,-1,1,0,1,1,1,-1,-1,0,1,0,0,1,0,0,0,0,0,1,-1,1,1,-1,-1,1,-1,0,-1,0,0,-1,-1,0,0,0,1,0,-1,1,0,-1,0,-1,1,-1,1,0,0","0.06536697247706422,0,0,0.06536697247706422,0,0,0,0,0,0.0011467889908256881,0,0.06536697247706422,0.06498470948012232,0,0.06536697247706422,0.01643730886850153,0.06536697247706422,0.01643730886850153,0.017201834862385322,0,0,0,0,0,0,0,0,0.06536697247706422,0,0.06536697247706422,0.06498470948012232,0,0,0.0011467889908256881,0.06498470948012232,0.017201834862385322,0,0.06498470948012232,0,0,0.017201834862385322,0,0.06536697247706422,0,0,0,0,0.06498470948012232,0.06536697247706422",-1
"-1,-1,1,0,1,1,1,-1,-1,0,1,0,0,1,0,0,0,0,0,1,-1,1,1,-1,-1,1,-1,0,-1,0,0,-1,-1,0,0,0,1,0,-1,1,0,-1,0,-1,1,-1,1,0,0","0,0,0,0.031308940022632965,0,0,0,0,0,0.1033572236891739,0,0.03734439834024896,0.03734439834024896,0,0.03734439834024896,0.031308940022632965,0.11241041116559788,0.031308940022632965,0.03734439834024896,0,0,0,0,0,0,0,0,0.03734439834024896,0,0.11505092417955488,0.03734439834024896,0,0,0.0988306299509619,0.031308940022632965,0.03734439834024896,0,0.03734439834024896,0,0,0.04036212749905696,0,0.03734439834024896,0,0,0,0,0.03734439834024896,0.031308940022632965",1
"-1,-1,1,0,1,1,1,-1,-1,0,1,0,0,1,0,0,0,0,0,1,-1,1,1,-1,-1,1,-1,0,-1,1,0,-1,-1,0,0,0,1,0,-1,1,0,-1,0,-1,1,-1,1,0,0","0,0,0,0.15721464465183058,0,0,0,0,0,0.01256281407035176,0,0.0014357501794687725,0.0014357501794687725,0,0.0014357501794687725,0.010768126346015794,0.37150035893754485,0.01148600143575018,0.0014357501794687725,0,0,0,0,0,0,0,0,0.0014357501794687725,0,0,0.0014357501794687725,0,0,0.0014357501794687725,0.0014357501794687725,0.0014357501794687725,0,0.2699210337401292,0,0,0.0014357501794687725,0,0.0014357501794687725,0,0,0,0,0.0014357501794687725,0.14931801866475233",-1
"-1,-1,1,0,1,1,1,-1,-1,0,1,0,0,1,0,0,-1,0,0,1,-1,1,1,-1,-1,1,-1,0,-1,1,0,-1,-1,0,0,0,1,0,-1,1,0,-1,0,-1,1,-1,1,0,0","0,0,0,0.04236565254478249,0,0,0,0,0,0.1905032698322434,0,0.04577765140744953,0.04577765140744953,0,0.04577765140744953,0.04236565254478249,0,0.04236565254478249,0.04577765140744953,0,0,0,0,0,0,0,0,0.04577765140744953,0,0,0.045493318168893945,0,0,0.0952516349161217,0.04236565254478249,0.045493318168893945,0,0.045493318168893945,0,0,0.045493318168893945,0,0.04577765140744953,0,0,0,0,0.04577765140744953,0.04236565254478249",1
"-1,-1,1,0,1,1,1,-1,-1,1,1,0,0,1,0,0,-1,0,0,1,-1,1,1,-1,-1,1,-1,0,-1,1,0,-1,-1,0,0,0,1,0,-1,1,0,-1,0,-1,1,-1,1,0,0","0,0,0,0.012686330478908976,0,0,0,0,0,0,0,0.0012686330478908975,0.011417697431018078,0,0.0012686330478908975,0.8385664446558833,0,0.0012686330478908975,0.0012686330478908975,0,0,0,0,0,0,0,0,0.0012686330478908975,0,0,0.0012686330478908975,0,0,0.0012686330478908975,0.09800190294957184,0.0012686330478908975,0,0.013320647002854425,0,0,0.0012686330478908975,0,0.0012686330478908975,0,0,0,0,0.0012686330478908975,0.012052013954963527",-1
"0,0,0,0,0,0,0,0,0,0,0,0,0,0,0,0,0,0,0,0,0,0,0,0,0,0,0,0,0,0,0,0,0,0,0,0,0,0,0,0,0,0,0,0,0,0,0,0,0","0.04243166054671563,0.03998368013055895,0.03875968992248062,0.002039983680130559,0.002039983680130559,0.03916768665850673,0.002039983680130559,0.002039983680130559,0.002039983680130559,0.044471644226846185,0.046103631170950635,0.04079967360261118,0.002039983680130559,0.03998368013055895,0.002039983680130559,0.03916768665850673,0.002039983680130559,0.03345573235414117,0.002039983680130559,0.044879640962872294,0.002039983680130559,0.03590371277029784,0.002039983680130559,0.002039983680130559,0.03998368013055895,0.03427172582619339,0.037943696450428395,0.04202366381068951,0.03590371277029784,0.039575683394532844,0.002039983680130559,0.03549571603427173,0.04243166054671563,0.0416156670746634,0.002039983680130559,0.002039983680130559,0.002039983680130559,0.002039983680130559,0.03386372909016728,0.03916768665850673,0.002039983680130559,0.002039983680130559,0.0416156670746634,0.002039983680130559,0.002039983680130559,0.002039983680130559,0.002039983680130559,0.002039983680130559,0.002039983680130559",1
"0,0,0,0,0,0,0,0,0,0,1,0,0,0,0,0,0,0,0,0,0,0,0,0,0,0,0,0,0,0,0,0,0,0,0,0,0,0,0,0,0,0,0,0,0,0,0,0,0","0.008576998050682261,0.06939571150097466,0.008576998050682261,0.008576998050682261,0.07563352826510722,0.008576998050682261,0.008576998050682261,0.008576998050682261,0.008576998050682261,0.008576998050682261,0,0.008576998050682261,0.008576998050682261,0.008576998050682261,0.07446393762183236,0.008576998050682261,0.008576998050682261,0.008576998050682261,0.008576998050682261,0.008576998050682261,0.008576998050682261,0.008576998050682261,0.008576998050682261,0.1419103313840156,0.008576998050682261,0.07797270955165692,0.008576998050682261,0.008576998050682261,0.008576998050682261,0.008576998050682261,0.008576998050682261,0.008576998050682261,0.008576998050682261,0.008576998050682261,0.008576998050682261,0.008576998050682261,0.07134502923976609,0.07368421052631578,0.008576998050682261,0.008576998050682261,0.008576998050682261,0.008576998050682261,0.008576998050682261,0.008576998050682261,0.07251461988304093,0.008576998050682261,0.008576998050682261,0.008576998050682261,0.008576998050682261",-1
"0,0,0,0,0,0,0,0,0,0,1,0,0,0,0,0,0,0,0,0,0,0,0,-1,0,0,0,0,0,0,0,0,0,0,0,0,0,0,0,0,0,0,0,0,0,0,0,0,0","0.007809726659566915,0.007809726659566915,0.06780262690805822,0.06602768903088392,0.007809726659566915,0.08022719204827831,0.007809726659566915,0.007809726659566915,0.007809726659566915,0.007809726659566915,0,0.007809726659566915,0.007809726659566915,0.007809726659566915,0.007809726659566915,0.07277245296414625,0.007809726659566915,0.12815051473198438,0.07916222932197373,0.007809726659566915,0.007809726659566915,0.007809726659566915,0.06957756478523251,0,0.007809726659566915,0.007809726659566915,0.007809726659566915,0.007809726659566915,0.007809726659566915,0.007809726659566915,0.007809726659566915,0.007809726659566915,0.007809726659566915,0.007809726659566915,0.007809726659566915,0.007809726659566915,0.007809726659566915,0.007809726659566915,0.007809726659566915,0.007809726659566915,0.007809726659566915,0.007809726659566915,0.007809726659566915,0.007809726659566915,0.06993255236066738,0.007809726659566915,0.007809726659566915,0.06957756478523251,0.007809726659566915",1
"0,0,0,0,0,0,0,0,0,0,1,0,0,0,0,0,0,1,0,0,0,0,0,-1,0,0,0,0,0,0,0,0,0,0,0,0,0,0,0,0,0,0,0,0,0,0,0,0,0","0.009591474245115453,0.009591474245115453,0.009591474245115453,0.009591474245115453,0.009591474245115453,0.009591474245115453,0.009591474245115453,0.009591474245115453,0.009591474245115453,0.009591474245115453,0,0.009591474245115453,0.009591474245115453,0.009591474245115453,0.08063943161634103,0.009591474245115453,0.009591474245115453,0,0.07744227353463588,0.009591474245115453,0.009591474245115453,0.009591474245115453,0.07175843694493783,0,0.08383658969804618,0.009591474245115453,0.009591474245115453,0.009591474245115453,0.009591474245115453,0.009591474245115453,0.07602131438721137,0.009591474245115453,0.009591474245115453,0.009591474245115453,0.009591474245115453,0.009591474245115453,0.08596802841918295,0.009591474245115453,0.009591474245115453,0.009591474245115453,0.009591474245115453,0.009591474245115453,0.009591474245115453,0.009591474245115453,0.009591474245115453,0.009591474245115453,0.07602131438721137,0.08383658969804618,0.009591474245115453",-1
"0,0,0,0,0,0,0,0,0,0,1,0,0,0,0,0,0,1,0,0,0,0,0,-1,0,0,0,0,0,0,0,0,0,0,0,0,-1,0,0,0,0,0,0,0,0,0,0,0,0","0.03707823507601038,0.0018539117538005192,0.0018539117538005192,0.03781979977753059,0.03819058212829069,0.0018539117538005192,0.0018539117538005192,0.03819058212829069,0.0018539117538005192,0.026696329254727477,0,0.039302929180571,0.03707823507601038,0.0018539117538005192,0.0018539117538005192,0.0018539117538005192,0.03781979977753059,0,0.0389321468298109,0.03967371153133111,0.03744901742677049,0.0018539117538005192,0.0018539117538005192,0,0.03967371153133111,0.03781979977753059,0.0018539117538005192,0.034853540971449756,0.0018539117538005192,0.0018539117538005192,0.03188728216536893,0.03781979977753059,0.03596588802373007,0.03819058212829069,0.04004449388209121,0.033741193919169445,0,0.0018539117538005192,0.03596588802373007,0.0018539117538005192,0.03819058212829069,0.03707823507601038,0.03596588802373007,0.0018539117538005192,0.0018539117538005192,0.0018539117538005192,0.0018539117538005192,0.04004449388209121,0.039302929180571",1
"0,0,0,0,0,0,0,0,0,0,1,0,0,0,0,0,0,1,0,0,0,0,0,-1,0,0,0,0,0,0,0,0,0,0,1,0,-1,0,0,0,0,0,0,0,0,0,0,0,0","0.09945397815912636,0.016770670826833072,0.016770670826833072,0.016770670826833072,0.10413416536661467,0.016770670826833072,0.0171606864274571,0.016770670826833072,0.016770670826833072,0.016770670826833072,0,0.016770670826833072,0.016770670826833072,0.016770670826833072,0.016770670826833072,0.016770670826833072,0.016770670826833072,0,0.016770670826833072,0.016770670826833072,0.016770670826833072,0.016770670826833072,0.016770670826833072,0,0.016770670826833072,0.016770670826833072,0.016770670826833072,0.016770670826833072,0.016770670826833072,0.0171606864274571,0.016770670826833072,0.023010920436817472,0.016770670826833072,0.016770670826833072,0,0.0171606864274571,0,0.016770670826833072,0.016770670826833072,0.016770670826833072,0.016770670826833072,0.016770670826833072,0.016770670826833072,0.10101404056162247,0.016770670826833072,0.016770670826833072,0.016770670826833072,0.0171606864274571,0.016770670826833072",-1
"0,0,0,0,-1,0,0,0,0,0,1,0,0,0,0,0,0,1,0,0,0,0,0,-1,0,0,0,0,0,0,0,0,0,0,1,0,-1,0,0,0,0,0,0,0,0,0,0,0,0","0.027900146842878122,0.02459618208516887,0.02643171806167401,0.020558002936857563,0,0.0315712187958884,0.02826725403817915,0.03010279001468429,0.02973568281938326,0.022393538913362702,0,0.03120411160058737,0.03120411160058737,0.030837004405286344,0.0315712187958884,0.0011013215859030838,0.026064610866372982,0,0.032305433186490456,0.02936857562408223,0.02459618208516887,0.0011013215859030838,0.026064610866372982,0,0.03267254038179148,0.02459618208516887,0.0011013215859030838,0.024229074889867842,0.0011013215859030838,0.0011013215859030838,0.0011013215859030838,0.02459618208516887,0.026798825256975037,0.027165932452276064,0,0.027165932452276064,0,0.027900146842878122,0.02459618208516887,0.025330396475770924,0.03120411160058737,0.02459618208516887,0.024229074889867842,0.03010279001468429,0.0315712187958884,0.02459618208516887,0.02459618208516887,0.0315712187958884,0.0011013215859030838",1
"0,0,0,0,-1,0,0,0,0,0,1,0,0,0,0,0,0,1,0,0,0,0,0,-1,1,0,0,0,0,0,0,0,0,0,1,0,-1,0,0,0,0,0,0,0,0,0,0,0,0","0.016882606988614057,0.016882606988614057,0.016882606988614057,0.1707891637220259,0,0.016882606988614057,0.021594032194738908,0.019238319591676482,0.016882606988614057,0.016882606988614057,0,0.016882606988614057,0.016882606988614057,0.016882606988614057,0.016882606988614057,0.016882606988614057,0.019238319591676482,0,0.016882606988614057,0.016882606988614057,0.016882606988614057,0.016882606988614057,0.016882606988614057,0,0,0.019238319591676482,0.016882606988614057,0.019238319591676482,0.019238319591676482,0.016882606988614057,0.016882606988614057,0.06595995288574794,0.016882606988614057,0.016882606988614057,0,0.016882606988614057,0,0.016882606988614057,0.04672163329407145,0.016882606988614057,0.016882606988614057,0.016882606988614057,0.016882606988614057,0.016882606988614057,0.019238319591676482,0.016882606988614057,0.019238319591676482,0.016882606988614057,0.053788771103258734",-1
"0,0,0,-1,-1,0,0,0,0,0,1,0,0,0,0,0,0,1,0,0,0,0,0,-1,1,0,0,0,0,0,0,0,0,0,1,0,-1,0,0,0,0,0,0,0,0,0,0,0,0","0.006219765031098825,0.006219765031098825,0.05148583275742916,0,0,0.06668970283344851,0.0608154803040774,0.0525224602626123,0.006219765031098825,0.053213545266067724,0,0.0525224602626123,0.006219765031098825,0.006219765031098825,0.006219765031098825,0.05148583275742916,0.006219765031098825,0,0.006219765031098825,0.0525224602626123,0.050103662750518314,0.006219765031098825,0.006219765031098825,0,0,0.053213545266067724,0.006219765031098825,0.006219765031098825,0.006219765031098825,0.006219765031098825,0.006219765031098825,0.06254319281271596,0.006219765031098825,0.006219765031098825,0,0.006219765031098825,0,0.006219765031098825,0.006219765031098825,0.006219765031098825,0.050103662750518314,0.06185210780926054,0.006219765031098825,0.05148583275742916,0.006219765031098825,0.006219765031098825,0.006219765031098825,0.006219765031098825,0.06772633033863165",1
"0,0,0,-1,-1,0,0,0,0,0,1,0,0,0,0,0,0,1,0,0,0,0,0,-1,1,0,0,0,0,0,0,0,0,0,1,0,-1,0,0,0,0,0,0,0,0,0,0,0,1","0.0030120481927710845,0.0030120481927710845,0.0030120481927710845,0,0,0.04969879518072289,0.0030120481927710845,0.0030120481927710845,0.0030120481927710845,0.0030120481927710845,0,0.04442771084337349,0.0030120481927710845,0.0030120481927710845,0.03802710843373494,0.0030120481927710845,0.03802710843373494,0,0.0391566265060241,0.0030120481927710845,0.0030120481927710845,0.0030120481927710845,0.0030120481927710845,0,0,0.0030120481927710845,0.043298192771084335,0.03802710843373494,0.0391566265060241,0.0030120481927710845,0.0030120481927710845,0.43373493975903615,0.03426204819277109,0.0030120481927710845,0,0.0030120481927710845,0,0.0030120481927710845,0.040286144578313254,0.035015060240963854,0.0030120481927710845,0.04555722891566265,0.0030120481927710845,0.0030120481927710845,0.0030120481927710845,0.0030120481927710845,0.0030120481927710845,0.0030120481927710845,0",-1
"0,0,0,-1,-1,0,0,0,0,0,1,0,0,0,0,0,0,1,0,0,0,0,0,-1,1,0,0,0,0,0,0,-1,0,0,1,0,-1,0,0,0,0,0,0,0,0,0,0,0,1","0.01992803764184888,0.026570716855798506,0.027954608358704676,0,0,0.03321339606974813,0.02933849986161085,0.015499584832549129,0.030722391364517022,0.012178245225574315,0,0.012178245225574315,0.07251591475228342,0.030445613063935787,0.012178245225574315,0.01992803764184888,0.022695820647661222,0,0.03182950456684196,0.012178245225574315,0.025463603653473568,0.024079712150567395,0.0168834763354553,0,0,0.026570716855798506,0.025463603653473568,0.012178245225574315,0.015499584832549129,0.02933849986161085,0.07140880154995849,0,0.02933849986161085,0.013838915029061722,0,0.027954608358704676,0,0.012178245225574315,0.030445613063935787,0.026570716855798506,0.026570716855798506,0.027954608358704676,0.026570716855798506,0.01992803764184888,0.026570716855798506,0.02933849986161085,0.012178245225574315,0.03432050927207307,0",1
"0,0,0,-1,-1,0,0,0,0,0,1,0,1,0,0,0,0,1,0,0,0,0,0,-1,1,0,0,0,0,0,0,-1,0,0,1,0,-1,0,0,0,0,0,0,0,0,0,0,0,1","0.031938325991189426,0.03671071953010279,0.03450807635829662,0,0,0.038913362701908955,0.035609397944199705,0.0022026431718061676,0.03671071953010279,0.0022026431718061676,0,0.0022026431718061676,0,0.03854625550660793,0.03524229074889868,0.0022026431718061676,0.0022026431718061676,0,0.03671071953010279,0.037077826725403815,0.0381791483113069,0.0022026431718061676,0.0022026431718061676,0,0,0.03524229074889868,0.03671071953010279,0.03120411160058737,0.034140969162995596,0.037077826725403815,0.03267254038179148,0,0.03524229074889868,0.039647577092511016,0,0.03671071953010279,0,0.03671071953010279,0.05763582966226138,0.0022026431718061676,0.03450807635829662,0.0022026431718061676,0.034140969162995596,0.03340675477239354,0.031938325991189426,0.0022026431718061676,0.028634361233480177,0.0022026431718061676,0",-1
"0,0,0,-1,-1,0,0,0,0,0,1,0,1,0,0,0,0,1,0,0,0,0,0,-1,1,0,0,0,0,0,0,-1,0,0,1,0,-1,0,-1,0,0,0,0,0,0,0,0,0,1","0.004961832061068702,0.004961832061068702,0.004961832061068702,0,0,0.7786259541984732,0.004961832061068702,0.004961832061068702,0.004961832061068702,0.04770992366412214,0,0.004961832061068702,0,0.004961832061068702,0.004961832061068702,0.004961832061068702,0.004961832061068702,0,0.004961832061068702,0.004961832061068702,0.004961832061068702,0.004961832061068702,0.004961832061068702,0,0,0.004961832061068702,0.004961832061068702,0.004961832061068702,0.004961832061068702,0.004961832061068702,0.004961832061068702,0,0.004961832061068702,0.004961832061068702,0,0.004961832061068702,0,0.004961832061068702,0,0.004961832061068702,0.004961832061068702,0.004961832061068702,0.004961832061068702,0.004961832061068702,0.004961832061068702,0.004961832061068702,0.004961832061068702,0.004961832061068702,0",1
"0,0,0,-1,-1,1,0,0,0,0,1,0,1,0,0,0,0,1,0,0,0,0,0,-1,1,0,0,0,0,0,0,-1,0,0,1,0,-1,0,-1,0,0,0,0,0,0,0,0,0,1","0.023090586145648313,0.018872113676731795,0.017539964476021314,0,0,0,0.021758436944937832,0.021758436944937832,0.02708703374777975,0.028419182948490232,0,0.06594138543516874,0,0.024422735346358793,0.015985790408525755,0.06372113676731794,0.014209591474245116,0,0.02975133214920071,0.020426287744227355,0.017539964476021314,0.017539964476021314,0.017539964476021314,0,0,0.09480461811722914,0.020426287744227355,0.014209591474245116,0.017539964476021314,0.02708703374777975,0.023090586145648313,0,0.020426287744227355,0.03108348134991119,0,0.020426287744227355,0,0.014209591474245116,0,0.025976909413854353,0.09258436944937833,0.028419182948490232,0.020426287744227355,0.018872113676731795,0.021758436944937832,0.020426287744227355,0.014209591474245116,0.028419182948490232,0",-1
"0,0,0,-1,-1,1,0,0,0,0,1,0,1,0,0,0,0,1,0,0,0,0,0,-1,1,-1,0,0,0,0,0,-1,0,0,1,0,-1,0,-1,0,0,0,0,0,0,0,0,0,1","0.03008298755186722,0.0017289073305670815,0.0017289073305670815,0,0,0,0.028008298755186723,0.025242047026279392,0.026970954356846474,0.0017289073305670815,0,0.0017289073305670815,0,0.5051867219917012,0.026625172890733056,0.0017289073305670815,0.0017289073305670815,0,0.0017289073305670815,0.029045643153526972,0.026970954356846474,0.0017289073305670815,0.025933609958506226,0,0,0,0.0017289073305670815,0.030774550484094054,0.0017289073305670815,0.0017289073305670815,0.029391424619640387,0,0.0017289073305670815,0.0017289073305670815,0,0.0017289073305670815,0,0.0017289073305670815,0,0.024896265560165973,0.029391424619640387,0.024896265560165973,0.0017289073305670815,0.026625172890733056,0.026625172890733056,0.025933609958506226,0.0017289073305670815,0.028008298755186723,0",1
"0,0,0,-1,-1,1,0,0,0,0,1,0,1,1,0,0,0,1,0,0,0,0,0,-1,1,-1,0,0,0,0,0,-1,0,0,1,0,-1,0,-1,0,0,0,0,0,0,0,0,0,1","0.008403361344537815,0.008403361344537815,0.008658008658008658,0,0,0,0.008403361344537815,0.008403361344537815,0.008403361344537815,0.008403361344537815,0,0.008403361344537815,0,0,0.008403361344537815,0.008403361344537815,0.008403361344537815,0,0.008403361344537815,0.008403361344537815,0.7224344283167813,0.008403361344537815,0.008403361344537815,0,0,0,0.008403361344537815,0.008403361344537815,0.008403361344537815,0.008403361344537815,0.008403361344537815,0,0.008403361344537815,0.008403361344537815,0,0.008403361344537815,0,0.008403361344537815,0,0.008403361344537815,0.008403361344537815,0.008403361344537815,0.008403361344537815,0.008403361344537815,0.008403361344537815,0.008403361344537815,0.008403361344537815,0.008403361344537815,0",-1
"0,0,0,-1,-1,1,0,0,0,0,1,0,1,1,0,0,0,1,0,0,-1,0,0,-1,1,-1,0,0,0,0,0,-1,0,0,1,0,-1,0,-1,0,0,0,0,0,0,0,0,0,1","0.03299396681749623,0.022812971342383106,0.021493212669683258,0,0,0,0.01715686274509804,0.024132730015082957,0.028092006033182505,0.024132730015082957,0,0.021493212669683258,0,0,0.024132730015082957,0.024132730015082957,0.03299396681749623,0,0.030542986425339366,0.08239064856711915,0,0.06975867269984917,0.024132730015082957,0,0,0,0.01715686274509804,0.021493212669683258,0.025452488687782805,0.025452488687782805,0.03544494720965309,0,0.025452488687782805,0.031862745098039214,0,0.07296380090497738,0,0.028092006033182505,0,0.024132730015082957,0.031862745098039214,0.01998491704374057,0.031862745098039214,0.029411764705882353,0.025452488687782805,0.021493212669683258,0.021493212669683258,0.030542986425339366,0",1
"0,0,0,-1,-1,1,0,0,0,0,1,0,1,1,0,0,0,1,0,1,-1,0,0,-1,1,-1,0,0,0,0,0,-1,0,0,1,0,-1,0,-1,0,0,0,0,0,0,0,0,0,1","0.04199655765920826,0.04647160068846816,0.006540447504302926,0,0,0,0.043717728055077454,0.043029259896729774,0.05714285714285714,0.006540447504302926,0,0.006540447504302926,0,0,0.04130808950086059,0.044061962134251294,0.006540447504302926,0,0.04991394148020654,0,0,0.006540447504302926,0.006540447504302926,0,0,0,0.07917383820998279,0.006540447504302926,0.006540447504302926,0.04750430292598967,0.006540447504302926,0,0.043029259896729774,0.006540447504302926,0,0.04475043029259897,0,0.04819277108433735,0,0.006540447504302926,0.05335628227194492,0.054388984509466436,0.043717728055077454,0.04647160068846816,0.04199655765920826,0.006540447504302926,0.006540447504302926,0.04475043029259897,0",-1
"0,0,0,-1,-1,1,0,0,0,0,1,0,1,1,0,0,0,1,0,1,-1,0,0,-1,1,-1,-1,0,0,0,0,-1,0,0,1,0,-1,0,-1,0,0,0,0,0,0,0,0,0,1","0.02297147091515376,0.025194516487587994,0.018895887365690995,0,0,0,0.016672841793256763,0.018895887365690995,0.02297147091515376,0.07410151908114117,0,0.016672841793256763,0,0,0.02297147091515376,0.018895887365690995,0.07113745831789552,0,0.02482400889218229,0,0,0.08040014820303816,0.016672841793256763,0,0,0,0,0.016672841793256763,0.020748425342719527,0.020748425342719527,0.027047054464616523,0,0.07113745831789552,0.07261948869951834,0,0.08521674694331234,0,0.018895887365690995,0,0.016672841793256763,0.018895887365690995,0.016672841793256763,0.0759540570581697,0.020748425342719527,0.016672841793256763,0.016672841793256763,0.016672841793256763,0.016672841793256763,0",1
"0,0,0,-1,-1,1,0,0,0,0,1,0,1,1,0,0,0,1,0,1,-1,0,0,-1,1,-1,-1,0,0,0,0,-1,0,0,1,1,-1,0,-1,0,0,0,0,0,0,0,0,0,1","0.0014814814814814814,0.0014814814814814814,0.0014814814814814814,0,0,0,0.0014814814814814814,0.024074074074074074,0.024814814814814814,0.02148148148148148,0,0.024444444444444446,0,0,0.025185185185185185,0.025925925925925925,0.024814814814814814,0,0.0014814814814814814,0,0,0.0014814814814814814,0.024074074074074074,0,0,0,0,0.02185185185185185,0.0014814814814814814,0.025925925925925925,0.025925925925925925,0,0.0014814814814814814,0.020370370370370372,0,0,0,0.025185185185185185,0,0.02259259259259259,0.024444444444444446,0.024814814814814814,0.524074074074074,0.0014814814814814814,0.0014814814814814814,0.024444444444444446,0.025555555555555557,0.025185185185185185,0",-1
"0,0,0,-1,-1,1,0,0,0,0,1,0,1,1,0,0,0,1,0,1,-1,0,0,-1,1,-1,-1,0,0,0,0,-1,0,0,1,1,-1,0,-1,0,0,0,-1,0,0,0,0,0,1","0.034225424601132266,0.034482758620689655,0.034482758620689655,0,0,0,0.034225424601132266,0.034225424601132266,0.034225424601132266,0.034225424601132266,0,0.034225424601132266,0,0,0.034225424601132266,0.034482758620689655,0.034482758620689655,0,0.03705609881626351,0,0,0.034225424601132266,0.034482758620689655,0,0,0,0,0.034225424601132266,0.034225424601132266,0.034225424601132266,0.03705609881626351,0,0.034225424601132266,0.034225424601132266,0,0,0,0.034482758620689655,0,0.034482758620689655,0.034225424601132266,0.034225424601132266,0,0.034225424601132266,0.034225424601132266,0.034225424601132266,0.034225424601132266,0.034225424601132266,0",1
"0,0,0,-1,-1,1,0,0,0,0,1,0,1,1,0,0,0,1,1,1,-1,0,0,-1,1,-1,-1,0,0,0,0,-1,0,0,1,1,-1,0,-1,0,0,0,-1,0,0,0,0,0,1","0.04472477064220184,0.04472477064220184,0.04472477064220184,0,0,0,0.04472477064220184,0.02102446483180428,0.02217125382262997,0.04434250764525994,0,0.021788990825688075,0,0,0.04472477064220184,0.021406727828746176,0.04472477064220184,0,0,0,0,0.04434250764525994,0.04434250764525994,0,0,0,0,0.04434250764525994,0.04472477064220184,0.02217125382262997,0.04472477064220184,0,0.04472477064220184,0.04434250764525994,0,0,0,0.04472477064220184,0,0.04472477064220184,0.021406727828746176,0.02217125382262997,0,0.02217125382262997,0.021406727828746176,0.04472477064220184,0.0011467889908256881,0.04472477064220184,0",-1
"-1,0,0,-1,-1,1,0,0,0,0,1,0,1,1,0,0,0,1,1,1,-1,0,0,-1,1,-1,-1,0,0,0,0,-1,0,0,1,1,-1,0,-1,0,0,0,-1,0,0,0,0,0,1","0,0.036293436293436294,0.03667953667953668,0,0,0,0.03667953667953668,0.036293436293436294,0.03667953667953668,0.040154440154440155,0,0.03667953667953668,0,0,0.036293436293436294,0.03667953667953668,0.036293436293436294,0,0,0,0,0.036293436293436294,0.036293436293436294,0,0,0,0,0.03667953667953668,0.036293436293436294,0.036293436293436294,0.040154440154440155,0,0.036293436293436294,0.036293436293436294,0,0,0,0.03667953667953668,0,0.036293436293436294,0.03667953667953668,0.040154440154440155,0,0.03667953667953668,0.040154440154440155,0.03667953667953668,0.03667953667953668,0.03667953667953668,0",1
"-1,0,0,-1,-1,1,0,0,0,1,1,0,1,1,0,0,0,1,1,1,-1,0,0,-1,1,-1,-1,0,0,0,0,-1,0,0,1,1,-1,0,-1,0,0,0,-1,0,0,0,0,0,1","0,0.05081458494957331,0.020558572536850273,0,0,0,0.05081458494957331,0.05081458494957331,0.0504266873545384,0,0,0.05081458494957331,0,0,0.05081458494957331,0.02094647013188518,0.05081458494957331,0,0,0,0,0.020558572536850273,0.05081458494957331,0,0,0,0,0.02094647013188518,0.020558572536850273,0.02094647013188518,0.05081458494957331,0,0.05081458494957331,0.05081458494957331,0,0,0,0.05081458494957331,0,0.0504266873545384,0.0011636927851047323,0.05081458494957331,0,0.02094647013188518,0.05081458494957331,0.02094647013188518,0.02017067494181536,0.05081458494957331,0",-1
"-1,-1,0,-1,-1,1,0,0,0,1,1,0,1,1,0,0,0,1,1,1,-1,0,0,-1,1,-1,-1,0,0,0,0,-1,0,0,1,1,-1,0,-1,0,0,0,-1,0,0,0,0,0,1","0,0,0.039140445126630855,0,0,0,0.04259401381427475,0.039140445126630855,0.039140445126630855,0,0,0.039140445126630855,0,0,0.039140445126630855,0.039140445126630855,0.039140445126630855,0,0,0,0,0.039140445126630855,0.039140445126630855,0,0,0,0,0.039140445126630855,0.039140445126630855,0.039140445126630855,0.046431312356101304,0,0.039140445126630855,0.039140445126630855,0,0,0,0.039140445126630855,0,0.039140445126630855,0.039140445126630855,0.039140445126630855,0,0.04259401381427475,0.039140445126630855,0.042977743668457406,0.039140445126630855,0.04259401381427475,0",1
"-1,-1,0,-1,-1,1,0,0,0,1,1,0,1,1,0,0,0,1,1,1,-1,0,0,-1,1,-1,-1,0,0,0,1,-1,0,0,1,1,-1,0,-1,0,0,0,-1,0,0,0,0,0,1","0,0,0.02040816326530612,0,0,0,0.020793222949557183,0.016557566422795534,0.020793222949557183,0,0,0.02040816326530612,0,0,0.020793222949557183,0.0015402387370042356,0.020023103581055062,0,0,0,0,0.02040816326530612,0.02040816326530612,0,0,0,0,0.020023103581055062,0.020023103581055062,0.15979976896418946,0,0,0.1594147092799384,0.15979976896418946,0,0,0,0.15979976896418946,0,0.019638043896804003,0.01732768579129765,0.019638043896804003,0,0.019638043896804003,0.02040816326530612,0.02040816326530612,0.0015402387370042356,0.02040816326530612,0",-1
"-1,-1,0,-1,-1,1,0,0,0,1,1,0,1,1,0,0,0,1,1,1,-1,0,0,-1,1,-1,-1,0,0,-1,1,-1,0,0,1,1,-1,0,-1,0,0,0,-1,0,0,0,0,0,1","0,0,0.04253112033195021,0,0,0,0.048409405255878286,0.04253112033195021,0.04253112033195021,0,0,0.048409405255878286,0,0,0.04253112033195021,0.035961272475795295,0.04564315352697095,0,0,0,0,0.03941908713692946,0.04564315352697095,0,0,0,0,0.035961272475795295,0.035961272475795295,0,0,0,0.035961272475795295,0.048409405255878286,0,0,0,0.04564315352697095,0,0.048409405255878286,0.039073305670816044,0.05152143845089903,0,0.06293222683264177,0.05152143845089903,0.039073305670816044,0.035961272475795295,0.035961272475795295,0",1
"-1,-1,0,-1,-1,1,0,0,0,1,1,0,1,1,0,0,0,1,1,1,-1,0,0,-1,1,-1,-1,0,0,-1,1,-1,0,0,1,1,-1,0,-1,0,0,0,-1,1,0,0,0,0,1","0,0,0.017669172932330827,0,0,0,0.016917293233082706,0.0015037593984962407,0.0015037593984962407,0,0,0.0015037593984962407,0,0,0.016917293233082706,0.019548872180451128,0.018796992481203006,0,0,0,0,0.013157894736842105,0.01804511278195489,0,0,0,0,0.0015037593984962407,0.013157894736842105,0,0,0,0.0015037593984962407,0.01804511278195489,0,0,0,0.7842105263157895,0,0.01804511278195489,0.0015037593984962407,0.0015037593984962407,0,0,0.0015037593984962407,0.0015037593984962407,0.012406015037593985,0.019548872180451128,0",-1
"0,0,0,0,0,0,0,0,0,0,0,0,0,0,0,0,0,0,0,0,0,0,0,0,0,0,0,0,0,0,0,0,0,0,0,0,0,0,0,0,0,0,0,0,0,0,0,0,0","0.028967768257853937,0.026519787841697267,0.02529579763361893,0.0012239902080783353,0.028559771521827825,0.025703794369645042,0.02447980416156671,0.0012239902080783353,0.02692778457772338,0.0012239902080783353,0.0012239902080783353,0.0277437780497756,0.0012239902080783353,0.028151774785801713,0.0012239902080783353,0.02529579763361893,0.0277437780497756,0.023663810689514484,0.025703794369645042,0.03223174214606283,0.0012239902080783353,0.02447980416156671,0.025703794369645042,0.0012239902080783353,0.02692778457772338,0.0012239902080783353,0.026519787841697267,0.02529579763361893,0.0277437780497756,0.024071807425540596,0.028559771521827825,0.028151774785801713,0.024071807425540596,0.031415748674010605,0.023255813953488372,0.028559771521827825,0.028151774785801713,0.026519787841697267,0.024071807425540596,0.0012239902080783353,0.02529579763361893,0.03019175846593227,0.0012239902080783353,0.023255813953488372,0.026111791105671155,0.028151774785801713,0.023663810689514484,0.0012239902080783353,0.028151774785801713",-1
"0,0,0,0,0,0,0,0,0,0,0,0,0,0,0,0,0,0,0,-1,0,0,0,0,0,0,0,0,0,0,0,0,0,0,0,0,0,0,0,0,0,0,0,0,0,0,0,0,0","0.006321612011062821,0.06558672461477677,0.006321612011062821,0.006321612011062821,0.006321612011062821,0.006321612011062821,0.07269853812722245,0.006321612011062821,0.006321612011062821,0.0600553141050968,0.08297115764519952,0.006321612011062821,0.006321612011062821,0.06203081785855393,0.006321612011062821,0.06637692611615963,0.006321612011062821,0.07862504938759383,0.006321612011062821,0,0.006321612011062821,0.08020545239035955,0.006321612011062821,0.006321612011062821,0.006321612011062821,0.006321612011062821,0.006321612011062821,0.006321612011062821,0.006321612011062821,0.006321612011062821,0.006321612011062821,0.006321612011062821,0.06558672461477677,0.006321612011062821,0.006321612011062821,0.006321612011062821,0.006321612011062821,0.006321612011062821,0.006321612011062821,0.006321612011062821,0.006321612011062821,0.006321612011062821,0.006321612011062821,0.006321612011062821,0.006321612011062821,0.06993283287238246,0.006321612011062821,0.06203081785855393,0.006321612011062821",1
"0,0,0,0,0,0,0,0,0,0,1,0,0,0,0,0,0,0,0,-1,0,0,0,0,0,0,0,0,0,0,0,0,0,0,0,0,0,0,0,0,0,0,0,0,0,0,0,0,0","0.06308674427337589,0.005632745024408562,0.005632745024408562,0.005632745024408562,0.005632745024408562,0.005632745024408562,0.005632745024408562,0.058956064588809615,0.06308674427337589,0.005632745024408562,0,0.06871948929778446,0.061209162598573036,0.005632745024408562,0.005632745024408562,0.005632745024408562,0.005632745024408562,0.005632745024408562,0.005632745024408562,0,0.005632745024408562,0.005632745024408562,0.005632745024408562,0.005632745024408562,0.005632745024408562,0.005632745024408562,0.005632745024408562,0.005632745024408562,0.005632745024408562,0.05820503191888847,0.07397671798723245,0.06458880961321818,0.05632745024408562,0.005632745024408562,0.05407435223432219,0.005632745024408562,0.005632745024408562,0.005632745024408562,0.005632745024408562,0.005632745024408562,0.058956064588809615,0.005632745024408562,0.06196019526849418,0.005632745024408562,0.005632745024408562,0.06533984228313931,0.005632745024408562,0.005632745024408562,0.005632745024408562",-1
"0,0,0,0,0,0,0,0,0,0,1,0,0,0,0,0,0,0,0,-1,0,0,0,0,0,0,0,0,0,0,-1,0,0,0,0,0,0,0,0,0,0,0,0,0,0,0,0,0,0","0.005281026027913994,0.005281026027913994,0.005281026027913994,0.005281026027913994,0.06261788004526593,0.005281026027913994,0.005281026027913994,0.004903809883062995,0.058091286307053944,0.005281026027913994,0,0.005281026027913994,0.06865333836288193,0.005281026027913994,0.005281026027913994,0.06337231233496794,0.005281026027913994,0.07091663523198793,0.06110901546586194,0,0.005281026027913994,0.005281026027913994,0.005281026027913994,0.005281026027913994,0.06186344775556394,0.005281026027913994,0.005281026027913994,0.005281026027913994,0.005281026027913994,0.005281026027913994,0,0.06639004149377593,0.005281026027913994,0.005281026027913994,0.005281026027913994,0.005281026027913994,0.005281026027913994,0.005281026027913994,0.06186344775556394,0.005281026027913994,0.005281026027913994,0.06035458317615994,0.005281026027913994,0.06337231233496794,0.06412674462466994,0.005281026027913994,0.005281026027913994,0.005281026027913994,0.06337231233496794",1
"0,0,0,0,0,0,0,0,0,0,1,0,0,0,0,0,0,1,0,-1,0,0,0,0,0,0,0,0,0,0,-1,0,0,0,0,0,0,0,0,0,0,0,0,0,0,0,0,0,0","0.007188800605372683,0.007188800605372683,0.0730230798335225,0.007188800605372683,0.08399545970488081,0.06999621642073402,0.007188800605372683,0.0681044267877412,0.007188800605372683,0.007188800605372683,0,0.007188800605372683,0.007188800605372683,0.0711312902005297,0.007188800605372683,0.007188800605372683,0.007188800605372683,0,0.06242905788876277,0,0.0681044267877412,0.007188800605372683,0.007188800605372683,0.007188800605372683,0.007188800605372683,0.007188800605372683,0.007188800605372683,0.06129398410896708,0.007188800605372683,0.007188800605372683,0,0.007188800605372683,0.007188800605372683,0.007188800605372683,0.007188800605372683,0.007188800605372683,0.007188800605372683,0.007188800605372683,0.007188800605372683,0.0631857737419599,0.007188800605372683,0.007188800605372683,0.007188800605372683,0.007188800605372683,0.007188800605372683,0.0681044267877412,0.06621263715474839,0.007188800605372683,0.007188800605372683",-1
"0,0,0,0,-1,0,0,0,0,0,1,0,0,0,0,0,0,1,0,-1,0,0,0,0,0,0,0,0,0,0,-1,0,0,0,0,0,0,0,0,0,0,0,0,0,0,0,0,0,0","0.06534727408513816,0.06161314413741598,0.006348020911127707,0.07057505601194922,0,0.06870799103808813,0.006348020911127707,0.006348020911127707,0.006348020911127707,0.05825242718446602,0,0.05974607916355489,0.06796116504854369,0.006348020911127707,0.05638536221060493,0.006348020911127707,0.006348020911127707,0,0.006348020911127707,0,0.006348020911127707,0.006348020911127707,0.006348020911127707,0.07244212098581031,0.05899925317401045,0.006348020911127707,0.006348020911127707,0.006348020911127707,0.006348020911127707,0.006348020911127707,0,0.05339805825242718,0.006348020911127707,0.05526512322628827,0.006348020911127707,0.006348020911127707,0.006348020911127707,0.006348020911127707,0.006348020911127707,0.006348020911127707,0.006348020911127707,0.006348020911127707,0.006348020911127707,0.006348020911127707,0.006348020911127707,0.05451829723674384,0.006348020911127707,0.006348020911127707,0.006348020911127707",1
"0,0,0,0,-1,0,0,0,0,0,1,0,0,0,0,0,0,1,0,-1,0,0,0,1,0,0,0,0,0,0,-1,0,0,0,0,0,0,0,0,0,0,0,0,0,0,0,0,0,0","0.04073934364390796,0.003772161448509996,0.04903809883062995,0.05054696341003395,0,0.05846850245190494,0.003772161448509996,0.04828366654092795,0.003772161448509996,0.003772161448509996,0,0.003772161448509996,0.003772161448509996,0.003772161448509996,0.003772161448509996,0.003772161448509996,0.003772161448509996,0,0.003772161448509996,0,0.003772161448509996,0.003772161448509996,0.05054696341003395,0,0.003772161448509996,0.003772161448509996,0.003772161448509996,0.04036212749905696,0.05167861184458695,0.003772161448509996,0,0.05658242172764994,0.003772161448509996,0.003772161448509996,0.053187476423990944,0.003772161448509996,0.04828366654092795,0.05092417955488495,0.05167861184458695,0.003772161448509996,0.003772161448509996,0.05695963787250094,0.04564315352697095,0.003772161448509996,0.04790645039607695,0.003772161448509996,0.05054696341003395,0.003772161448509996,0.05431912485854395",-1
"0,0,0,0,-1,-1,0,0,0,0,1,0,0,0,0,0,0,1,0,-1,0,0,0,1,0,0,0,0,0,0,-1,0,0,0,0,0,0,0,0,0,0,0,0,0,0,0,0,0,0","0.07654037504783773,0.009184845005740528,0.009184845005740528,0.14772292384232683,0,0,0.009184845005740528,0.009184845005740528,0.009184845005740528,0.0642939150401837,0,0.009184845005740528,0.009184845005740528,0.009184845005740528,0.07539226942212017,0.009184845005740528,0.009184845005740528,0,0.009184845005740528,0,0.009184845005740528,0.009184845005740528,0.009184845005740528,0,0.009184845005740528,0.06544202066590127,0.009184845005740528,0.009184845005740528,0.009184845005740528,0.009184845005740528,0,0.06888633754305395,0.009184845005740528,0.009184845005740528,0.06544202066590127,0.009184845005740528,0.009184845005740528,0.009184845005740528,0.009184845005740528,0.009184845005740528,0.009184845005740528,0.06544202066590127,0.009184845005740528,0.009184845005740528,0.0677382319173364,0.009184845005740528,0.009184845005740528,0.009184845005740528,0.009184845005740528",1
"0,0,0,1,-1,-1,0,0,0,0,1,0,0,0,0,0,0,1,0,-1,0,0,0,1,0,0,0,0,0,0,-1,0,0,0,0,0,0,0,0,0,0,0,0,0,0,0,0,0,0","0.012302284710017574,0.012302284710017574,0.012302284710017574,0,0,0,0.012302284710017574,0.08963093145869948,0.012302284710017574,0.012302284710017574,0,0.012302284710017574,0.012302284710017574,0.012302284710017574,0.012302284710017574,0.08857644991212654,0.012302284710017574,0,0.012302284710017574,0,0.012302284710017574,0.012302284710017574,0.012302284710017574,0,0.13321616871704745,0.08471001757469244,0.012302284710017574,0.012302284710017574,0.012302284710017574,0.012302284710017574,0,0.012302284710017574,0.08857644991212654,0.012302284710017574,0.012302284710017574,0.08471001757469244,0.012302284710017574,0.012302284710017574,0.012302284710017574,0.012302284710017574,0.012302284710017574,0.012302284710017574,0.012302284710017574,0.012302284710017574,0.012302284710017574,0.012302284710017574,0.012302284710017574,0.012302284710017574,0.012302284710017574",-1
"0,0,0,1,-1,-1,0,0,0,0,1,0,0,0,0,0,0,1,0,-1,0,0,0,1,-1,0,0,0,0,0,-1,0,0,0,0,0,0,0,0,0,0,0,0,0,0,0,0,0,0","0.005635787249031349,0.06551602676998944,0.005635787249031349,0,0,0,0.005635787249031349,0.059880239520958084,0.005635787249031349,0.06164142303628038,0,0.005635787249031349,0.005635787249031349,0.05424445227192674,0.005635787249031349,0.058119056005635786,0.060584712927087,0,0.005635787249031349,0,0.005635787249031349,0.005635787249031349,0.0623458964424093,0,0,0.005635787249031349,0.005635787249031349,0.059175766114829165,0.005635787249031349,0.0961606199365974,0,0.05424445227192674,0.005635787249031349,0.005635787249031349,0.005635787249031349,0.05424445227192674,0.059175766114829165,0.005635787249031349,0.055653399084184575,0.005635787249031349,0.005635787249031349,0.005635787249031349,0.05248326875660444,0.005635787249031349,0.005635787249031349,0.005635787249031349,0.005635787249031349,0.005635787249031349,0.005635787249031349",1
"0,0,0,1,-1,-1,0,0,0,0,1,0,0,0,0,0,0,1,0,-1,0,0,0,1,-1,0,0,0,0,1,-1,0,0,0,0,0,0,0,0,0,0,0,0,0,0,0,0,0,0","0.09473299195318215,0.018288222384784197,0.013899049012435992,0,0,0,0.013899049012435992,0.013899049012435992,0.02011704462326262,0.014264813460131675,0,0.014264813460131675,0.014264813460131675,0.014264813460131675,0.014264813460131675,0.014264813460131675,0.013899049012435992,0,0.013899049012435992,0,0.013899049012435992,0.014264813460131675,0.013899049012435992,0,0,0.013899049012435992,0.014264813460131675,0.013899049012435992,0.013899049012435992,0,0,0.013899049012435992,0.014264813460131675,0.04754937820043892,0.013899049012435992,0.013899049012435992,0.013899049012435992,0.08924652523774688,0.03511338697878566,0.09473299195318215,0.09326993416239941,0.014264813460131675,0.014264813460131675,0.014264813460131675,0.014264813460131675,0.013899049012435992,0.013899049012435992,0.08485735186539868,0.014264813460131675",-1
"-1,0,0,1,-1,-1,0,0,0,0,1,0,0,0,0,0,0,1,0,-1,0,0,0,1,-1,0,0,0,0,1,-1,0,0,0,0,0,0,0,0,0,0,0,0,0,0,0,0,0,0","0,0.001470047776552738,0.001470047776552738,0,0,0,0.02682837192208747,0.02866593164277839,0.02866593164277839,0.001470047776552738,0,0.025725836089672913,0.02940095553105476,0.028298419698640206,0.027563395810363836,0.001470047776552738,0.001470047776552738,0,0.03123851525174568,0,0.03123851525174568,0.001470047776552738,0.001470047776552738,0,0,0.001470047776552738,0.001470047776552738,0.029768467475192944,0.001470047776552738,0,0,0.33076074972436603,0.001470047776552738,0.029768467475192944,0.03123851525174568,0.001470047776552738,0.001470047776552738,0.03123851525174568,0.001470047776552738,0.030503491363469314,0.028298419698640206,0.029768467475192944,0.031606027195883866,0.027563395810363836,0.030871003307607496,0.02940095553105476,0.001470047776552738,0.029768467475192944,0.029768467475192944",1
"-1,0,0,1,-1,-1,0,0,0,0,1,0,0,0,0,0,0,1,0,-1,0,0,0,1,-1,0,0,0,0,1,-1,1,0,0,0,0,0,0,0,0,0,0,0,0,0,0,0,0,0","0,0.024680344930121913,0.015462384775498068,0,0,0,0.035979779958370504,0.029735355337496282,0.019327980969372584,0.03419565863812073,0,0.02111210228962236,0.02646446625037169,0.027951234017246505,0.02111210228962236,0.017543859649122806,0.017543859649122806,0,0.024680344930121913,0,0.019327980969372584,0.015462384775498068,0.03895331549212013,0,0,0.027951234017246505,0.017543859649122806,0.017543859649122806,0.017543859649122806,0,0,0,0.03270889087124591,0.03270889087124591,0.024680344930121913,0.024680344930121913,0.0936663693131133,0.031222123104371096,0.015462384775498068,0.029735355337496282,0.024680344930121913,0.02646446625037169,0.027951234017246505,0.029735355337496282,0.02111210228962236,0.02646446625037169,0.02289622360987214,0.029735355337496282,0.035979779958370504",-1
"-1,0,0,1,-1,-1,0,0,0,0,1,0,0,0,0,0,0,1,0,-1,0,0,0,1,-1,0,0,0,0,1,-1,1,0,0,0,0,-1,0,0,0,0,0,0,0,0,0,0,0,0","0,0.0053976250449802084,0.0053976250449802084,0,0,0,0.0053976250449802084,0.0053976250449802084,0.0053976250449802084,0.0053976250449802084,0,0.0053976250449802084,0.0053976250449802084,0.0053976250449802084,0.0053976250449802084,0.04210147535084563,0.055415617128463476,0,0.0053976250449802084,0,0.0053976250449802084,0.041381792011514935,0.0053976250449802084,0,0,0.05397625044980209,0.04210147535084563,0.0053976250449802084,0.041381792011514935,0,0,0,0.0053976250449802084,0.0053976250449802084,0.0053976250449802084,0.11586901763224182,0,0.0053976250449802084,0.08276358402302987,0.0053976250449802084,0.0053976250449802084,0.0053976250449802084,0.379273119827276,0.0053976250449802084,0.0053976250449802084,0.0053976250449802084,0.0053976250449802084,0.0053976250449802084,0.0053976250449802084",1
"-1,0,0,1,-1,-1,0,0,0,0,1,0,0,0,0,0,0,1,0,-1,0,0,0,1,-1,0,0,0,0,1,-1,1,0,0,0,0,-1,0,0,0,0,0,1,0,0,0,0,0,0","0,0.0025575447570332483,0.0025575447570332483,0,0,0,0.0025575447570332483,0.0025575447570332483,0.0025575447570332483,0.0025575447570332483,0,0.0025575447570332483,0.0025575447570332483,0.0025575447570332483,0.0025575447570332483,0.0025575447570332483,0.0025575447570332483,0,0.0025575447570332483,0,0.0025575447570332483,0.0025575447570332483,0.0025575447570332483,0,0,0.0025575447570332483,0.0025575447570332483,0.0025575447570332483,0.0025575447570332483,0,0,0,0.0025575447570332483,0.0025575447570332483,0.0025575447570332483,0.8920147769252629,0,0.0025575447570332483,0.023586246092639953,0.0025575447570332483,0.0025575447570332483,0.0025575447570332483,0,0.0025575447570332483,0.0025575447570332483,0.0025575447570332483,0.0025575447570332483,0.0025575447570332483,0.0025575447570332483",-1
"-1,0,0,1,-1,-1,0,0,0,0,1,0,0,0,0,0,0,1,0,-1,0,0,0,1,-1,0,0,0,0,1,-1,1,0,0,0,-1,-1,0,0,0,0,0,1,0,0,0,0,0,0","0,0.02016057091882248,0.013024085637823372,0,0,0,0.021052631578947368,0.021052631578947368,0.01712756467439786,0.025512934879571812,0,0.021052631578947368,0.02016057091882248,0.02016057091882248,0.022836752899197146,0.04567350579839429,0.02016057091882248,0,0.21784121320249777,0,0.024620874219446923,0.04495985727029438,0.021944692239072257,0,0,0.06690454950936664,0.01623550401427297,0.01623550401427297,0.013024085637823372,0,0,0,0.02016057091882248,0.030865298840321142,0.023728813559322035,0,0,0.022836752899197146,0.024620874219446923,0.022836752899197146,0.024620874219446923,0.01623550401427297,0,0.024620874219446923,0.025512934879571812,0.015165031222123104,0.015165031222123104,0.02016057091882248,0.023728813559322035",1
"-1,0,0,1,-1,-1,0,0,0,0,1,0,0,0,0,0,0,1,1,-1,0,0,0,1,-1,0,0,0,0,1,-1,1,0,0,0,-1,-1,0,0,0,0,0,1,0,0,0,0,0,0","0,0.001898047722342733,0.019251626898047724,0,0,0,0.001898047722342733,0.001898047722342733,0.001898047722342733,0.001898047722342733,0,0.001898047722342733,0.001898047722342733,0.001898047722342733,0.001898047722342733,0.019251626898047724,0.001898047722342733,0,0,0,0.001898047722342733,0.019522776572668113,0.001898047722342733,0,0,0.8345986984815619,0.019522776572668113,0.001898047722342733,0.019251626898047724,0,0,0,0.001898047722342733,0.001898047722342733,0.001898047722342733,0,0,0.001898047722342733,0.001898047722342733,0.001898047722342733,0.001898047722342733,0.001898047722342733,0,0.001898047722342733,0.001898047722342733,0.001898047722342733,0.019251626898047724,0.001898047722342733,0.001898047722342733",-1
"-1,0,0,1,-1,-1,0,0,0,0,1,0,0,0,0,0,0,1,1,-1,0,0,0,1,-1,-1,0,0,0,1,-1,1,0,0,0,-1,-1,0,0,0,0,0,1,0,0,0,0,0,0","0,0.026505589614136314,0.0284890010818608,0,0,0,0.07987738910926794,0.026505589614136314,0.026505589614136314,0.026505589614136314,0,0.026505589614136314,0.0284890010818608,0.0284890010818608,0.07987738910926794,0.026505589614136314,0.0284890010818608,0,0,0,0.0284890010818608,0.026505589614136314,0.026505589614136314,0,0,0,0.030472412549585288,0.026505589614136314,0.026505589614136314,0,0,0,0.0284890010818608,0.0284890010818608,0.03425892535160476,0,0,0.0284890010818608,0.026505589614136314,0.026505589614136314,0.026505589614136314,0.03227551388388027,0,0.026505589614136314,0.030472412549585288,0.026505589614136314,0.03227551388388027,0.0284890010818608,0.026505589614136314",1
"-1,0,0,1,-1,-1,1,0,0,0,1,0,0,0,0,0,0,1,1,-1,0,0,0,1,-1,-1,0,0,0,1,-1,1,0,0,0,-1,-1,0,0,0,0,0,1,0,0,0,0,0,0","0,0.021291208791208792,0.017513736263736264,0,0,0,0,0.021634615384615384,0.021291208791208792,0.017170329670329672,0,0.021291208791208792,0.020604395604395604,0.15144230769230768,0.02197802197802198,0.020947802197802196,0.020947802197802196,0,0,0,0.15144230769230768,0.0013736263736263737,0.016826923076923076,0,0,0,0.15144230769230768,0.018200549450549452,0.018543956043956044,0,0,0,0.023351648351648352,0.019917582417582416,0.021291208791208792,0,0,0.020947802197802196,0.015796703296703296,0.021291208791208792,0.021634615384615384,0.02197802197802198,0,0.019230769230769232,0.02197802197802198,0.020947802197802196,0.018200549450549452,0.022321428571428572,0.017170329670329672",-1
"0,0,0,0,0,0,0,0,0,0,0,0,0,0,0,0,0,0,0,0,0,0,0,0,0,0,0,0,0,0,0,0,0,0,0,0,0,0,0,0,0,0,0,0,0,0,0,0,0","0.042839657282741736,0.04039167686658507,0.03590371277029784,0.002039983680130559,0.002039983680130559,0.039575683394532844,0.002039983680130559,0.002039983680130559,0.002039983680130559,0.044471644226846185,0.046511627906976744,0.04079967360261118,0.002039983680130559,0.04039167686658507,0.002039983680130559,0.039575683394532844,0.002039983680130559,0.037535699714402286,0.002039983680130559,0.04528763769889841,0.002039983680130559,0.03549571603427173,0.002039983680130559,0.002039983680130559,0.04039167686658507,0.03345573235414117,0.03508771929824561,0.04243166054671563,0.033047735618115054,0.03998368013055895,0.002039983680130559,0.037943696450428395,0.042839657282741736,0.0416156670746634,0.002039983680130559,0.002039983680130559,0.002039983680130559,0.002039983680130559,0.03345573235414117,0.03835169318645451,0.002039983680130559,0.002039983680130559,0.0416156670746634,0.002039983680130559,0.002039983680130559,0.002039983680130559,0.002039983680130559,0.002039983680130559,0.002039983680130559",1
"0,0,0,0,0,0,0,0,0,0,1,0,0,0,0,0,0,0,0,0,0,0,0,0,0,0,0,0,0,0,0,0,0,0,0,0,0,0,0,0,0,0,0,0,0,0,0,0,0","0.00857365549493375,0.06936866718628215,0.00857365549493375,0.00857365549493375,0.07560405300077942,0.00857365549493375,0.00857365549493375,0.00857365549493375,0.00857365549493375,0.00857365549493375,0,0.00857365549493375,0.00857365549493375,0.00857365549493375,0.07482462977396727,0.00857365549493375,0.00857365549493375,0.00857365549493375,0.00857365549493375,0.00857365549493375,0.00857365549493375,0.00857365549493375,0.00857365549493375,0.14185502727981295,0.00857365549493375,0.0779423226812159,0.00857365549493375,0.00857365549493375,0.00857365549493375,0.00857365549493375,0.00857365549493375,0.00857365549493375,0.00857365549493375,0.00857365549493375,0.00857365549493375,0.00857365549493375,0.07131722525331255,0.07365549493374902,0.00857365549493375,0.00857365549493375,0.00857365549493375,0.00857365549493375,0.00857365549493375,0.00857365549493375,0.0724863600935308,0.00857365549493375,0.00857365549493375,0.00857365549493375,0.00857365549493375",-1
"0,0,0,0,0,0,0,0,0,0,1,0,0,0,0,0,0,0,0,0,0,0,0,-1,0,0,0,0,0,0,0,0,0,0,0,0,0,0,0,0,0,0,0,0,0,0,0,0,0","0.007809726659566915,0.007809726659566915,0.06780262690805822,0.06602768903088392,0.007809726659566915,0.08022719204827831,0.007809726659566915,0.007809726659566915,0.007809726659566915,0.007809726659566915,0,0.007809726659566915,0.007809726659566915,0.007809726659566915,0.007809726659566915,0.07277245296414625,0.007809726659566915,0.12815051473198438,0.07916222932197373,0.007809726659566915,0.007809726659566915,0.007809726659566915,0.06993255236066738,0,0.007809726659566915,0.007809726659566915,0.007809726659566915,0.007809726659566915,0.007809726659566915,0.007809726659566915,0.007809726659566915,0.007809726659566915,0.007809726659566915,0.007809726659566915,0.007809726659566915,0.007809726659566915,0.007809726659566915,0.007809726659566915,0.007809726659566915,0.007809726659566915,0.007809726659566915,0.007809726659566915,0.007809726659566915,0.007809726659566915,0.06957756478523251,0.007809726659566915,0.007809726659566915,0.06957756478523251,0.007809726659566915",1
"0,0,0,0,0,0,0,0,0,0,1,0,0,0,0,0,0,1,0,0,0,0,0,-1,0,0,0,0,0,0,0,0,0,0,0,0,0,0,0,0,0,0,0,0,0,0,0,0,0","0.009591474245115453,0.009591474245115453,0.009591474245115453,0.009591474245115453,0.009591474245115453,0.009591474245115453,0.009591474245115453,0.009591474245115453,0.009591474245115453,0.009591474245115453,0,0.009591474245115453,0.009591474245115453,0.009591474245115453,0.08063943161634103,0.009591474245115453,0.009591474245115453,0,0.07744227353463588,0.009591474245115453,0.009591474245115453,0.009591474245115453,0.07175843694493783,0,0.08383658969804618,0.009591474245115453,0.009591474245115453,0.009591474245115453,0.009591474245115453,0.009591474245115453,0.07602131438721137,0.009591474245115453,0.009591474245115453,0.009591474245115453,0.009591474245115453,0.009591474245115453,0.08596802841918295,0.009591474245115453,0.009591474245115453,0.009591474245115453,0.009591474245115453,0.009591474245115453,0.009591474245115453,0.009591474245115453,0.009591474245115453,0.009591474245115453,0.07602131438721137,0.08383658969804618,0.009591474245115453",-1
"0,0,0,0,0,0,0,0,0,0,1,0,0,0,0,0,0,1,0,0,0,0,0,-1,0,0,0,0,0,0,0,0,0,0,0,0,-1,0,0,0,0,0,0,0,0,0,0,0,0","0.03707823507601038,0.0018539117538005192,0.0018539117538005192,0.03781979977753059,0.03819058212829069,0.0018539117538005192,0.0018539117538005192,0.03819058212829069,0.0018539117538005192,0.0292918057100482,0,0.039302929180571,0.03707823507601038,0.0018539117538005192,0.0018539117538005192,0.0018539117538005192,0.03781979977753059,0,0.0389321468298109,0.04004449388209121,0.03744901742677049,0.0018539117538005192,0.0018539117538005192,0,0.04004449388209121,0.03781979977753059,0.0018539117538005192,0.034853540971449756,0.0018539117538005192,0.0018539117538005192,0.028550241008527995,0.03781979977753059,0.03596588802373007,0.03819058212829069,0.04004449388209121,0.033741193919169445,0,0.0018539117538005192,0.03596588802373007,0.0018539117538005192,0.03819058212829069,0.03707823507601038,0.03596588802373007,0.0018539117538005192,0.0018539117538005192,0.0018539117538005192,0.0018539117538005192,0.04004449388209121,0.039302929180571",1
"0,0,0,0,0,0,0,0,0,0,1,0,0,0,0,0,0,1,0,1,0,0,0,-1,0,0,0,0,0,0,0,0,0,0,0,0,-1,0,0,0,0,0,0,0,0,0,0,0,0","0.014430577223088924,0.014430577223088924,0.014820592823712949,0.014820592823712949,0.014430577223088924,0.014430577223088924,0.014820592823712949,0.10491419656786272,0.014820592823712949,0.014430577223088924,0,0.014820592823712949,0.014820592823712949,0.014430577223088924,0.014820592823712949,0.014820592823712949,0.014430577223088924,0,0.17706708268330734,0,0.014430577223088924,0.014820592823712949,0.014430577223088924,0,0.014430577223088924,0.014430577223088924,0.014820592823712949,0.014820592823712949,0.014430577223088924,0.014820592823712949,0.014820592823712949,0.11778471138845553,0.014820592823712949,0.014430577223088924,0.014430577223088924,0.014430577223088924,0,0.014820592823712949,0.014820592823712949,0.014820592823712949,0.014820592823712949,0.014820592823712949,0.014430577223088924,0.014820592823712949,0.014430577223088924,0.014820592823712949,0.014430577223088924,0.014430577223088924,0.014820592823712949",-1
"0,0,0,0,0,0,0,0,0,0,1,0,0,0,0,0,0,1,-1,1,0,0,0,-1,0,0,0,0,0,0,0,0,0,0,0,0,-1,0,0,0,0,0,0,0,0,0,0,0,0","0.0013740982480247338,0.0013740982480247338,0.0013740982480247338,0.03091721058055651,0.0013740982480247338,0.03091721058055651,0.03023016145654414,0.0013740982480247338,0.0013740982480247338,0.0013740982480247338,0,0.0013740982480247338,0.0013740982480247338,0.02164204740638956,0.0013740982480247338,0.0013740982480247338,0.0013740982480247338,0,0,0,0.0013740982480247338,0.0013740982480247338,0.0013740982480247338,0,0.6959807626245277,0.03091721058055651,0.0013740982480247338,0.0013740982480247338,0.0013740982480247338,0.0013740982480247338,0.0013740982480247338,0.031260735142562696,0.025420817588457576,0.0013740982480247338,0.03229130882858124,0.0013740982480247338,0,0.0013740982480247338,0.0013740982480247338,0.0013740982480247338,0.0013740982480247338,0.0013740982480247338,0.0013740982480247338,0.0013740982480247338,0.0013740982480247338,0.0013740982480247338,0.0013740982480247338,0.02507729302645139,0.0013740982480247338",1
"0,0,0,0,0,0,0,0,0,0,1,0,0,0,0,0,0,1,-1,1,0,0,0,-1,1,0,0,0,0,0,0,0,0,0,0,0,-1,0,0,0,0,0,0,0,0,0,0,0,0","0.03256021409455843,0.02408563782337199,0.014719000892060661,0.017172167707404103,0.029438001784121322,0.014719000892060661,0.03233719892952721,0.029438001784121322,0.03256021409455843,0.019625334522747548,0,0.0252007136485281,0.029438001784121322,0.027207850133809098,0.028322925958965208,0.012265834076717217,0.010704727921498661,0,0,0,0.030330062444246207,0.013603925066904549,0.012265834076717217,0,0,0.029438001784121322,0.010704727921498661,0.016057091882247992,0.010704727921498661,0.029438001784121322,0.03456735057983943,0.039473684210526314,0.030330062444246207,0.014719000892060661,0.013603925066904549,0.03144513826940232,0,0.010704727921498661,0.03456735057983943,0.028322925958965208,0.03456735057983943,0.02408563782337199,0.027207850133809098,0.027207850133809098,0.03144513826940232,0.03345227475468332,0.016057091882247992,0.0252007136485281,0.010704727921498661",-1
"0,0,0,0,0,0,0,0,0,0,1,0,0,0,0,0,0,1,-1,1,0,0,0,-1,1,0,0,0,0,0,0,-1,0,0,0,0,-1,0,0,0,0,0,0,0,0,0,0,0,0","0.036418816388467376,0.0018968133535660092,0.026555386949924126,0.0018968133535660092,0.0018968133535660092,0.0018968133535660092,0.038694992412746584,0.0018968133535660092,0.0018968133535660092,0.0018968133535660092,0,0.04021244309559939,0.0018968133535660092,0.0018968133535660092,0.0018968133535660092,0.0018968133535660092,0.0018968133535660092,0,0,0,0.04059180576631259,0.02693474962063733,0.0018968133535660092,0,0,0.0018968133535660092,0.027314112291350532,0.0018968133535660092,0.028452200303490136,0.0018968133535660092,0.04021244309559939,0,0.03983308042488619,0.04059180576631259,0.0018968133535660092,0.03945371775417299,0,0.0018968133535660092,0.0018968133535660092,0.0018968133535660092,0.04059180576631259,0.0018968133535660092,0.0018968133535660092,0.0018968133535660092,0.456752655538695,0.0018968133535660092,0.028072837632776935,0.0018968133535660092,0.0018968133535660092",1
"0,0,0,0,0,0,0,0,0,0,1,0,0,0,0,0,0,1,-1,1,0,0,0,-1,1,0,0,0,0,0,0,-1,0,0,0,0,-1,0,0,0,0,0,0,0,1,0,0,0,0","0.039847161572052404,0.01118995633187773,0.010917030567685589,0.03084061135371179,0.010917030567685589,0.027292576419213975,0.0412117903930131,0.01118995633187773,0.010917030567685589,0.04230349344978166,0,0.01118995633187773,0.04230349344978166,0.025927947598253277,0.010917030567685589,0.014192139737991267,0.02947598253275109,0,0,0,0.0412117903930131,0.015556768558951965,0.03766375545851528,0,0,0.04203056768558952,0.06441048034934498,0.03302401746724891,0.01118995633187773,0.01118995633187773,0.010917030567685589,0,0.08569868995633188,0.01118995633187773,0.015556768558951965,0.010917030567685589,0,0.01118995633187773,0.04585152838427948,0.010917030567685589,0.010917030567685589,0.01118995633187773,0.035480349344978165,0.01118995633187773,0,0.0412117903930131,0.01118995633187773,0.010917030567685589,0.03875545851528384",-1
"0,0,0,0,0,0,0,0,0,0,1,0,0,0,0,0,0,1,-1,1,0,0,0,-1,1,0,0,0,0,0,0,-1,-1,0,0,0,-1,0,0,0,0,0,0,0,1,0,0,0,0","0.013333333333333334,0.013333333333333334,0.08144144144144144,0.08792792792792793,0.013333333333333334,0.013333333333333334,0.08792792792792793,0.013333333333333334,0.013333333333333334,0.013333333333333334,0,0.013333333333333334,0.013333333333333334,0.013333333333333334,0.013333333333333334,0.013333333333333334,0.013333333333333334,0,0,0,0.013333333333333334,0.08396396396396397,0.09333333333333334,0,0,0.013333333333333334,0.013333333333333334,0.013333333333333334,0.013333333333333334,0.013333333333333334,0.013333333333333334,0,0,0.013333333333333334,0.013333333333333334,0.013333333333333334,0,0.013333333333333334,0.013333333333333334,0.013333333333333334,0.013333333333333334,0.013333333333333334,0.013333333333333334,0.013333333333333334,0,0.013333333333333334,0.1254054054054054,0.013333333333333334,0.013333333333333334",1
"0,0,0,0,0,0,0,0,0,0,1,0,0,0,0,0,0,1,-1,1,0,0,0,-1,1,0,0,0,0,0,0,-1,-1,0,0,0,-1,0,0,0,0,0,0,0,1,0,1,0,0","0.05444839857651246,0.00498220640569395,0.00498220640569395,0.046263345195729534,0.00498220640569395,0.04804270462633452,0.00498220640569395,0.046263345195729534,0.00498220640569395,0.055871886120996445,0,0.004626334519572953,0.046263345195729534,0.00498220640569395,0.00498220640569395,0.00498220640569395,0.0501779359430605,0,0,0,0.05658362989323843,0.00498220640569395,0.004626334519572953,0,0,0.004626334519572953,0.00498220640569395,0.05800711743772242,0.00498220640569395,0.00498220640569395,0.004626334519572953,0,0,0.05516014234875445,0.049466192170818504,0.04875444839857651,0,0.00498220640569395,0.004626334519572953,0.049466192170818504,0.08256227758007118,0.049466192170818504,0.004626334519572953,0.00498220640569395,0,0.049466192170818504,0,0.004626334519572953,0.051601423487544484",-1
"0,0,0,0,0,0,0,0,0,0,1,0,0,0,0,0,0,1,-1,1,0,0,0,-1,1,0,0,0,0,0,0,-1,-1,0,0,0,-1,0,0,0,-1,0,0,0,1,0,1,0,0","0.014471243042671614,0.014471243042671614,0.014471243042671614,0.014471243042671614,0.014471243042671614,0.014471243042671614,0.016697588126159554,0.08311688311688312,0.014471243042671614,0.016697588126159554,0,0.08163265306122448,0.014471243042671614,0.014471243042671614,0.014471243042671614,0.014471243042671614,0.014471243042671614,0,0,0,0.014471243042671614,0.014471243042671614,0.014471243042671614,0,0,0.014471243042671614,0.014471243042671614,0.014471243042671614,0.014471243042671614,0.014471243042671614,0.09424860853432282,0,0,0.02634508348794063,0.033024118738404454,0.014471243042671614,0,0.014471243042671614,0.02189239332096475,0.1476808905380334,0,0.07717996289424861,0.018923933209647494,0.014471243042671614,0,0.02077922077922078,0,0.014471243042671614,0.014471243042671614",1
"0,0,0,0,0,0,0,0,0,0,1,0,0,0,0,0,0,1,-1,1,0,0,0,-1,1,0,0,0,0,0,0,-1,-1,0,0,0,-1,0,0,1,-1,0,0,0,1,0,1,0,0","0.01013277428371768,0.01013277428371768,0.01013277428371768,0.06359189378057302,0.01013277428371768,0.06359189378057302,0.01013277428371768,0.01013277428371768,0.01013277428371768,0.01013277428371768,0,0.01013277428371768,0.06464011180992313,0.01013277428371768,0.01013277428371768,0.01013277428371768,0.01013277428371768,0,0,0,0.01013277428371768,0.01013277428371768,0.01013277428371768,0,0,0.01013277428371768,0.16212438853948288,0.01013277428371768,0.01013277428371768,0.01013277428371768,0.01013277428371768,0,0,0.01013277428371768,0.06254367575122292,0.01013277428371768,0,0.06813417190775681,0.01013277428371768,0,0,0.10482180293501048,0.06114605171208945,0.01013277428371768,0,0.01013277428371768,0,0.01013277428371768,0.07582110412299091",-1
"0,0,0,0,0,0,0,0,0,0,1,0,0,0,0,0,0,1,-1,1,0,0,0,-1,1,0,-1,0,0,0,0,-1,-1,0,0,0,-1,0,0,1,-1,0,0,0,1,0,1,0,0","0.014680778422669852,0.011949470809149881,0.011608057357459884,0.011608057357459884,0.011608057357459884,0.011608057357459884,0.06896551724137931,0.039603960396039604,0.011949470809149881,0.011949470809149881,0,0.011949470809149881,0.011949470809149881,0.011949470809149881,0.011608057357459884,0.011608057357459884,0.0798907476954592,0,0,0,0.013656538067599864,0.011949470809149881,0.0798907476954592,0,0,0.07750085353362922,0,0.04131102765448959,0.030385797200409695,0.018436326391259816,0.042676681461249574,0,0,0.011608057357459884,0.015363605326049846,0.07408671901672925,0,0.011949470809149881,0.07511095937179925,0,0,0.011608057357459884,0.07511095937179925,0.02902014339364971,0,0.011949470809149881,0,0.011949470809149881,0.011949470809149881",1
"0,0,0,0,0,0,0,0,0,0,1,0,0,0,0,0,1,1,-1,1,0,0,0,-1,1,0,-1,0,0,0,0,-1,-1,0,0,0,-1,0,0,1,-1,0,0,0,1,0,1,0,0","0.002962962962962963,0.03777777777777778,0.002962962962962963,0.03740740740740741,0.002962962962962963,0.002962962962962963,0.03962962962962963,0.002962962962962963,0.002962962962962963,0.03777777777777778,0,0.002962962962962963,0.04037037037037037,0.002962962962962963,0.002962962962962963,0.002962962962962963,0,0,0,0,0.040740740740740744,0.002962962962962963,0.03851851851851852,0,0,0.002962962962962963,0,0.03925925925925926,0.002962962962962963,0.002962962962962963,0.03333333333333333,0,0,0.040740740740740744,0.002962962962962963,0.040740740740740744,0,0.33740740740740743,0.03851851851851852,0,0,0.03777777777777778,0.03777777777777778,0.002962962962962963,0,0.035555555555555556,0,0.002962962962962963,0.0362962962962963",-1
"0,0,0,0,0,0,0,0,0,0,1,0,0,0,0,0,1,1,-1,1,0,0,0,-1,1,0,-1,0,0,0,0,-1,-1,0,0,0,-1,-1,0,1,-1,0,0,0,1,0,1,0,0","0.03167554766133807,0.02486678507992895,0.03818827708703375,0.027531083481349913,0.03167554766133807,0.021906453522794554,0.012433392539964476,0.03167554766133807,0.012433392539964476,0.021906453522794554,0,0.02634695085849615,0.023386619301361752,0.02901124925991711,0.017465956187092953,0.03818827708703375,0,0,0,0,0.03966844286560095,0.03582001184132623,0.02901124925991711,0,0,0.03315571343990527,0,0.03582001184132623,0.03582001184132623,0.03315571343990527,0.03167554766133807,0,0,0.02901124925991711,0.015985790408525755,0.023386619301361752,0,0,0.018946121965660152,0,0,0.07223208999407933,0.027531083481349913,0.027531083481349913,0,0.02634695085849615,0,0.027531083481349913,0.06867969212551805",1
"0,0,0,0,0,0,0,0,0,0,1,0,0,0,0,0,1,1,-1,1,0,0,0,-1,1,0,-1,0,0,0,0,-1,-1,0,0,0,-1,-1,0,1,-1,1,0,0,1,0,1,0,0","0.0025811209439528023,0.03355457227138643,0.0025811209439528023,0.03761061946902655,0.0357669616519174,0.03797935103244838,0.0025811209439528023,0.0025811209439528023,0.03687315634218289,0.0025811209439528023,0,0.03171091445427729,0.0025811209439528023,0.0025811209439528023,0.03466076696165192,0.0025811209439528023,0,0,0,0,0.03687315634218289,0.0025811209439528023,0.0025811209439528023,0,0,0.0025811209439528023,0,0.03797935103244838,0.0025811209439528023,0.0025811209439528023,0.03281710914454277,0,0,0.03797935103244838,0.03687315634218289,0.3473451327433628,0,0,0.03797935103244838,0,0,0,0.0025811209439528023,0.03466076696165192,0,0.03797935103244838,0,0.03761061946902655,0.03761061946902655",-1
"0,0,0,0,0,0,0,0,0,0,1,0,0,0,0,0,1,1,-1,1,0,0,0,-1,1,0,-1,0,0,0,0,-1,-1,0,0,-1,-1,-1,0,1,-1,1,0,0,1,0,1,0,0","0.032541776605101144,0.028437408384637937,0.021694517736734097,0.024039871005570215,0.03664614482556435,0.021694517736734097,0.026385224274406333,0.03840515977719144,0.021694517736734097,0.024039871005570215,0,0.024039871005570215,0.026385224274406333,0.034593960715332744,0.028437408384637937,0.08032834945763706,0,0,0,0,0.04221635883905013,0.021694517736734097,0.03048959249486954,0,0,0.08853708589856348,0,0.032541776605101144,0.021694517736734097,0.032541776605101144,0.034593960715332744,0,0,0.028437408384637937,0.03048959249486954,0,0,0,0.032541776605101144,0,0,0,0.032541776605101144,0.021694517736734097,0,0.032541776605101144,0,0.026385224274406333,0.021694517736734097",1
"0,0,0,0,0,0,0,0,0,0,1,0,0,0,0,0,1,1,-1,1,0,0,0,-1,1,1,-1,0,0,0,0,-1,-1,0,0,-1,-1,-1,0,1,-1,1,0,0,1,0,1,0,0","0.021284271284271284,0.023088023088023088,0.001443001443001443,0.023088023088023088,0.0183982683982684,0.021645021645021644,0.023809523809523808,0.017676767676767676,0.001443001443001443,0.023809523809523808,0,0.001443001443001443,0.001443001443001443,0.001443001443001443,0.0183982683982684,0.01911976911976912,0,0,0,0,0.18326118326118326,0.001443001443001443,0.023448773448773448,0,0,0,0,0.18362193362193363,0.023088023088023088,0.022727272727272728,0.023448773448773448,0,0,0.18362193362193363,0.023809523809523808,0,0,0,0.021284271284271284,0,0,0,0.022727272727272728,0.022005772005772004,0,0.001443001443001443,0,0.022727272727272728,0.023809523809523808",-1
"0,0,0,0,0,0,0,0,0,0,0,0,0,0,0,0,0,0,0,0,0,0,0,0,0,0,0,0,0,0,0,0,0,0,0,0,0,0,0,0,0,0,0,0,0,0,0,0,0","0.028967768257853937,0.028559771521827825,0.02529579763361893,0.0012239902080783353,0.02692778457772338,0.02529579763361893,0.02447980416156671,0.0012239902080783353,0.029783761729906162,0.0012239902080783353,0.0012239902080783353,0.02937576499388005,0.0012239902080783353,0.024887800897592818,0.0012239902080783353,0.025703794369645042,0.03182374541003672,0.02284781721746226,0.02529579763361893,0.0277437780497756,0.0012239902080783353,0.02447980416156671,0.02529579763361893,0.0012239902080783353,0.03223174214606283,0.0012239902080783353,0.022439820481436147,0.024887800897592818,0.024071807425540596,0.02447980416156671,0.03019175846593227,0.02447980416156671,0.023255813953488372,0.028967768257853937,0.024071807425540596,0.026519787841697267,0.029783761729906162,0.0277437780497756,0.02529579763361893,0.0012239902080783353,0.02529579763361893,0.03019175846593227,0.0012239902080783353,0.026111791105671155,0.028967768257853937,0.02529579763361893,0.024071807425540596,0.0012239902080783353,0.03019175846593227",-1
"0,0,0,0,0,0,0,0,0,0,0,0,0,0,0,0,0,0,0,0,0,0,0,0,-1,0,0,0,0,0,0,0,0,0,0,0,0,0,0,0,0,0,0,0,0,0,0,0,0","0.005136309758988542,0.005136309758988542,0.05294350059265113,0.005136309758988542,0.005136309758988542,0.005136309758988542,0.005136309758988542,0.06558672461477677,0.05452390359541683,0.005136309758988542,0.06637692611615963,0.06716712761754247,0.056499407348873966,0.005136309758988542,0.005136309758988542,0.005136309758988542,0.005136309758988542,0.056499407348873966,0.005136309758988542,0.005136309758988542,0.061240616357171075,0.005136309758988542,0.056499407348873966,0.005136309758988542,0,0.005136309758988542,0.005136309758988542,0.057289608850256815,0.005136309758988542,0.057289608850256815,0.005136309758988542,0.005136309758988542,0.005136309758988542,0.060450414855788226,0.005136309758988542,0.057289608850256815,0.005136309758988542,0.005136309758988542,0.005136309758988542,0.005136309758988542,0.005136309758988542,0.005136309758988542,0.05570920584749111,0.005136309758988542,0.005136309758988542,0.005136309758988542,0.005136309758988542,0.005136309758988542,0.005136309758988542",1
"0,0,0,0,0,0,0,0,0,0,0,1,0,0,0,0,0,0,0,0,0,0,0,0,-1,0,0,0,0,0,0,0,0,0,0,0,0,0,0,0,0,0,0,0,0,0,0,0,0","0.04422417079679756,0.04689287075867327,0.002668699961875715,0.002668699961875715,0.046130385055280214,0.002668699961875715,0.04384292794510103,0.002668699961875715,0.002668699961875715,0.002668699961875715,0.045367899351887155,0,0.002668699961875715,0.04689287075867327,0.04689287075867327,0.041555470834921844,0.04384292794510103,0.0472741136103698,0.04803659931376287,0.041174227983225314,0.041555470834921844,0.002668699961875715,0.002668699961875715,0.002668699961875715,0,0.002668699961875715,0.002668699961875715,0.002668699961875715,0.03964925657643919,0.04269919939001144,0.04765535646206634,0.002668699961875715,0.002668699961875715,0.0423179565383149,0.002668699961875715,0.0434616850934045,0.04689287075867327,0.002668699961875715,0.040030499428135725,0.002668699961875715,0.002668699961875715,0.002668699961875715,0.002668699961875715,0.002668699961875715,0.002668699961875715,0.002668699961875715,0.002668699961875715,0.04422417079679756,0.002668699961875715",-1
"0,0,0,0,0,0,0,0,0,0,0,1,0,0,0,0,0,0,-1,0,0,0,0,0,-1,0,0,0,0,0,0,0,0,0,0,0,0,0,0,0,0,0,0,0,0,0,0,0,0","0.0050387596899224806,0.0050387596899224806,0.0050387596899224806,0.0050387596899224806,0.0050387596899224806,0.0050387596899224806,0.0050387596899224806,0.06046511627906977,0.05891472868217054,0.0050387596899224806,0.0050387596899224806,0,0.0050387596899224806,0.0050387596899224806,0.0050387596899224806,0.06279069767441861,0.0050387596899224806,0.06434108527131784,0,0.0050387596899224806,0.05891472868217054,0.0050387596899224806,0.053488372093023255,0.0050387596899224806,0,0.056589147286821705,0.0050387596899224806,0.06782945736434108,0.0050387596899224806,0.06550387596899225,0.05813953488372093,0.0050387596899224806,0.05891472868217054,0.0050387596899224806,0.0050387596899224806,0.05813953488372093,0.056589147286821705,0.0050387596899224806,0.0050387596899224806,0.05813953488372093,0.0050387596899224806,0.0050387596899224806,0.0050387596899224806,0.0050387596899224806,0.0050387596899224806,0.0050387596899224806,0.0050387596899224806,0.0050387596899224806,0.0050387596899224806",1
"0,0,0,0,0,0,0,0,0,0,0,1,0,0,0,0,0,0,-1,0,0,0,0,0,-1,0,0,1,0,0,0,0,0,0,0,0,0,0,0,0,0,0,0,0,0,0,0,0,0","0.0403041825095057,0.038403041825095054,0.03802281368821293,0.0022813688212927757,0.03802281368821293,0.0022813688212927757,0.0022813688212927757,0.04334600760456274,0.0022813688212927757,0.0022813688212927757,0.0022813688212927757,0,0.0022813688212927757,0.0022813688212927757,0.04144486692015209,0.0022813688212927757,0.2813688212927757,0.039923954372623575,0,0.0022813688212927757,0.0022813688212927757,0.0022813688212927757,0.0022813688212927757,0.06692015209125475,0,0.0022813688212927757,0.0022813688212927757,0,0.04144486692015209,0.0022813688212927757,0.0022813688212927757,0.04106463878326996,0.0376425855513308,0.0022813688212927757,0.0022813688212927757,0.0022813688212927757,0.0022813688212927757,0.0022813688212927757,0.0022813688212927757,0.0022813688212927757,0.0022813688212927757,0.04106463878326996,0.0022813688212927757,0.0022813688212927757,0.04182509505703422,0.03193916349809886,0.03802281368821293,0.035361216730038024,0.0022813688212927757",-1
"0,0,0,0,0,0,0,0,0,0,0,1,0,0,0,0,-1,0,-1,0,0,0,0,0,-1,0,0,1,0,0,0,0,0,0,0,0,0,0,0,0,0,0,0,0,0,0,0,0,0","0.013454317897371715,0.013454317897371715,0.01376720901126408,0.013454317897371715,0.013454317897371715,0.013454317897371715,0.060387984981226536,0.013454317897371715,0.013454317897371715,0.013454317897371715,0.013454317897371715,0,0.013454317897371715,0.04818523153942428,0.013454317897371715,0.013454317897371715,0,0.013454317897371715,0,0.013454317897371715,0.04536921151439299,0.013454317897371715,0.09793491864831039,0.05819774718397998,0,0.01376720901126408,0.013454317897371715,0,0.013454317897371715,0.04818523153942428,0.01376720901126408,0.01376720901126408,0.04693366708385482,0.013454317897371715,0.013454317897371715,0.03754693366708386,0.013454317897371715,0.013454317897371715,0.013454317897371715,0.013454317897371715,0.01376720901126408,0.013454317897371715,0.013454317897371715,0.013454317897371715,0.013454317897371715,0.013454317897371715,0.045682102628285357,0.052565707133917394,0.013454317897371715",1
"0,0,0,0,0,0,0,0,0,0,0,1,0,0,0,0,-1,0,-1,0,0,0,1,0,-1,0,0,1,0,0,0,0,0,0,0,0,0,0,0,0,0,0,0,0,0,0,0,0,0","0.039711191335740074,0.036101083032490974,0.0021660649819494585,0.03646209386281588,0.0021660649819494585,0.0021660649819494585,0.038628158844765344,0.0368231046931408,0.03754512635379061,0.0021660649819494585,0.0021660649819494585,0,0.0021660649819494585,0.0021660649819494585,0.06389891696750903,0.035018050541516244,0,0.04404332129963899,0,0.03754512635379061,0.03898916967509025,0.0021660649819494585,0,0.036101083032490974,0,0.035740072202166066,0.0021660649819494585,0,0.0021660649819494585,0.04151624548736462,0.03176895306859206,0.03285198555956679,0.033574007220216605,0.0021660649819494585,0.0021660649819494585,0.04151624548736462,0.04115523465703971,0.0021660649819494585,0.0021660649819494585,0.034657039711191336,0.0021660649819494585,0.038628158844765344,0.035018050541516244,0.0021660649819494585,0.038628158844765344,0.0021660649819494585,0.0021660649819494585,0.036101083032490974,0.03898916967509025",-1
"0,0,0,0,0,0,0,0,0,0,0,1,0,0,-1,0,-1,0,-1,0,0,0,1,0,-1,0,0,1,0,0,0,0,0,0,0,0,0,0,0,0,0,0,0,0,0,0,0,0,0","0.01555977229601518,0.01555977229601518,0.015939278937381403,0.015939278937381403,0.01555977229601518,0.040607210626185955,0.015939278937381403,0.01555977229601518,0.01555977229601518,0.03453510436432638,0.01555977229601518,0,0.01555977229601518,0.01555977229601518,0,0.01555977229601518,0,0.05388994307400379,0,0.015939278937381403,0.015939278937381403,0.01555977229601518,0,0.01555977229601518,0,0.01555977229601518,0.01555977229601518,0,0.01555977229601518,0.015939278937381403,0.015939278937381403,0.10664136622390892,0.015939278937381403,0.015939278937381403,0.11385199240986717,0.01555977229601518,0.01555977229601518,0.01555977229601518,0.048956356736242886,0.01555977229601518,0.015939278937381403,0.015939278937381403,0.01555977229601518,0.05199240986717268,0.01555977229601518,0.015939278937381403,0.01555977229601518,0.01555977229601518,0.015939278937381403",1
"0,0,0,0,0,0,0,0,0,0,0,1,0,0,-1,0,-1,0,-1,0,0,0,1,0,-1,0,0,1,0,0,0,0,0,0,1,0,0,0,0,0,0,0,0,0,0,0,0,0,0","0.002899601304820587,0.03986951794128307,0.04421891989851395,0.04530627038782167,0.002899601304820587,0.002899601304820587,0.002899601304820587,0.002899601304820587,0.002899601304820587,0.002899601304820587,0.0449438202247191,0,0.002899601304820587,0.043494019572308806,0,0.03660746647335991,0,0.04385646973541138,0,0.002899601304820587,0.041319318593693366,0.002899601304820587,0,0.04603117071402682,0,0.002899601304820587,0.04603117071402682,0,0.04421891989851395,0.04530627038782167,0.002899601304820587,0.03878216745197535,0.043494019572308806,0.002899601304820587,0,0.002899601304820587,0.04421891989851395,0.042406669083001086,0.002899601304820587,0.042406669083001086,0.002899601304820587,0.04385646973541138,0.002899601304820587,0.041319318593693366,0.04204421891989851,0.002899601304820587,0.03986951794128307,0.04530627038782167,0.002899601304820587",-1
"0,0,0,0,0,0,0,0,0,0,0,1,0,0,-1,0,-1,0,-1,0,0,0,1,-1,-1,0,0,1,0,0,0,0,0,0,1,0,0,0,0,0,0,0,0,0,0,0,0,0,0","0.07885581754928489,0.07499033629686896,0.08388094317742559,0.011596443757247778,0.07885581754928489,0.011596443757247778,0.011596443757247778,0.011596443757247778,0.08001546192500966,0.011596443757247778,0.01198299188248937,0,0.01198299188248937,0.07730962504831851,0,0.01198299188248937,0,0.01198299188248937,0,0.01198299188248937,0.011596443757247778,0.01198299188248937,0,0,0,0.01198299188248937,0.011596443757247778,0,0.01198299188248937,0.01198299188248937,0.01198299188248937,0.01198299188248937,0.01198299188248937,0.01198299188248937,0,0.01198299188248937,0.011596443757247778,0.07730962504831851,0.011596443757247778,0.011596443757247778,0.01198299188248937,0.011596443757247778,0.011596443757247778,0.01198299188248937,0.011596443757247778,0.011596443757247778,0.011596443757247778,0.01198299188248937,0.07112485504445304",1
"0,0,1,0,0,0,0,0,0,0,0,1,0,0,-1,0,-1,0,-1,0,0,0,1,-1,-1,0,0,1,0,0,0,0,0,0,1,0,0,0,0,0,0,0,0,0,0,0,0,0,0","0.0018670649738610904,0.03211351755041075,0,0.03248693054518297,0.0018670649738610904,0.0018670649738610904,0.03211351755041075,0.03323375653472741,0.03659447348767737,0.033607169529499624,0.03435399551904406,0,0.03659447348767737,0.0018670649738610904,0,0.06833457804331591,0,0.037341299477221805,0,0.03248693054518297,0.037714712471994025,0.0018670649738610904,0,0,0,0.03174010455563853,0.0351008215085885,0,0.028005974607916356,0.038461538461538464,0.03659447348767737,0.0018670649738610904,0.0018670649738610904,0.03248693054518297,0,0.035474234503360715,0.035474234503360715,0.05563853622106049,0.0018670649738610904,0.0018670649738610904,0.036221060492905154,0.035847647498132934,0.0018670649738610904,0.0018670649738610904,0.037341299477221805,0.0018670649738610904,0.02875280059746079,0.029873039581777446,0.033607169529499624",-1
"0,0,1,0,0,0,0,0,0,0,0,1,0,0,-1,-1,-1,0,-1,0,0,0,1,-1,-1,0,0,1,0,0,0,0,0,0,1,0,0,0,0,0,0,0,0,0,0,0,0,0,0","0.02155009451795841,0.02155009451795841,0,0.023818525519848772,0.02155009451795841,0.029111531190926274,0.035916824196597356,0.02155009451795841,0.023818525519848772,0.02155009451795841,0.02155009451795841,0,0.03364839319470699,0.023818525519848772,0,0,0,0.02155009451795841,0,0.02155009451795841,0.02155009451795841,0.023818525519848772,0,0,0,0.02155009451795841,0.02155009451795841,0,0.023818525519848772,0.02155009451795841,0.026465028355387523,0.02155009451795841,0.02155009451795841,0.026465028355387523,0,0.029111531190926274,0.024196597353497166,0.09792060491493383,0.031379962192816635,0.02155009451795841,0.02155009451795841,0.026465028355387523,0.03364839319470699,0.02155009451795841,0.02155009451795841,0.029111531190926274,0.02155009451795841,0.024196597353497166,0.023818525519848772",1
"0,0,1,0,0,0,0,0,0,0,0,1,0,0,-1,-1,-1,0,-1,0,0,0,1,-1,-1,0,0,1,0,0,0,0,0,0,1,0,0,1,0,0,0,0,0,0,0,0,0,0,0","0.026818515797207936,0.026818515797207936,0,0.023144746509919177,0.02351212343864805,0.02718589272593681,0.02351212343864805,0.023144746509919177,0.022409992652461425,0.036737692872887584,0.036737692872887584,0,0.02718589272593681,0.036737692872887584,0,0,0,0.02351212343864805,0,0.026818515797207936,0.036737692872887584,0.0011021307861866275,0,0,0,0.021675238795003673,0.026818515797207936,0,0.02351212343864805,0.02718589272593681,0.02718589272593681,0.036737692872887584,0.02718589272593681,0.02204261572373255,0,0.036737692872887584,0.026818515797207936,0,0.026083761939750184,0.02718589272593681,0.036737692872887584,0.036737692872887584,0.024246877296105803,0.025349008082292433,0.022409992652461425,0.023144746509919177,0.026083761939750184,0.026818515797207936,0.02718589272593681",-1
"0,0,1,0,0,0,0,0,0,-1,0,1,0,0,-1,-1,-1,0,-1,0,0,0,1,-1,-1,0,0,1,0,0,0,0,0,0,1,0,0,1,0,0,0,0,0,0,0,0,0,0,0","0.021450858034321372,0.02418096723868955,0,0.021450858034321372,0.02925117004680187,0.02418096723868955,0.038611544461778474,0.042901716068642744,0.021450858034321372,0,0.021450858034321372,0,0.021450858034321372,0.038611544461778474,0,0,0,0.02691107644305772,0,0.03627145085803432,0.03159126365054602,0.03627145085803432,0,0,0,0.021450858034321372,0.02925117004680187,0,0.038611544461778474,0.0265210608424337,0.02418096723868955,0.021450858034321372,0.021450858034321372,0.021450858034321372,0,0.02925117004680187,0.02925117004680187,0,0.02925117004680187,0.033931357254290175,0.021450858034321372,0.021450858034321372,0.02691107644305772,0.021450858034321372,0.02418096723868955,0.02418096723868955,0.03627145085803432,0.0405616224648986,0.021450858034321372",1
"0,0,1,0,0,0,0,1,0,-1,0,1,0,0,-1,-1,-1,0,-1,0,0,0,1,-1,-1,0,0,1,0,0,0,0,0,0,1,0,0,1,0,0,0,0,0,0,0,0,0,0,0","0.028737864077669904,0.0011650485436893205,0,0.027184466019417475,0.02796116504854369,0.028349514563106797,0.0011650485436893205,0,0.027184466019417475,0,0.027572815533980582,0,0.08038834951456311,0.028737864077669904,0,0,0,0.08038834951456311,0,0.028737864077669904,0.08038834951456311,0.028349514563106797,0,0,0,0.0011650485436893205,0.0011650485436893205,0,0.0011650485436893205,0.0011650485436893205,0.02796116504854369,0.028349514563106797,0.0011650485436893205,0.027184466019417475,0,0.0011650485436893205,0.028349514563106797,0,0.08038834951456311,0.02796116504854369,0.08038834951456311,0.028349514563106797,0.0011650485436893205,0.027572815533980582,0.02679611650485437,0.027572815533980582,0.028737864077669904,0.02796116504854369,0.02796116504854369",-1
"0,0,1,0,0,0,0,1,0,-1,0,1,-1,0,-1,-1,-1,0,-1,0,0,0,1,-1,-1,0,0,1,0,0,0,0,0,0,1,0,0,1,0,0,0,0,0,0,0,0,0,0,0","0.031425364758698095,0.02843247287691732,0,0.028058361391694726,0.028058361391694726,0.02843247287691732,0.05985783763561541,0,0.028058361391694726,0,0.02843247287691732,0,0,0.028058361391694726,0,0,0,0.02843247287691732,0,0.028058361391694726,0.031425364758698095,0.028058361391694726,0,0,0,0.02843247287691732,0.028058361391694726,0,0.028058361391694726,0.028058361391694726,0.02843247287691732,0.028058361391694726,0.02843247287691732,0.028058361391694726,0,0.02843247287691732,0.028058361391694726,0,0.031425364758698095,0.028058361391694726,0.02843247287691732,0.028058361391694726,0.028058361391694726,0.028058361391694726,0.02843247287691732,0.028058361391694726,0.028058361391694726,0.02843247287691732,0.028058361391694726",1
"0,0,1,0,0,0,1,1,0,-1,0,1,-1,0,-1,-1,-1,0,-1,0,0,0,1,-1,-1,0,0,1,0,0,0,0,0,0,1,0,0,1,0,0,0,0,0,0,0,0,0,0,0","0.0015226494099733537,0.02588503996954701,0,0.0015226494099733537,0.0015226494099733537,0.028169014084507043,0,0,0.024743052912066996,0,0.027788351732013702,0,0,0.23753330795584315,0,0,0,0.028169014084507043,0,0.02626570232204035,0.2379139703083365,0.02626570232204035,0,0,0,0.026646364674533688,0.02626570232204035,0,0.026646364674533688,0.025123715264560333,0.02588503996954701,0.0015226494099733537,0.027788351732013702,0.026646364674533688,0,0.02702702702702703,0.026646364674533688,0,0.027788351732013702,0.0015226494099733537,0.0015226494099733537,0.0015226494099733537,0.026646364674533688,0.0015226494099733537,0.0015226494099733537,0.0015226494099733537,0.02588503996954701,0.0015226494099733537,0.0015226494099733537",-1
"0,0,1,0,0,0,1,1,0,-1,0,1,-1,0,-1,-1,-1,0,-1,0,-1,0,1,-1,-1,0,0,1,0,0,0,0,0,0,1,0,0,1,0,0,0,0,0,0,0,0,0,0,0","0.031037827352085354,0.031037827352085354,0,0.031037827352085354,0.031037827352085354,0.031037827352085354,0,0,0.031037827352085354,0,0.031037827352085354,0,0,0.031037827352085354,0,0,0,0.031037827352085354,0,0.03394762366634336,0,0.03394762366634336,0,0,0,0.031037827352085354,0.03394762366634336,0,0.031037827352085354,0.031037827352085354,0.031037827352085354,0.031037827352085354,0.031037827352085354,0.031037827352085354,0,0.030714516650501133,0.030714516650501133,0,0.031037827352085354,0.030714516650501133,0.031037827352085354,0.030714516650501133,0.031037827352085354,0.030714516650501133,0.031037827352085354,0.030714516650501133,0.031037827352085354,0.031037827352085354,0.031037827352085354",1
"0,0,1,0,0,0,1,1,0,-1,0,1,-1,0,-1,-1,-1,0,-1,1,-1,0,1,-1,-1,0,0,1,0,0,0,0,0,0,1,0,0,1,0,0,0,0,0,0,0,0,0,0,0","0.01825951825951826,0.024087024087024088,0,0.024864024864024864,0.025252525252525252,0.026029526029526028,0,0,0.0236985236985237,0,0.024475524475524476,0,0,0.2913752913752914,0,0,0,0.024475524475524476,0,0,0,0.027583527583527584,0,0,0,0.019425019425019424,0.027583527583527584,0,0.0236985236985237,0.02564102564102564,0.022144522144522144,0.0236985236985237,0.027583527583527584,0.0236985236985237,0,0.001554001554001554,0.024475524475524476,0,0.02292152292152292,0.024864024864024864,0.02564102564102564,0.0236985236985237,0.024087024087024088,0.026029526029526028,0.0236985236985237,0.027195027195027196,0.020590520590520592,0.027195027195027196,0.024475524475524476",-1
"0,0,0,0,0,0,0,0,0,0,0,0,0,0,0,0,0,0,0,0,0,0,0,0,0,0,0,0,0,0,0,0,0,0,0,0,0,0,0,0,0,0,0,0,0,0,0,0,0","0.042839657282741736,0.04039167686658507,0.03835169318645451,0.002039983680130559,0.002039983680130559,0.03916768665850673,0.002039983680130559,0.002039983680130559,0.002039983680130559,0.044471644226846185,0.046511627906976744,0.04079967360261118,0.002039983680130559,0.04039167686658507,0.002039983680130559,0.03875968992248062,0.002039983680130559,0.03549571603427173,0.002039983680130559,0.044879640962872294,0.002039983680130559,0.03590371277029784,0.002039983680130559,0.002039983680130559,0.04039167686658507,0.031007751937984496,0.03590371277029784,0.04202366381068951,0.03712770297837617,0.03998368013055895,0.002039983680130559,0.03590371277029784,0.042839657282741736,0.0416156670746634,0.002039983680130559,0.002039983680130559,0.002039983680130559,0.002039983680130559,0.03345573235414117,0.03916768665850673,0.002039983680130559,0.002039983680130559,0.0416156670746634,0.002039983680130559,0.002039983680130559,0.002039983680130559,0.002039983680130559,0.002039983680130559,0.002039983680130559",1
"0,0,0,0,0,0,0,0,0,0,1,0,0,0,0,0,0,0,0,0,0,0,0,0,0,0,0,0,0,0,0,0,0,0,0,0,0,0,0,0,0,0,0,0,0,0,0,0,0","0.00857365549493375,0.06936866718628215,0.00857365549493375,0.00857365549493375,0.07560405300077942,0.00857365549493375,0.00857365549493375,0.00857365549493375,0.00857365549493375,0.00857365549493375,0,0.00857365549493375,0.00857365549493375,0.00857365549493375,0.07482462977396727,0.00857365549493375,0.00857365549493375,0.00857365549493375,0.00857365549493375,0.00857365549493375,0.00857365549493375,0.00857365549493375,0.00857365549493375,0.14185502727981295,0.00857365549493375,0.0779423226812159,0.00857365549493375,0.00857365549493375,0.00857365549493375,0.00857365549493375,0.00857365549493375,0.00857365549493375,0.00857365549493375,0.00857365549493375,0.00857365549493375,0.00857365549493375,0.07131722525331255,0.07365549493374902,0.00857365549493375,0.00857365549493375,0.00857365549493375,0.00857365549493375,0.00857365549493375,0.00857365549493375,0.0724863600935308,0.00857365549493375,0.00857365549493375,0.00857365549493375,0.00857365549493375",-1
"0,0,0,0,0,0,0,0,0,0,1,0,0,0,0,0,0,0,0,0,0,0,0,-1,0,0,0,0,0,0,0,0,0,0,0,0,0,0,0,0,0,0,0,0,0,0,0,0,0","0.007809726659566915,0.007809726659566915,0.06780262690805822,0.06602768903088392,0.007809726659566915,0.08022719204827831,0.007809726659566915,0.007809726659566915,0.007809726659566915,0.007809726659566915,0,0.007809726659566915,0.007809726659566915,0.007809726659566915,0.007809726659566915,0.07277245296414625,0.007809726659566915,0.12815051473198438,0.07916222932197373,0.007809726659566915,0.007809726659566915,0.007809726659566915,0.06993255236066738,0,0.007809726659566915,0.007809726659566915,0.007809726659566915,0.007809726659566915,0.007809726659566915,0.007809726659566915,0.007809726659566915,0.007809726659566915,0.007809726659566915,0.007809726659566915,0.007809726659566915,0.007809726659566915,0.007809726659566915,0.007809726659566915,0.007809726659566915,0.007809726659566915,0.007809726659566915,0.007809726659566915,0.007809726659566915,0.007809726659566915,0.06957756478523251,0.007809726659566915,0.007809726659566915,0.06957756478523251,0.007809726659566915",1
"0,0,0,0,0,0,0,0,0,0,1,0,0,0,0,0,0,1,0,0,0,0,0,-1,0,0,0,0,0,0,0,0,0,0,0,0,0,0,0,0,0,0,0,0,0,0,0,0,0","0.009591474245115453,0.009591474245115453,0.009591474245115453,0.009591474245115453,0.009591474245115453,0.009591474245115453,0.009591474245115453,0.009591474245115453,0.009591474245115453,0.009591474245115453,0,0.009591474245115453,0.009591474245115453,0.009591474245115453,0.08063943161634103,0.009591474245115453,0.009591474245115453,0,0.07744227353463588,0.009591474245115453,0.009591474245115453,0.009591474245115453,0.07175843694493783,0,0.08383658969804618,0.009591474245115453,0.009591474245115453,0.009591474245115453,0.009591474245115453,0.009591474245115453,0.07602131438721137,0.009591474245115453,0.009591474245115453,0.009591474245115453,0.009591474245115453,0.009591474245115453,0.08596802841918295,0.009591474245115453,0.009591474245115453,0.009591474245115453,0.009591474245115453,0.009591474245115453,0.009591474245115453,0.009591474245115453,0.009591474245115453,0.009591474245115453,0.07602131438721137,0.08383658969804618,0.009591474245115453",-1
"0,0,0,0,0,0,0,0,0,0,1,0,0,0,0,0,0,1,0,0,0,0,0,-1,0,0,0,0,0,0,0,0,0,0,0,0,-1,0,0,0,0,0,0,0,0,0,0,0,0","0.03670745272525028,0.0018539117538005192,0.0018539117538005192,0.03744901742677049,0.03819058212829069,0.0018539117538005192,0.0018539117538005192,0.03819058212829069,0.0018539117538005192,0.030774935113088618,0,0.039302929180571,0.03670745272525028,0.0018539117538005192,0.0018539117538005192,0.0018539117538005192,0.03781979977753059,0,0.0389321468298109,0.03967371153133111,0.03707823507601038,0.0018539117538005192,0.0018539117538005192,0,0.03967371153133111,0.03781979977753059,0.0018539117538005192,0.034853540971449756,0.0018539117538005192,0.0018539117538005192,0.030774935113088618,0.03781979977753059,0.03596588802373007,0.03819058212829069,0.03967371153133111,0.03337041156840934,0,0.0018539117538005192,0.03596588802373007,0.0018539117538005192,0.03819058212829069,0.03670745272525028,0.03596588802373007,0.0018539117538005192,0.0018539117538005192,0.0018539117538005192,0.0018539117538005192,0.03967371153133111,0.039302929180571",1
"0,0,0,0,0,0,0,0,0,0,1,0,0,0,0,0,0,1,0,1,0,0,0,-1,0,0,0,0,0,0,0,0,0,0,0,0,-1,0,0,0,0,0,0,0,0,0,0,0,0","0.01443620756925478,0.0148263753413968,0.0148263753413968,0.0148263753413968,0.0148263753413968,0.0148263753413968,0.01443620756925478,0.10495513070620367,0.01443620756925478,0.0148263753413968,0,0.01443620756925478,0.01443620756925478,0.0148263753413968,0.0148263753413968,0.01443620756925478,0.01443620756925478,0,0.17713616855247757,0,0.0148263753413968,0.0148263753413968,0.01443620756925478,0,0.0148263753413968,0.01443620756925478,0.01443620756925478,0.01443620756925478,0.01443620756925478,0.0148263753413968,0.0148263753413968,0.11783066718689036,0.0148263753413968,0.01443620756925478,0.0148263753413968,0.0148263753413968,0,0.01443620756925478,0.01443620756925478,0.0148263753413968,0.01443620756925478,0.01443620756925478,0.0148263753413968,0.01443620756925478,0.01443620756925478,0.0148263753413968,0.0148263753413968,0.01443620756925478,0.0148263753413968",-1
"0,0,0,0,0,0,0,0,0,0,1,0,0,0,0,0,0,1,-1,1,0,0,0,-1,0,0,0,0,0,0,0,0,0,0,0,0,-1,0,0,0,0,0,0,0,0,0,0,0,0","0.0013740982480247338,0.0013740982480247338,0.0013740982480247338,0.031260735142562696,0.0013740982480247338,0.03091721058055651,0.03023016145654414,0.0013740982480247338,0.0013740982480247338,0.0013740982480247338,0,0.0013740982480247338,0.0013740982480247338,0.02198557196839574,0.0013740982480247338,0.0013740982480247338,0.0013740982480247338,0,0,0,0.0013740982480247338,0.0013740982480247338,0.0013740982480247338,0,0.6997595328065956,0.031260735142562696,0.0013740982480247338,0.0013740982480247338,0.0013740982480247338,0.0013740982480247338,0.0013740982480247338,0.03160425970456888,0.023359670216420474,0.0013740982480247338,0.03229130882858124,0.0013740982480247338,0,0.0013740982480247338,0.0013740982480247338,0.0013740982480247338,0.0013740982480247338,0.0013740982480247338,0.0013740982480247338,0.0013740982480247338,0.0013740982480247338,0.0013740982480247338,0.0013740982480247338,0.02198557196839574,0.0013740982480247338",1
"0,0,0,0,0,0,0,0,0,0,1,0,0,0,0,0,0,1,-1,1,0,0,0,-1,1,0,0,0,0,0,0,0,0,0,0,0,-1,0,0,0,0,0,0,0,0,0,0,0,0","0.03225806451612903,0.023804226918798667,0.01067853170189099,0.013348164627363738,0.02914349276974416,0.022691879866518355,0.03225806451612903,0.02914349276974416,0.03225806451612903,0.01935483870967742,0,0.024916573971078975,0.02914349276974416,0.026918798665183537,0.02803114571746385,0.01067853170189099,0.013348164627363738,0,0,0,0.030033370411568408,0.013348164627363738,0.015795328142380424,0,0,0.02914349276974416,0.015795328142380424,0.01067853170189099,0.01067853170189099,0.02914349276974416,0.034260289210233594,0.03915461624026696,0.030033370411568408,0.012013348164627364,0.01468298109010011,0.03114571746384872,0,0.020467185761957732,0.034260289210233594,0.02803114571746385,0.034260289210233594,0.023804226918798667,0.026918798665183537,0.026918798665183537,0.03114571746384872,0.03314794215795328,0.01824249165739711,0.01067853170189099,0.01824249165739711",-1
"0,0,0,0,0,0,0,0,0,0,1,0,0,0,0,0,0,1,-1,1,0,0,0,-1,1,0,0,0,0,0,0,-1,0,0,0,0,-1,0,0,0,0,0,0,0,0,0,0,0,0","0.03643263757115749,0.0018975332068311196,0.028462998102466792,0.0018975332068311196,0.0018975332068311196,0.0018975332068311196,0.03870967741935484,0.0018975332068311196,0.0018975332068311196,0.0018975332068311196,0,0.040227703984819736,0.0018975332068311196,0.0018975332068311196,0.0018975332068311196,0.0018975332068311196,0.0018975332068311196,0,0,0,0.040607210626185955,0.026565464895635674,0.0018975332068311196,0,0,0.0018975332068311196,0.026565464895635674,0.0018975332068311196,0.02808349146110057,0.0018975332068311196,0.040227703984819736,0,0.03984819734345351,0.040607210626185955,0.0018975332068311196,0.039468690702087285,0,0.0018975332068311196,0.0018975332068311196,0.0018975332068311196,0.040607210626185955,0.0018975332068311196,0.0018975332068311196,0.0018975332068311196,0.4573055028462998,0.0018975332068311196,0.026944971537001896,0.0018975332068311196,0.0018975332068311196",1
"0,0,0,0,0,0,0,0,0,0,1,0,0,0,0,0,0,1,-1,1,0,0,0,-1,1,0,0,0,0,0,0,-1,0,0,0,0,-1,0,0,0,0,0,0,0,1,0,0,0,0","0.011186903137789904,0.03574351978171896,0.011186903137789904,0.031105047748976808,0.012824010914051841,0.011186903137789904,0.041473396998635746,0.011186903137789904,0.03574351978171896,0.04256480218281037,0,0.011186903137789904,0.04256480218281037,0.011186903137789904,0.011186903137789904,0.011186903137789904,0.030013642564802184,0,0,0,0.011186903137789904,0.011186903137789904,0.037926330150068216,0,0,0.04256480218281037,0.06439290586630286,0.033287858117326055,0.011186903137789904,0.011186903137789904,0.036834924965893585,0,0.08594815825375171,0.011186903137789904,0.011186903137789904,0.011186903137789904,0,0.011186903137789904,0.048021828103683495,0.029740791268758525,0.011186903137789904,0.011186903137789904,0.03574351978171896,0.011186903137789904,0,0.011186903137789904,0.011186903137789904,0.03929058663028649,0.03929058663028649",-1
"0,0,0,0,0,0,0,0,0,0,1,0,0,0,0,0,0,1,-1,1,0,0,0,-1,1,0,0,0,0,0,0,-1,-1,0,0,0,-1,0,0,0,0,0,0,0,1,0,0,0,0","0.013328530259365994,0.013328530259365994,0.0814121037463977,0.08789625360230548,0.013328530259365994,0.013328530259365994,0.08789625360230548,0.013328530259365994,0.013328530259365994,0.013328530259365994,0,0.013328530259365994,0.013328530259365994,0.013328530259365994,0.013328530259365994,0.013328530259365994,0.013328530259365994,0,0,0,0.013328530259365994,0.08429394812680115,0.09329971181556196,0,0,0.013328530259365994,0.013328530259365994,0.013328530259365994,0.013328530259365994,0.013328530259365994,0.013328530259365994,0,0,0.013328530259365994,0.013328530259365994,0.013328530259365994,0,0.013328530259365994,0.013328530259365994,0.013328530259365994,0.013328530259365994,0.013328530259365994,0.013328530259365994,0.013328530259365994,0,0.013328530259365994,0.12536023054755044,0.013328530259365994,0.013328530259365994",1
"0,0,0,0,0,0,0,0,0,0,1,0,0,0,0,0,0,1,-1,1,0,0,0,-1,1,0,0,0,0,0,0,-1,-1,0,0,0,-1,0,0,0,0,0,0,0,1,0,1,0,0","0.05444839857651246,0.00498220640569395,0.00498220640569395,0.046263345195729534,0.004626334519572953,0.04804270462633452,0.00498220640569395,0.046263345195729534,0.00498220640569395,0.055871886120996445,0,0.00498220640569395,0.046263345195729534,0.00498220640569395,0.00498220640569395,0.004626334519572953,0.0501779359430605,0,0,0,0.05658362989323843,0.004626334519572953,0.00498220640569395,0,0,0.004626334519572953,0.004626334519572953,0.05800711743772242,0.00498220640569395,0.00498220640569395,0.00498220640569395,0,0,0.05516014234875445,0.049466192170818504,0.04875444839857651,0,0.00498220640569395,0.004626334519572953,0.049466192170818504,0.08256227758007118,0.049466192170818504,0.004626334519572953,0.00498220640569395,0,0.049466192170818504,0,0.00498220640569395,0.051601423487544484",-1
"0,0,0,0,0,0,0,0,0,0,1,0,0,0,0,0,0,1,-1,1,0,0,0,-1,1,0,0,0,0,0,0,-1,-1,0,0,0,-1,0,0,0,-1,0,0,0,1,0,1,0,0","0.024489795918367346,0.014471243042671614,0.016697588126159554,0.014471243042671614,0.014471243042671614,0.014471243042671614,0.014471243042671614,0.08311688311688312,0.014471243042671614,0.014471243042671614,0,0.08163265306122448,0.014471243042671614,0.014471243042671614,0.014471243042671614,0.014471243042671614,0.014471243042671614,0,0,0,0.016697588126159554,0.014471243042671614,0.014471243042671614,0,0,0.027829313543599257,0.014471243042671614,0.014471243042671614,0.014471243042671614,0.014471243042671614,0.09424860853432282,0,0,0.014471243042671614,0.033024118738404454,0.014471243042671614,0,0.014471243042671614,0.016697588126159554,0.1476808905380334,0,0.07717996289424861,0.014471243042671614,0.014471243042671614,0,0.014471243042671614,0,0.018923933209647494,0.014471243042671614",1
"0,0,0,0,0,0,0,0,0,0,1,0,0,0,0,0,0,1,-1,1,0,0,0,-1,1,0,0,0,0,0,0,-1,-1,0,0,0,-1,0,0,1,-1,0,0,0,1,0,1,0,0","0.009783368273934312,0.009783368273934312,0.009783368273934312,0.06324248777078965,0.009783368273934312,0.06324248777078965,0.009783368273934312,0.009783368273934312,0.009783368273934312,0.009783368273934312,0,0.009783368273934312,0.06429070580013976,0.009783368273934312,0.009783368273934312,0.009783368273934312,0.009783368273934312,0,0,0,0.009783368273934312,0.009783368273934312,0.009783368273934312,0,0,0.009783368273934312,0.1740041928721174,0.009783368273934312,0.009783368273934312,0.009783368273934312,0.009783368273934312,0,0,0.009783368273934312,0.06219426974143955,0.009783368273934312,0,0.06778476589797344,0.009783368273934312,0,0,0.10447239692522711,0.06114605171208945,0.009783368273934312,0,0.009783368273934312,0,0.009783368273934312,0.07547169811320754",-1
"0,0,0,0,0,0,0,0,0,0,1,0,0,0,0,0,0,1,-1,1,0,0,0,-1,1,0,-1,0,0,0,0,-1,-1,0,0,0,-1,0,0,1,-1,0,0,0,1,0,1,0,0","0.011474856564292946,0.030037124535943302,0.01181235234559568,0.01181235234559568,0.024299696253796826,0.01181235234559568,0.06817414782315222,0.01181235234559568,0.01181235234559568,0.01181235234559568,0,0.01181235234559568,0.011474856564292946,0.01181235234559568,0.011474856564292946,0.01181235234559568,0.07897401282483969,0,0,0,0.01181235234559568,0.01181235234559568,0.07897401282483969,0,0,0.07661154235572055,0,0.040499493756328046,0.016874789065136685,0.01181235234559568,0.041849476881538984,0,0,0.03273709078636517,0.01181235234559568,0.07323658454269322,0,0.03914951063111711,0.07424907188660142,0,0,0.01181235234559568,0.07424907188660142,0.011474856564292946,0,0.01181235234559568,0,0.01181235234559568,0.015187310158623017",1
"0,0,0,0,0,0,0,0,0,0,1,0,0,0,0,0,1,1,-1,1,0,0,0,-1,1,0,-1,0,0,0,0,-1,-1,0,0,0,-1,0,0,1,-1,0,0,0,1,0,1,0,0","0.002962962962962963,0.03888888888888889,0.002962962962962963,0.03851851851851852,0.002962962962962963,0.002962962962962963,0.040740740740740744,0.002962962962962963,0.002962962962962963,0.03888888888888889,0,0.002962962962962963,0.04148148148148148,0.002962962962962963,0.002962962962962963,0.002962962962962963,0,0,0,0,0.04185185185185185,0.002962962962962963,0.03962962962962963,0,0,0.002962962962962963,0,0.04,0.002962962962962963,0.002962962962962963,0.034074074074074076,0,0,0.04185185185185185,0.002962962962962963,0.04185185185185185,0,0.3207407407407407,0.03962962962962963,0,0,0.03888888888888889,0.03888888888888889,0.002962962962962963,0,0.03666666666666667,0,0.002962962962962963,0.037037037037037035",-1
"0,0,0,0,0,0,0,0,0,0,1,0,0,0,0,0,1,1,-1,1,0,0,0,-1,1,0,-1,0,0,0,0,-1,-1,0,0,0,-1,-1,0,1,-1,0,0,0,1,0,1,0,0","0.032103210321032104,0.025202520252025202,0.0387038703870387,0.028202820282028203,0.032103210321032104,0.022502250225022502,0.0144014401440144,0.032103210321032104,0.012601260126012601,0.0222022202220222,0,0.026702670267026704,0.023702370237023703,0.029402940294029404,0.016201620162016202,0.0387038703870387,0,0,0,0,0.04020402040204021,0.036303630363036306,0.029402940294029404,0,0,0.0336033603360336,0,0.036303630363036306,0.036303630363036306,0.0336033603360336,0.032103210321032104,0,0,0.029402940294029404,0.0177017701770177,0.023702370237023703,0,0,0.016201620162016202,0,0,0.07320732073207321,0.028202820282028203,0.028202820282028203,0,0.026702670267026704,0,0.0144014401440144,0.0696069606960696",1
"0,0,0,0,0,0,0,0,0,0,1,0,0,0,0,0,1,1,-1,1,0,0,0,-1,1,0,-1,0,0,0,0,-1,-1,0,0,0,-1,-1,0,1,-1,1,0,0,1,0,1,0,0","0.0025811209439528023,0.03355457227138643,0.0025811209439528023,0.03761061946902655,0.0357669616519174,0.03797935103244838,0.0025811209439528023,0.0025811209439528023,0.03687315634218289,0.0025811209439528023,0,0.03171091445427729,0.0025811209439528023,0.0025811209439528023,0.03466076696165192,0.0025811209439528023,0,0,0,0,0.03687315634218289,0.0025811209439528023,0.0025811209439528023,0,0,0.0025811209439528023,0,0.03797935103244838,0.0025811209439528023,0.0025811209439528023,0.03281710914454277,0,0,0.03797935103244838,0.03687315634218289,0.3473451327433628,0,0,0.03797935103244838,0,0,0,0.0025811209439528023,0.03466076696165192,0,0.03797935103244838,0,0.03761061946902655,0.03761061946902655",-1
"0,0,0,0,0,0,0,0,0,0,1,0,0,0,0,0,1,1,-1,1,0,0,0,-1,1,0,-1,0,0,0,0,-1,-1,0,0,-1,-1,-1,0,1,-1,1,0,0,1,0,1,0,0","0.032541776605101144,0.028437408384637937,0.021694517736734097,0.024039871005570215,0.03664614482556435,0.021694517736734097,0.026385224274406333,0.03840515977719144,0.021694517736734097,0.024039871005570215,0,0.024039871005570215,0.026385224274406333,0.034593960715332744,0.028437408384637937,0.08032834945763706,0,0,0,0,0.04221635883905013,0.021694517736734097,0.03048959249486954,0,0,0.08853708589856348,0,0.032541776605101144,0.021694517736734097,0.032541776605101144,0.034593960715332744,0,0,0.028437408384637937,0.03048959249486954,0,0,0,0.032541776605101144,0,0,0,0.032541776605101144,0.021694517736734097,0,0.032541776605101144,0,0.026385224274406333,0.021694517736734097",1
"0,0,0,0,0,0,0,0,0,0,1,0,0,0,0,0,1,1,-1,1,0,0,0,-1,1,1,-1,0,0,0,0,-1,-1,0,0,-1,-1,-1,0,1,-1,1,0,0,1,0,1,0,0","0.021284271284271284,0.023088023088023088,0.001443001443001443,0.023088023088023088,0.01984126984126984,0.021645021645021644,0.023809523809523808,0.017676767676767676,0.001443001443001443,0.023809523809523808,0,0.001443001443001443,0.001443001443001443,0.001443001443001443,0.020202020202020204,0.01911976911976912,0,0,0,0,0.1821789321789322,0.001443001443001443,0.023448773448773448,0,0,0,0,0.18253968253968253,0.023088023088023088,0.022727272727272728,0.023448773448773448,0,0,0.18253968253968253,0.023809523809523808,0,0,0,0.021284271284271284,0,0,0,0.022727272727272728,0.022005772005772004,0,0.001443001443001443,0,0.022727272727272728,0.023809523809523808",-1
"0,0,0,0,0,0,0,0,0,0,0,0,0,0,0,0,0,0,0,0,0,0,0,0,0,0,0,0,0,0,0,0,0,0,0,0,0,0,0,0,0,0,0,0,0,0,0,0,0","0.029783761729906162,0.025703794369645042,0.026111791105671155,0.0012239902080783353,0.02529579763361893,0.023663810689514484,0.0277437780497756,0.0012239902080783353,0.028151774785801713,0.0012239902080783353,0.0012239902080783353,0.031007751937984496,0.0012239902080783353,0.02937576499388005,0.0012239902080783353,0.0277437780497756,0.031007751937984496,0.02447980416156671,0.02447980416156671,0.0277437780497756,0.0012239902080783353,0.022439820481436147,0.028559771521827825,0.0012239902080783353,0.0277437780497756,0.0012239902080783353,0.02529579763361893,0.0277437780497756,0.023663810689514484,0.024887800897592818,0.0277437780497756,0.0277437780497756,0.024071807425540596,0.02733578131374949,0.022439820481436147,0.0277437780497756,0.0277437780497756,0.0277437780497756,0.026111791105671155,0.0012239902080783353,0.02447980416156671,0.02937576499388005,0.0012239902080783353,0.022031823745410038,0.024887800897592818,0.02937576499388005,0.024071807425540596,0.0012239902080783353,0.029783761729906162",-1
"0,0,0,0,0,0,0,0,0,0,0,-1,0,0,0,0,0,0,0,0,0,0,0,0,0,0,0,0,0,0,0,0,0,0,0,0,0,0,0,0,0,0,0,0,0,0,0,0,0","0.005537974683544304,0.005537974683544304,0.06091772151898734,0.005537974683544304,0.005537974683544304,0.005537974683544304,0.005537974683544304,0.005537974683544304,0.005537974683544304,0.058544303797468354,0.07515822784810126,0,0.005537974683544304,0.005537974683544304,0.0625,0.06289556962025317,0.005537974683544304,0.051819620253164556,0.0636867088607595,0.005537974683544304,0.06606012658227849,0.005537974683544304,0.005537974683544304,0.005537974683544304,0.005537974683544304,0.0625,0.005537974683544304,0.005537974683544304,0.005537974683544304,0.06091772151898734,0.005537974683544304,0.005537974683544304,0.005537974683544304,0.005537974683544304,0.056962025316455694,0.005537974683544304,0.005537974683544304,0.061708860759493674,0.005537974683544304,0.005537974683544304,0.005537974683544304,0.005537974683544304,0.005537974683544304,0.005537974683544304,0.0625,0.005537974683544304,0.005537974683544304,0.005537974683544304,0.005537974683544304",1
"0,0,0,0,0,0,0,0,0,0,1,-1,0,0,0,0,0,0,0,0,0,0,0,0,0,0,0,0,0,0,0,0,0,0,0,0,0,0,0,0,0,0,0,0,0,0,0,0,0","0.0510783200908059,0.0037835792659856224,0.0037835792659856224,0.04767309875141884,0.06053726825576996,0.0037835792659856224,0.0037835792659856224,0.049943246311010214,0.0037835792659856224,0.0037835792659856224,0,0,0.0037835792659856224,0.0037835792659856224,0.0037835792659856224,0.0037835792659856224,0.060915626182368524,0.04918653045781309,0.05032160423760878,0.05448354143019296,0.0037835792659856224,0.0037835792659856224,0.0037835792659856224,0.0923193340900492,0.0037835792659856224,0.0037835792659856224,0.0037835792659856224,0.05448354143019296,0.0037835792659856224,0.0510783200908059,0.0510783200908059,0.0037835792659856224,0.0037835792659856224,0.0037835792659856224,0.0037835792659856224,0.0037835792659856224,0.0037835792659856224,0.0037835792659856224,0.058267120696178586,0.0037835792659856224,0.0037835792659856224,0.0037835792659856224,0.05183503594400303,0.0037835792659856224,0.0037835792659856224,0.05221339387060159,0.0037835792659856224,0.0037835792659856224,0.04729474082482028",-1
"0,0,0,0,0,0,0,0,0,0,1,-1,0,0,0,0,0,0,0,0,0,0,0,-1,0,0,0,0,0,0,0,0,0,0,0,0,0,0,0,0,0,0,0,0,0,0,0,0,0","0.014455151964418088,0.014455151964418088,0.014455151964418088,0.014455151964418088,0.014455151964418088,0.014455151964418088,0.014455151964418088,0.014455151964418088,0.014455151964418088,0.014455151964418088,0,0,0.1730911786508525,0.014455151964418088,0.014455151964418088,0.014455151964418088,0.014455151964418088,0.014455151964418088,0.10266864343958487,0.014084507042253521,0.014455151964418088,0.014455151964418088,0.014455151964418088,0,0.014455151964418088,0.014455151964418088,0.014455151964418088,0.014455151964418088,0.014455151964418088,0.014455151964418088,0.014455151964418088,0.014455151964418088,0.014455151964418088,0.014455151964418088,0.014455151964418088,0.014455151964418088,0.014084507042253521,0.014455151964418088,0.014455151964418088,0.014455151964418088,0.014455151964418088,0.014084507042253521,0.014455151964418088,0.014455151964418088,0.014455151964418088,0.014455151964418088,0.014455151964418088,0.014455151964418088,0.10378057820607858",1
"0,0,0,0,0,0,0,0,0,0,1,-1,1,0,0,0,0,0,0,0,0,0,0,-1,0,0,0,0,0,0,0,0,0,0,0,0,0,0,0,0,0,0,0,0,0,0,0,0,0","0.0054757015742642025,0.0054757015742642025,0.0054757015742642025,0.0054757015742642025,0.0054757015742642025,0.10095824777549624,0.0054757015742642025,0.05989048596851471,0.0054757015742642025,0.0054757015742642025,0,0,0,0.0054757015742642025,0.06228610540725531,0.0054757015742642025,0.0054757015742642025,0.0054757015742642025,0.0054757015742642025,0.0054757015742642025,0.05989048596851471,0.0054757015742642025,0.0054757015742642025,0,0.0054757015742642025,0.0054757015742642025,0.06673511293634497,0.0054757015742642025,0.0054757015742642025,0.0054757015742642025,0.0054757015742642025,0.0054757015742642025,0.06605065023956194,0.0054757015742642025,0.06913073237508556,0.0054757015742642025,0.0054757015742642025,0.0054757015742642025,0.0054757015742642025,0.06125941136208077,0.058521560574948665,0.09787816563997262,0.0054757015742642025,0.0054757015742642025,0.0054757015742642025,0.0568104038329911,0.0054757015742642025,0.05989048596851471,0.0054757015742642025",-1
"0,0,0,0,0,-1,0,0,0,0,1,-1,1,0,0,0,0,0,0,0,0,0,0,-1,0,0,0,0,0,0,0,0,0,0,0,0,0,0,0,0,0,0,0,0,0,0,0,0,0","0.010905125408942203,0.010541621228644129,0.0697928026172301,0.010541621228644129,0.010541621228644129,0,0.1381315885132679,0.010541621228644129,0.010905125408942203,0.010541621228644129,0,0,0,0.010905125408942203,0.010541621228644129,0.010905125408942203,0.010905125408942203,0.14685568884042166,0.010905125408942203,0.010541621228644129,0.010541621228644129,0.010541621228644129,0.010541621228644129,0,0.010905125408942203,0.010905125408942203,0.010541621228644129,0.010541621228644129,0.010541621228644129,0.010905125408942203,0.010541621228644129,0.010541621228644129,0.010905125408942203,0.010541621228644129,0.010541621228644129,0.08396946564885496,0.07233733187931661,0.010541621228644129,0.08396946564885496,0.010541621228644129,0.010541621228644129,0.010905125408942203,0.010541621228644129,0.010541621228644129,0.010905125408942203,0.010541621228644129,0.010541621228644129,0.010541621228644129,0.010541621228644129",1
"0,0,0,0,0,-1,0,0,0,0,1,-1,1,0,0,0,0,1,0,0,0,0,0,-1,0,0,0,0,0,0,0,0,0,0,0,0,0,0,0,0,0,0,0,0,0,0,0,0,0","0.009437259699405802,0.009437259699405802,0.009437259699405802,0.009786787836420832,0.13212163579168124,0,0.009437259699405802,0.009437259699405802,0.009437259699405802,0.009786787836420832,0,0,0,0.009437259699405802,0.009437259699405802,0.07724571828032156,0.009437259699405802,0,0.009437259699405802,0.009437259699405802,0.009786787836420832,0.009786787836420832,0.009437259699405802,0,0.009786787836420832,0.009437259699405802,0.009437259699405802,0.009437259699405802,0.06745893044390074,0.009437259699405802,0.009437259699405802,0.009437259699405802,0.009437259699405802,0.009437259699405802,0.009437259699405802,0.009437259699405802,0.009437259699405802,0.07934288710241175,0.009437259699405802,0.009437259699405802,0.06850751485494583,0.009437259699405802,0.009437259699405802,0.009437259699405802,0.08668297797972736,0.07829430269136665,0.009437259699405802,0.07829430269136665,0.009437259699405802",-1
"0,0,0,0,-1,-1,0,0,0,0,1,-1,1,0,0,0,0,1,0,0,0,0,0,-1,0,0,0,0,0,0,0,0,0,0,0,0,0,0,0,0,0,0,0,0,0,0,0,0,0","0.010930888575458392,0.010930888575458392,0.010930888575458392,0.12870239774330042,0,0,0.08815232722143865,0.06946403385049366,0.0729901269393512,0.0684062059238364,0,0,0,0.010930888575458392,0.010930888575458392,0.010930888575458392,0.0659379407616361,0,0.010930888575458392,0.010930888575458392,0.010930888575458392,0.010930888575458392,0.010930888575458392,0,0.010930888575458392,0.010930888575458392,0.010930888575458392,0.010930888575458392,0.010930888575458392,0.010930888575458392,0.010930888575458392,0.010930888575458392,0.06734837799717913,0.010930888575458392,0.010930888575458392,0.010930888575458392,0.010930888575458392,0.010930888575458392,0.010930888575458392,0.010930888575458392,0.010930888575458392,0.06734837799717913,0.010930888575458392,0.010930888575458392,0.010930888575458392,0.010930888575458392,0.010930888575458392,0.010930888575458392,0.010930888575458392",1
"0,0,0,1,-1,-1,0,0,0,0,1,-1,1,0,0,0,0,1,0,0,0,0,0,-1,0,0,0,0,0,0,0,0,0,0,0,0,0,0,0,0,0,0,0,0,0,0,0,0,0","0.06161473087818697,0.007436260623229462,0.007436260623229462,0,0,0,0.007436260623229462,0.007436260623229462,0.007436260623229462,0.007436260623229462,0,0,0,0.007436260623229462,0.007436260623229462,0.05488668555240793,0.05771954674220963,0,0.058781869688385266,0.007436260623229462,0.007436260623229462,0.007436260623229462,0.007436260623229462,0,0.06338526912181303,0.007436260623229462,0.05771954674220963,0.007436260623229462,0.007436260623229462,0.007436260623229462,0.058781869688385266,0.007436260623229462,0.06161473087818697,0.007436260623229462,0.007436260623229462,0.007436260623229462,0.007436260623229462,0.06338526912181303,0.007436260623229462,0.06161473087818697,0.05701133144475921,0.007436260623229462,0.007436260623229462,0.007436260623229462,0.07542492917847025,0.05984419263456091,0.007436260623229462,0.007436260623229462,0.007436260623229462",-1
"0,0,0,1,-1,-1,0,0,0,0,1,-1,1,0,0,0,0,1,0,0,0,0,0,-1,0,0,0,0,0,0,0,0,0,0,0,0,0,0,0,0,0,0,0,0,-1,0,0,0,0","0.0029928918817807705,0.0029928918817807705,0.0029928918817807705,0,0,0,0.0029928918817807705,0.0029928918817807705,0.0029928918817807705,0.0029928918817807705,0,0,0,0.0029928918817807705,0.04564160119715675,0.0029928918817807705,0.0029928918817807705,0,0.0029928918817807705,0.0029928918817807705,0.0029928918817807705,0.049756827534605315,0.04788627010849233,0,0.04713804713804714,0.0029928918817807705,0.0029928918817807705,0.04377104377104377,0.0029928918817807705,0.0029928918817807705,0.04788627010849233,0.40366629255518144,0.0029928918817807705,0.0029928918817807705,0.04377104377104377,0.0029928918817807705,0.0029928918817807705,0.0029928918817807705,0.0029928918817807705,0.04788627010849233,0.04601571268237935,0.0029928918817807705,0.0029928918817807705,0.04601571268237935,0,0.0029928918817807705,0.0029928918817807705,0.0029928918817807705,0.046763935652824544",1
"0,0,0,1,-1,-1,0,0,0,0,1,-1,1,0,0,0,0,1,0,0,0,0,0,-1,0,0,0,0,0,0,0,1,0,0,0,0,0,0,0,0,0,0,0,0,-1,0,0,0,0","0.023163841807909605,0.014124293785310734,0.014124293785310734,0,0,0,0.012429378531073447,0.012429378531073447,0.03389830508474576,0.02598870056497175,0,0,0,0.012429378531073447,0.015819209039548022,0.014124293785310734,0.020338983050847456,0,0.012429378531073447,0.012429378531073447,0.023163841807909605,0.014124293785310734,0.02598870056497175,0,0.10621468926553672,0.027401129943502824,0.012429378531073447,0.029943502824858758,0.012429378531073447,0.023163841807909605,0.0327683615819209,0,0.03135593220338983,0.02598870056497175,0.012429378531073447,0.0288135593220339,0.0288135593220339,0.036440677966101696,0.027401129943502824,0.012429378531073447,0.02457627118644068,0.03531073446327684,0.015819209039548022,0.03531073446327684,0,0.03785310734463277,0.012429378531073447,0.06977401129943503,0.03389830508474576",-1
"0,0,0,1,-1,-1,0,0,0,0,1,-1,1,0,0,0,0,1,0,0,0,0,0,-1,-1,0,0,0,0,0,0,1,0,0,0,0,0,0,0,0,0,0,0,0,-1,0,0,0,0","0.0045806906272022555,0.051092318534179,0.0045806906272022555,0,0,0,0.0045806906272022555,0.0045806906272022555,0.0045806906272022555,0.0045806906272022555,0,0,0,0.046511627906976744,0.05391120507399577,0.051092318534179,0.04510218463706836,0,0.05743481324876674,0.055320648343904155,0.05250176180408739,0.056730091613812546,0.004933051444679351,0,0,0.049682875264270614,0.0045806906272022555,0.004933051444679351,0.004933051444679351,0.05179704016913319,0.05320648343904158,0,0.04756871035940803,0.0045806906272022555,0.0045806906272022555,0.0045806906272022555,0.0045806906272022555,0.0045806906272022555,0.04756871035940803,0.0045806906272022555,0.0408738548273432,0.0045806906272022555,0.0045806906272022555,0.04756871035940803,0,0.05179704016913319,0.0045806906272022555,0.04756871035940803,0.0045806906272022555",1
"0,0,0,1,-1,-1,0,0,0,0,1,-1,1,0,0,0,0,1,1,0,0,0,0,-1,-1,0,0,0,0,0,0,1,0,0,0,0,0,0,0,0,0,0,0,0,-1,0,0,0,0","0.012947448591012947,0.013328255902513329,0.013328255902513329,0,0,0,0.013328255902513329,0.012947448591012947,0.012947448591012947,0.013328255902513329,0,0,0,0.08644325971058645,0.012947448591012947,0.08111195734958111,0.012947448591012947,0,0,0.013328255902513329,0.013328255902513329,0.012947448591012947,0.08796648895658797,0,0,0.013328255902513329,0.013328255902513329,0.013328255902513329,0.012947448591012947,0.013328255902513329,0.09444021325209444,0,0.013328255902513329,0.08111195734958111,0.08796648895658797,0.013328255902513329,0.013328255902513329,0.012947448591012947,0.013328255902513329,0.012947448591012947,0.013328255902513329,0.08492003046458492,0.013328255902513329,0.013328255902513329,0,0.012947448591012947,0.013328255902513329,0.013328255902513329,0.013328255902513329",-1
"0,0,0,1,-1,-1,0,0,0,0,1,-1,1,0,0,0,0,1,1,0,0,0,0,-1,-1,0,0,0,0,0,-1,1,0,0,0,0,0,0,0,0,0,0,0,0,-1,0,0,0,0","0.0420353982300885,0.005162241887905605,0.005162241887905605,0,0,0,0.05530973451327434,0.044616519174041296,0.005162241887905605,0.005162241887905605,0,0,0,0.056784660766961655,0.05088495575221239,0.005162241887905605,0.005162241887905605,0,0,0.05457227138643068,0.04830383480825959,0.005162241887905605,0.005162241887905605,0,0,0.08148967551622419,0.005162241887905605,0.005162241887905605,0.005162241887905605,0.056784660766961655,0,0,0.05530973451327434,0.005162241887905605,0.005162241887905605,0.005162241887905605,0.005162241887905605,0.044616519174041296,0.005162241887905605,0.05457227138643068,0.049778761061946904,0.04682890855457227,0.005162241887905605,0.05383480825958702,0,0.051622418879056046,0.005162241887905605,0.05457227138643068,0.005162241887905605",1
"0,0,0,1,-1,-1,0,0,0,0,1,-1,1,0,0,0,0,1,1,0,0,0,0,-1,-1,1,0,0,0,0,-1,1,0,0,0,0,0,0,0,0,0,0,0,0,-1,0,0,0,0","0.014147431124348473,0.014147431124348473,0.014147431124348473,0,0,0,0.033879374534623974,0.014147431124348473,0.07892777364110201,0.029039463886820552,0,0,0,0.016381236038719285,0.014147431124348473,0.014147431124348473,0.014147431124348473,0,0,0.027177959791511542,0.014147431124348473,0.014147431124348473,0.018242740134028296,0,0,0,0.014147431124348473,0.014147431124348473,0.014147431124348473,0.08302308265078183,0,0,0.014147431124348473,0.03090096798212956,0.014147431124348473,0.016381236038719285,0.018242740134028296,0.021965748324646314,0.08153387937453463,0.014147431124348473,0.018242740134028296,0.027550260610573342,0.014147431124348473,0.03239017125837677,0,0.11876396128071481,0.014147431124348473,0.014147431124348473,0.09270290394638868",-1
"0,0,0,1,-1,-1,0,0,0,0,1,-1,1,0,0,0,0,1,1,0,0,0,0,-1,-1,1,0,0,0,0,-1,1,0,0,0,0,0,0,0,0,0,0,0,0,-1,-1,0,0,0","0.029084380610412925,0.001436265709156194,0.02800718132854578,0,0,0,0.001436265709156194,0.001436265709156194,0.025134649910233394,0.001436265709156194,0,0,0,0.001436265709156194,0.001436265709156194,0.024775583482944345,0.001436265709156194,0,0,0.001436265709156194,0.001436265709156194,0.001436265709156194,0.027648114901256734,0,0,0,0.001436265709156194,0.001436265709156194,0.001436265709156194,0.024416517055655295,0,0,0.02621184919210054,0.001436265709156194,0.02836624775583483,0.001436265709156194,0.027648114901256734,0.027648114901256734,0.02657091561938959,0.001436265709156194,0.02872531418312388,0.02621184919210054,0.001436265709156194,0.5766606822262118,0,0,0.0236983842010772,0.02333931777378815,0.001436265709156194",1
"0,0,0,1,-1,-1,0,0,0,0,1,-1,1,0,0,0,0,1,1,0,0,0,0,-1,-1,1,0,0,0,0,-1,1,0,0,0,0,0,0,0,0,0,0,0,1,-1,-1,0,0,0","0.02356985023324331,0.027989197151976432,0.02356985023324331,0,0,0,0.02577952369260987,0.02356985023324331,0.02356985023324331,0.02577952369260987,0,0,0,0.02577952369260987,0.02356985023324331,0.02577952369260987,0.02356985023324331,0,0,0.02577952369260987,0.02356985023324331,0.02356985023324331,0.02577952369260987,0,0,0,0.02577952369260987,0.02577952369260987,0.02356985023324331,0.02577952369260987,0,0,0.02577952369260987,0.027989197151976432,0.03952860299533514,0.02577952369260987,0.02577952369260987,0.08617726491529586,0.02356985023324331,0.02356985023324331,0.02774367787871348,0.08912349619445127,0.02577952369260987,0,0,0,0.02577952369260987,0.02577952369260987,0.05548735575742696",-1
"0,0,0,1,-1,-1,0,0,0,0,1,-1,1,0,0,0,0,1,1,0,0,0,0,-1,-1,1,0,0,0,0,-1,1,0,0,0,0,0,0,0,0,0,-1,0,1,-1,-1,0,0,0","0.02507947721653126,0.001412928293889085,0.01660190745319675,0,0,0,0.001412928293889085,0.001412928293889085,0.022960084775697633,0.001412928293889085,0,0,0,0.001412928293889085,0.001412928293889085,0.001412928293889085,0.001412928293889085,0,0,0.001412928293889085,0.02260685270222536,0.023313316849169905,0.001412928293889085,0,0,0,0.01942776404097492,0.001412928293889085,0.017661603673613566,0.001412928293889085,0,0,0.001412928293889085,0.001412928293889085,0.19392440833627694,0.001412928293889085,0.001412928293889085,0.19392440833627694,0.001412928293889085,0.19392440833627694,0.02507947721653126,0,0.001412928293889085,0,0,0,0.02472624514305899,0.001412928293889085,0.19392440833627694",1
"0,0,0,1,-1,-1,0,0,0,0,1,-1,1,0,0,0,0,1,1,0,0,0,0,-1,-1,1,0,0,0,0,-1,1,0,0,1,0,0,0,0,0,0,-1,0,1,-1,-1,0,0,0","0.0268389662027833,0.029489728296885353,0.0268389662027833,0,0,0,0.029489728296885353,0.0268389662027833,0.0268389662027833,0.029489728296885353,0,0,0,0.029489728296885353,0.0268389662027833,0.029489728296885353,0.029489728296885353,0,0,0.029489728296885353,0.0268389662027833,0.0268389662027833,0.029489728296885353,0,0,0,0.029489728296885353,0.029489728296885353,0.0268389662027833,0.029489728296885353,0,0,0.029489728296885353,0.029489728296885353,0,0.029489728296885353,0.029489728296885353,0.10437375745526839,0.029489728296885353,0.0268389662027833,0.029489728296885353,0,0.029489728296885353,0,0,0,0.029489728296885353,0.029489728296885353,0.06428098078197482",-1
"0,0,0,1,-1,-1,0,0,0,0,1,-1,1,0,0,0,0,1,1,0,0,0,0,-1,-1,1,0,0,0,0,-1,1,0,0,1,0,0,-1,0,0,0,-1,0,1,-1,-1,0,0,0","0.026929982046678635,0.0017953321364452424,0.0017953321364452424,0,0,0,0.0017953321364452424,0.029802513464991024,0.0236983842010772,0.0017953321364452424,0,0,0,0.0017953321364452424,0.029802513464991024,0.0017953321364452424,0.0017953321364452424,0,0,0.0017953321364452424,0.02800718132854578,0.0017953321364452424,0.0017953321364452424,0,0,0,0.021903052064631955,0.0017953321364452424,0.021903052064631955,0.0017953321364452424,0,0,0.0017953321364452424,0.0017953321364452424,0,0.0017953321364452424,0.0017953321364452424,0,0.0017953321364452424,0.6789946140035906,0.02657091561938959,0,0.0017953321364452424,0,0,0,0.02836624775583483,0.029802513464991024,0.021903052064631955",1
"0,0,0,1,-1,-1,0,0,0,0,1,-1,1,0,0,0,0,1,1,0,0,0,0,-1,-1,1,0,0,0,0,-1,1,0,0,1,0,0,-1,0,1,0,-1,0,1,-1,-1,0,0,0","0.03599266391563503,0.02361302154974782,0.018110958276020175,0,0,0,0.02361302154974782,0.03599266391563503,0.03599266391563503,0.024759284731774415,0,0,0,0.02361302154974782,0.03599266391563503,0.024759284731774415,0.02361302154974782,0,0,0.024759284731774415,0.03484640073360844,0.016506189821182942,0.02361302154974782,0,0,0,0.016506189821182942,0.02361302154974782,0.015130674002751032,0.022237505731315912,0,0,0.024759284731774415,0.02361302154974782,0,0.02361302154974782,0.02361302154974782,0,0.024759284731774415,0,0.18454837230628152,0,0.026134800550206328,0,0,0,0.02361302154974782,0.12379642365887207,0.038285190279688214",-1
"0,0,0,1,-1,-1,0,0,0,0,1,-1,1,0,0,0,0,1,1,0,0,0,0,-1,-1,1,0,0,0,0,-1,1,0,0,1,0,0,-1,0,1,-1,-1,0,1,-1,-1,0,0,0","0.0012206286237412267,0.0012206286237412267,0.0012206286237412267,0,0,0,0.0012206286237412267,0.0012206286237412267,0.0012206286237412267,0.0012206286237412267,0,0,0,0.0012206286237412267,0.0012206286237412267,0.0012206286237412267,0.0012206286237412267,0,0,0.0012206286237412267,0.0012206286237412267,0.0012206286237412267,0.0012206286237412267,0,0,0,0.01464754348489472,0.0012206286237412267,0.014037229173024107,0.0012206286237412267,0,0,0.0012206286237412267,0.0012206286237412267,0,0.0012206286237412267,0.0012206286237412267,0,0.0012206286237412267,0,0,0,0.0012206286237412267,0,0,0,0.9407995117485505,0.0012206286237412267,0.0012206286237412267",1
"0,0,0,1,-1,-1,0,0,0,0,1,-1,1,0,0,0,0,1,1,0,0,0,0,-1,-1,1,0,0,0,0,-1,1,0,0,1,0,0,-1,0,1,-1,-1,0,1,-1,-1,1,0,0","0.03401727861771058,0.03401727861771058,0.03635709143268539,0,0,0,0.03401727861771058,0.03401727861771058,0.03419726421886249,0.03401727861771058,0,0,0,0.03419726421886249,0.03401727861771058,0.03635709143268539,0.03401727861771058,0,0,0.03635709143268539,0.03419726421886249,0.03851691864650828,0.03419726421886249,0,0,0,0.0939524838012959,0.03401727861771058,0.03419726421886249,0.03635709143268539,0,0,0.03851691864650828,0.03635709143268539,0,0.03401727861771058,0.03401727861771058,0,0.03401727861771058,0,0,0,0.03401727861771058,0,0,0,0,0.03401727861771058,0.03401727861771058",-1
"0,0,0,1,-1,-1,0,0,0,0,1,-1,1,0,0,0,0,1,1,0,0,0,0,-1,-1,1,-1,0,0,0,-1,1,0,0,1,0,0,-1,0,1,-1,-1,0,1,-1,-1,1,0,0","0.018357810413885182,0.0013351134846461949,0.0013351134846461949,0,0,0,0.019359145527369826,0.017690253671562083,0.017690253671562083,0.11381842456608812,0,0,0,0.11381842456608812,0.019025367156208277,0.019359145527369826,0.018691588785046728,0,0,0.01568758344459279,0.019025367156208277,0.11415220293724966,0.019359145527369826,0,0,0,0,0.11415220293724966,0.0013351134846461949,0.018357810413885182,0,0,0.11381842456608812,0.018357810413885182,0,0.018691588785046728,0.019025367156208277,0,0.11381842456608812,0,0,0,0.017022696929238985,0,0,0,0,0.019025367156208277,0.017690253671562083",1
"0,0,0,1,-1,-1,0,0,0,0,1,-1,1,0,0,0,0,1,1,0,0,1,0,-1,-1,1,-1,0,0,0,-1,1,0,0,1,0,0,-1,0,1,-1,-1,0,1,-1,-1,1,0,0","0.04472843450479233,0.034788782392616256,0.03514376996805112,0,0,0,0.04153354632587859,0.034788782392616256,0.034788782392616256,0.038338658146964855,0,0,0,0.034788782392616256,0.038338658146964855,0.038338658146964855,0.04153354632587859,0,0,0.04756833510827121,0.04153354632587859,0,0.04756833510827121,0,0,0,0,0.04153354632587859,0.03514376996805112,0.034788782392616256,0,0,0.04756833510827121,0.038338658146964855,0,0.038338658146964855,0.04472843450479233,0,0.04472843450479233,0,0,0,0.034788782392616256,0,0,0,0,0.04153354632587859,0.04472843450479233",-1
"0,0,0,1,-1,-1,0,0,0,0,1,-1,1,0,0,0,0,1,1,-1,0,1,0,-1,-1,1,-1,0,0,0,-1,1,0,0,1,0,0,-1,0,1,-1,-1,0,1,-1,-1,1,0,0","0.0011494252873563218,0.01954022988505747,0.018773946360153258,0,0,0,0.019157088122605363,0.07509578544061303,0.014176245210727969,0.018773946360153258,0,0,0,0.07509578544061303,0.01992337164750958,0.07509578544061303,0.07509578544061303,0,0,0,0.01954022988505747,0,0.018773946360153258,0,0,0,0,0.07547892720306514,0.018773946360153258,0.07509578544061303,0,0,0.07509578544061303,0.07547892720306514,0,0.07547892720306514,0.07547892720306514,0,0.07547892720306514,0,0,0,0.0011494252873563218,0,0,0,0,0.0011494252873563218,0.0011494252873563218",1
"0,0,0,1,-1,-1,0,0,0,0,1,-1,1,0,0,0,0,1,1,-1,0,1,0,-1,-1,1,-1,1,0,0,-1,1,0,0,1,0,0,-1,0,1,-1,-1,0,1,-1,-1,1,0,0","0.053477935676888556,0.04151084517576664,0.0381451009723261,0,0,0,0.053477935676888556,0.0381451009723261,0.04151084517576664,0.04113687359760658,0,0,0,0.053477935676888556,0.0381451009723261,0.04113687359760658,0.034779356768885564,0,0,0,0.053477935676888556,0,0.047494390426327596,0,0,0,0,0,0.0381451009723261,0.034779356768885564,0,0,0.04113687359760658,0.0381451009723261,0,0.05646970830216903,0.0381451009723261,0,0.047494390426327596,0,0,0,0.04113687359760658,0,0,0,0,0.05048616305160808,0.0381451009723261",-1
"0,0,0,1,-1,-1,0,0,0,0,1,-1,1,0,0,0,0,1,1,-1,0,1,0,-1,-1,1,-1,1,0,0,-1,1,0,0,1,-1,0,-1,0,1,-1,-1,0,1,-1,-1,1,0,0","0.0011411182959300114,0.018257892734880182,0.01787751996957018,0,0,0,0.018638265500190185,0.0011411182959300114,0.0011411182959300114,0.018257892734880182,0,0,0,0.10802586534804108,0.0011411182959300114,0.10802586534804108,0.018257892734880182,0,0,0,0.0011411182959300114,0,0.10802586534804108,0,0,0,0,0,0.01787751996957018,0.10802586534804108,0,0,0.10802586534804108,0.018257892734880182,0,0,0.10802586534804108,0,0.10802586534804108,0,0,0,0.10840623811335108,0,0,0,0,0.0011411182959300114,0.0011411182959300114",1
"0,0,0,1,-1,-1,0,0,0,0,1,-1,1,0,0,0,0,1,1,-1,0,1,0,-1,-1,1,-1,1,0,0,-1,1,0,0,1,-1,0,-1,0,1,-1,-1,1,1,-1,-1,1,0,0","0.055716353111432707,0.041968162083936326,0.041968162083936326,0,0,0,0.04160636758321273,0.04884225759768451,0.041968162083936326,0.045586107091172216,0,0,0,0.0654848046309696,0.041968162083936326,0.045586107091172216,0.041968162083936326,0,0,0,0.055716353111432707,0,0.041968162083936326,0,0,0,0,0,0.041968162083936326,0.041968162083936326,0,0,0.04160636758321273,0.05897250361794501,0,0,0.041968162083936326,0,0.0654848046309696,0,0,0,0,0,0,0,0,0.04884225759768451,0.04884225759768451",-1
"0,0,0,1,-1,-1,0,0,0,0,1,-1,1,-1,0,0,0,1,1,-1,0,1,0,-1,-1,1,-1,1,0,0,-1,1,0,0,1,-1,0,-1,0,1,-1,-1,1,1,-1,-1,1,0,0","0.001503194287861706,0.01728673431040962,0.01503194287861706,0,0,0,0.01615933859451334,0.001503194287861706,0.001503194287861706,0.01615933859451334,0,0,0,0,0.001503194287861706,0.01728673431040962,0.018038331454340473,0,0,0,0.001503194287861706,0,0.016910935738444193,0,0,0,0,0,0.01503194287861706,0.01728673431040962,0,0,0.33483652762119503,0.01728673431040962,0,0,0.1529500187899286,0,0.3352123261931605,0,0,0,0,0,0,0,0,0.001503194287861706,0.001503194287861706",1
"0,0,0,0,0,0,0,0,0,0,0,0,0,0,0,0,0,0,0,0,0,0,0,0,0,0,0,0,0,0,0,0,0,0,0,0,0,0,0,0,0,0,0,0,0,0,0,0,0","0.04243166054671563,0.04039167686658507,0.03631170950632395,0.002039983680130559,0.002039983680130559,0.037535699714402286,0.002039983680130559,0.002039983680130559,0.002039983680130559,0.044471644226846185,0.046511627906976744,0.04079967360261118,0.002039983680130559,0.04039167686658507,0.002039983680130559,0.03875968992248062,0.002039983680130559,0.03590371277029784,0.002039983680130559,0.044879640962872294,0.002039983680130559,0.03590371277029784,0.002039983680130559,0.002039983680130559,0.04039167686658507,0.03386372909016728,0.037943696450428395,0.04202366381068951,0.033047735618115054,0.03998368013055895,0.002039983680130559,0.037943696450428395,0.04243166054671563,0.0416156670746634,0.002039983680130559,0.002039983680130559,0.002039983680130559,0.002039983680130559,0.03549571603427173,0.03835169318645451,0.002039983680130559,0.002039983680130559,0.0416156670746634,0.002039983680130559,0.002039983680130559,0.002039983680130559,0.002039983680130559,0.002039983680130559,0.002039983680130559",1
"0,0,0,0,0,0,0,0,0,0,1,0,0,0,0,0,0,0,0,0,0,0,0,0,0,0,0,0,0,0,0,0,0,0,0,0,0,0,0,0,0,0,0,0,0,0,0,0,0","0.00857365549493375,0.06936866718628215,0.00857365549493375,0.00857365549493375,0.07560405300077942,0.00857365549493375,0.00857365549493375,0.00857365549493375,0.00857365549493375,0.00857365549493375,0,0.00857365549493375,0.00857365549493375,0.00857365549493375,0.07482462977396727,0.00857365549493375,0.00857365549493375,0.00857365549493375,0.00857365549493375,0.00857365549493375,0.00857365549493375,0.00857365549493375,0.00857365549493375,0.14185502727981295,0.00857365549493375,0.0779423226812159,0.00857365549493375,0.00857365549493375,0.00857365549493375,0.00857365549493375,0.00857365549493375,0.00857365549493375,0.00857365549493375,0.00857365549493375,0.00857365549493375,0.00857365549493375,0.07131722525331255,0.07365549493374902,0.00857365549493375,0.00857365549493375,0.00857365549493375,0.00857365549493375,0.00857365549493375,0.00857365549493375,0.0724863600935308,0.00857365549493375,0.00857365549493375,0.00857365549493375,0.00857365549493375",-1
"0,0,0,0,0,0,0,0,0,0,1,0,0,0,0,0,0,0,0,0,0,0,0,-1,0,0,0,0,0,0,0,0,0,0,0,0,0,0,0,0,0,0,0,0,0,0,0,0,0","0.007809726659566915,0.007809726659566915,0.06780262690805822,0.06602768903088392,0.007809726659566915,0.08022719204827831,0.007809726659566915,0.007809726659566915,0.007809726659566915,0.007809726659566915,0,0.007809726659566915,0.007809726659566915,0.007809726659566915,0.007809726659566915,0.07277245296414625,0.007809726659566915,0.12815051473198438,0.07916222932197373,0.007809726659566915,0.007809726659566915,0.007809726659566915,0.06957756478523251,0,0.007809726659566915,0.007809726659566915,0.007809726659566915,0.007809726659566915,0.007809726659566915,0.007809726659566915,0.007809726659566915,0.007809726659566915,0.007809726659566915,0.007809726659566915,0.007809726659566915,0.007809726659566915,0.007809726659566915,0.007809726659566915,0.007809726659566915,0.007809726659566915,0.007809726659566915,0.007809726659566915,0.007809726659566915,0.007809726659566915,0.06957756478523251,0.007809726659566915,0.007809726659566915,0.06993255236066738,0.007809726659566915",1
"0,0,0,0,0,0,0,0,0,0,1,0,0,0,0,0,0,1,0,0,0,0,0,-1,0,0,0,0,0,0,0,0,0,0,0,0,0,0,0,0,0,0,0,0,0,0,0,0,0","0.009591474245115453,0.009591474245115453,0.009591474245115453,0.009591474245115453,0.009591474245115453,0.009591474245115453,0.009591474245115453,0.009591474245115453,0.009591474245115453,0.009591474245115453,0,0.009591474245115453,0.009591474245115453,0.009591474245115453,0.08063943161634103,0.009591474245115453,0.009591474245115453,0,0.07744227353463588,0.009591474245115453,0.009591474245115453,0.009591474245115453,0.07175843694493783,0,0.08383658969804618,0.009591474245115453,0.009591474245115453,0.009591474245115453,0.009591474245115453,0.009591474245115453,0.07602131438721137,0.009591474245115453,0.009591474245115453,0.009591474245115453,0.009591474245115453,0.009591474245115453,0.08596802841918295,0.009591474245115453,0.009591474245115453,0.009591474245115453,0.009591474245115453,0.009591474245115453,0.009591474245115453,0.009591474245115453,0.009591474245115453,0.009591474245115453,0.07602131438721137,0.08383658969804618,0.009591474245115453",-1
"0,0,0,0,0,0,0,0,0,0,1,0,0,0,0,0,0,1,0,0,0,0,0,-1,0,0,0,0,0,0,0,0,0,0,0,0,-1,0,0,0,0,0,0,0,0,0,0,0,0","0.03670745272525028,0.0018539117538005192,0.0018539117538005192,0.03781979977753059,0.03819058212829069,0.0018539117538005192,0.0018539117538005192,0.03819058212829069,0.0018539117538005192,0.030033370411568408,0,0.039302929180571,0.03670745272525028,0.0018539117538005192,0.0018539117538005192,0.0018539117538005192,0.03744901742677049,0,0.0389321468298109,0.03967371153133111,0.03707823507601038,0.0018539117538005192,0.0018539117538005192,0,0.03967371153133111,0.03781979977753059,0.0018539117538005192,0.034853540971449756,0.0018539117538005192,0.0018539117538005192,0.03188728216536893,0.03744901742677049,0.03596588802373007,0.03819058212829069,0.03967371153133111,0.03337041156840934,0,0.0018539117538005192,0.03596588802373007,0.0018539117538005192,0.03819058212829069,0.03670745272525028,0.03596588802373007,0.0018539117538005192,0.0018539117538005192,0.0018539117538005192,0.0018539117538005192,0.03967371153133111,0.039302929180571",1
"0,0,0,0,0,0,0,0,0,0,1,0,0,0,0,0,0,1,0,1,0,0,0,-1,0,0,0,0,0,0,0,0,0,0,0,0,-1,0,0,0,0,0,0,0,0,0,0,0,0","0.0148263753413968,0.01443620756925478,0.01443620756925478,0.01443620756925478,0.0148263753413968,0.01443620756925478,0.01443620756925478,0.10495513070620367,0.01443620756925478,0.01443620756925478,0,0.0148263753413968,0.0148263753413968,0.01443620756925478,0.01443620756925478,0.0148263753413968,0.0148263753413968,0,0.17713616855247757,0,0.0148263753413968,0.01443620756925478,0.01443620756925478,0,0.0148263753413968,0.0148263753413968,0.0148263753413968,0.0148263753413968,0.01443620756925478,0.0148263753413968,0.01443620756925478,0.11783066718689036,0.0148263753413968,0.0148263753413968,0.01443620756925478,0.01443620756925478,0,0.01443620756925478,0.0148263753413968,0.01443620756925478,0.0148263753413968,0.0148263753413968,0.01443620756925478,0.01443620756925478,0.01443620756925478,0.0148263753413968,0.0148263753413968,0.0148263753413968,0.0148263753413968",-1
"0,0,0,0,0,0,0,0,0,0,1,0,0,0,0,0,0,1,-1,1,0,0,0,-1,0,0,0,0,0,0,0,0,0,0,0,0,-1,0,0,0,0,0,0,0,0,0,0,0,0","0.0013740982480247338,0.0013740982480247338,0.0013740982480247338,0.031260735142562696,0.0013740982480247338,0.031260735142562696,0.03023016145654414,0.0013740982480247338,0.0013740982480247338,0.0013740982480247338,0,0.0013740982480247338,0.0013740982480247338,0.02164204740638956,0.0013740982480247338,0.0013740982480247338,0.0013740982480247338,0,0,0,0.0013740982480247338,0.0013740982480247338,0.0013740982480247338,0,0.69666781174854,0.031260735142562696,0.0013740982480247338,0.0013740982480247338,0.0013740982480247338,0.0013740982480247338,0.0013740982480247338,0.03160425970456888,0.025420817588457576,0.0013740982480247338,0.03229130882858124,0.0013740982480247338,0,0.0013740982480247338,0.0013740982480247338,0.0013740982480247338,0.0013740982480247338,0.0013740982480247338,0.0013740982480247338,0.0013740982480247338,0.0013740982480247338,0.0013740982480247338,0.0013740982480247338,0.023016145654414292,0.0013740982480247338",1
"0,0,0,0,0,0,0,0,0,0,1,0,0,0,0,0,0,1,-1,1,0,0,0,-1,1,0,0,0,0,0,0,0,0,0,0,0,-1,0,0,0,0,0,0,0,0,0,0,0,0","0.032545697726259475,0.024074899687917966,0.014712438698172091,0.016049933125278644,0.029424877396344182,0.014266607222469906,0.032545697726259475,0.029424877396344182,0.032545697726259475,0.01359786000891663,0,0.02518947837717343,0.029424877396344182,0.02719572001783326,0.028310298707088722,0.012260365581810076,0.014712438698172091,0,0,0,0.030539456085599645,0.01069995541685243,0.01359786000891663,0,0,0.029424877396344182,0.01359786000891663,0.01069995541685243,0.01069995541685243,0.029424877396344182,0.034551939366919304,0.03945608559964334,0.030539456085599645,0.01069995541685243,0.01961658493089612,0.03143111903700401,0,0.020731163620151583,0.034551939366919304,0.028310298707088722,0.034551939366919304,0.024074899687917966,0.02719572001783326,0.01359786000891663,0.03143111903700401,0.03343736067766384,0.017164511814534107,0.02518947837717343,0.01850200624164066",-1
"0,0,0,0,0,0,0,0,0,0,1,0,0,0,0,0,0,1,-1,1,0,0,0,-1,1,0,0,0,0,0,0,-1,0,0,0,0,-1,0,0,0,0,0,0,0,0,0,0,0,0","0.03679817905918058,0.0018968133535660092,0.028072837632776935,0.0018968133535660092,0.0018968133535660092,0.0018968133535660092,0.039074355083459786,0.0018968133535660092,0.0018968133535660092,0.0018968133535660092,0,0.04059180576631259,0.0018968133535660092,0.0018968133535660092,0.0018968133535660092,0.0018968133535660092,0.0018968133535660092,0,0,0,0.0409711684370258,0.026555386949924126,0.0018968133535660092,0,0,0.0018968133535660092,0.026176024279210924,0.0018968133535660092,0.027693474962063733,0.0018968133535660092,0.04059180576631259,0,0.03983308042488619,0.0409711684370258,0.0018968133535660092,0.03945371775417299,0,0.0018968133535660092,0.0018968133535660092,0.0018968133535660092,0.0409711684370258,0.0018968133535660092,0.0018968133535660092,0.0018968133535660092,0.454855842185129,0.0018968133535660092,0.028072837632776935,0.0018968133535660092,0.0018968133535660092",1
"0,0,0,0,0,0,0,0,0,0,1,0,0,0,0,0,0,1,-1,1,0,0,0,-1,1,0,0,0,0,0,0,-1,0,0,0,0,-1,0,0,0,0,0,0,0,1,0,0,0,0","0.039901612462421424,0.03552883301448483,0.011205247335337523,0.0308827548510522,0.01557802678327412,0.011205247335337523,0.041268106039901616,0.010931948619841488,0.03552883301448483,0.04208800218638972,0,0.011205247335337523,0.04236130090188576,0.02596337797212353,0.010931948619841488,0.010931948619841488,0.010931948619841488,0,0,0,0.010931948619841488,0.010931948619841488,0.03771522273845313,0,0,0.04236130090188576,0.06449849685706477,0.033342443290516534,0.010931948619841488,0.03771522273845313,0.03662202787646898,0,0.010931948619841488,0.041268106039901616,0.01257174091281771,0.010931948619841488,0,0.023503689532659196,0.047827275211806505,0.011205247335337523,0.01257174091281771,0.011205247335337523,0.011205247335337523,0.010931948619841488,0,0.041268106039901616,0.010931948619841488,0.0330691445750205,0.03908171631593332",-1
"0,0,0,0,0,0,0,0,0,0,1,0,0,0,0,0,0,1,-1,1,0,0,0,-1,1,0,-1,0,0,0,0,-1,0,0,0,0,-1,0,0,0,0,0,0,0,1,0,0,0,0","0.029662588060808306,0.03114571746384872,0.002224694104560623,0.02632554690396737,0.030033370411568408,0.03262884686688913,0.02632554690396737,0.030033370411568408,0.029662588060808306,0.029662588060808306,0,0.029662588060808306,0.030404152762328513,0.025583982202447165,0.024471635150166853,0.002224694104560623,0.025583982202447165,0,0,0,0.03337041156840934,0.002224694104560623,0.033741193919169445,0,0,0.002224694104560623,0,0.030033370411568408,0.002224694104560623,0.002224694104560623,0.03151649981460882,0,0.03819058212829069,0.034482758620689655,0.033741193919169445,0.03114571746384872,0,0.03151649981460882,0.027808676307007785,0.02335928809788654,0.03151649981460882,0.027808676307007785,0.0292918057100482,0.026696329254727477,0,0.030404152762328513,0.033741193919169445,0.03114571746384872,0.025954764553207266",1
"0,0,0,0,0,0,0,0,0,0,1,0,0,0,0,0,0,1,-1,1,0,0,0,-1,1,0,-1,0,0,0,0,-1,1,0,0,0,-1,0,0,0,0,0,0,0,1,0,0,0,0","0.01871345029239766,0.014814814814814815,0.01442495126705653,0.014814814814814815,0.014814814814814815,0.014814814814814815,0.0861598440545809,0.014814814814814815,0.014814814814814815,0.014814814814814815,0,0.014814814814814815,0.01871345029239766,0.014814814814814815,0.014814814814814815,0.01442495126705653,0.021052631578947368,0,0,0,0.020662768031189084,0.01442495126705653,0.014814814814814815,0,0,0.1497076023391813,0,0.014814814814814815,0.021052631578947368,0.08343079922027291,0.014814814814814815,0,0,0.014814814814814815,0.014814814814814815,0.014814814814814815,0,0.014814814814814815,0.08499025341130605,0.014814814814814815,0.08343079922027291,0.01442495126705653,0.01442495126705653,0.014814814814814815,0,0.01442495126705653,0.014814814814814815,0.01442495126705653,0.014814814814814815",-1
"0,0,0,0,0,0,0,0,0,0,1,0,0,0,0,0,0,1,-1,1,0,0,0,-1,1,-1,-1,0,0,0,0,-1,1,0,0,0,-1,0,0,0,0,0,0,0,1,0,0,0,0","0.01053740779768177,0.0639269406392694,0.01053740779768177,0.010186160871092378,0.01053740779768177,0.06638566912539515,0.0639269406392694,0.06498068141903758,0.01053740779768177,0.01053740779768177,0,0.01053740779768177,0.0639269406392694,0.010186160871092378,0.06638566912539515,0.01053740779768177,0.01053740779768177,0,0,0,0.01053740779768177,0.010186160871092378,0.01053740779768177,0,0,0,0,0.06954689146469968,0.01053740779768177,0.061819459079733054,0.0776255707762557,0,0,0.0639269406392694,0.01053740779768177,0.01053740779768177,0,0.01053740779768177,0.01053740779768177,0.01053740779768177,0.01053740779768177,0.01053740779768177,0.06498068141903758,0.01053740779768177,0,0.01053740779768177,0.01053740779768177,0.010186160871092378,0.01053740779768177",1
"0,0,0,0,0,0,0,0,0,0,1,0,0,0,0,0,0,1,-1,1,0,0,0,-1,1,-1,-1,0,0,0,1,-1,1,0,0,0,-1,0,0,0,0,0,0,0,1,0,0,0,0","0.04692737430167598,0.04022346368715084,0.04432029795158287,0.00409683426443203,0.00409683426443203,0.00409683426443203,0.00409683426443203,0.00409683426443203,0.04283054003724395,0.00409683426443203,0,0.04357541899441341,0.04581005586592179,0.04022346368715084,0.00409683426443203,0.03947858472998138,0.00409683426443203,0,0,0,0.04990689013035382,0.00409683426443203,0.00409683426443203,0,0,0,0,0.04581005586592179,0.04283054003724395,0.04022346368715084,0,0,0,0.00409683426443203,0.00409683426443203,0.00409683426443203,0,0.17988826815642459,0.00409683426443203,0.00409683426443203,0.04581005586592179,0.00409683426443203,0.00409683426443203,0.04618249534450652,0,0.041340782122905026,0.04581005586592179,0.04506517690875233,0.00409683426443203",-1
"0,0,0,0,0,0,0,0,0,0,1,0,0,0,0,0,0,1,-1,1,0,0,0,-1,1,-1,-1,0,0,0,1,-1,1,0,0,0,-1,-1,0,0,0,0,0,0,1,0,0,0,0","0.019335142469470826,0.025780189959294438,0.021370420624151967,0.021370420624151967,0.019335142469470826,0.032225237449118045,0.025780189959294438,0.018995929443690638,0.019335142469470826,0.019335142469470826,0,0.019335142469470826,0.033921302578018994,0.023744911804613297,0.019335142469470826,0.021370420624151967,0.025780189959294438,0,0,0,0.019335142469470826,0.021370420624151967,0.022388059701492536,0,0,0,0,0.030189959294436908,0.019335142469470826,0.025780189959294438,0,0,0,0.030189959294436908,0.025780189959294438,0.09871099050203527,0,0,0.09226594301221167,0.019335142469470826,0.019335142469470826,0.019335142469470826,0.09396200814111262,0.018995929443690638,0,0.019335142469470826,0.019335142469470826,0.019335142469470826,0.019335142469470826",1
"0,0,0,0,0,0,0,0,0,0,1,0,0,0,0,0,0,1,-1,1,0,0,0,-1,1,-1,-1,0,0,0,1,-1,1,0,0,1,-1,-1,0,0,0,0,0,0,1,0,0,0,0","0.018498367791077257,0.025752629669931085,0.0014508523757707653,0.01922379397896264,0.01958650707290533,0.01958650707290533,0.02720348204570185,0.01922379397896264,0.01994922016684802,0.025752629669931085,0,0.017047515415306493,0.0014508523757707653,0.0014508523757707653,0.017772941603191875,0.0014508523757707653,0.025027203482045703,0,0,0,0.017772941603191875,0.0014508523757707653,0.025752629669931085,0,0,0,0,0.017410228509249184,0.0014508523757707653,0.028654334421472614,0,0,0,0.025389916575988394,0.0014508523757707653,0,0,0,0.017410228509249184,0.018135654697134566,0.018135654697134566,0.0014508523757707653,0.5244831338411317,0.018135654697134566,0,0.0014508523757707653,0.0014508523757707653,0.018135654697134566,0.0014508523757707653",-1
"0,0,0,0,0,0,0,0,0,0,1,0,0,0,0,0,0,1,-1,1,0,0,0,-1,1,-1,-1,0,0,0,1,-1,1,0,0,1,-1,-1,0,0,0,0,-1,0,1,0,0,0,0","0.028366981855353947,0.030922565806286738,0.028366981855353947,0.028366981855353947,0.028622540250447227,0.03347814975721952,0.030922565806286738,0.028622540250447227,0.028622540250447227,0.028366981855353947,0,0.028366981855353947,0.030922565806286738,0.028366981855353947,0.028622540250447227,0.028366981855353947,0.03347814975721952,0,0,0,0.028366981855353947,0.028366981855353947,0.03347814975721952,0,0,0,0,0.04037822642473805,0.028366981855353947,0.028366981855353947,0,0,0,0.03577817531305903,0.030922565806286738,0,0,0,0.03577817531305903,0.028622540250447227,0.028622540250447227,0.028366981855353947,0,0.028366981855353947,0,0.028366981855353947,0.028366981855353947,0.028622540250447227,0.03807820086889854",1
"0,0,0,0,0,0,0,0,0,0,1,0,0,0,0,0,0,1,-1,1,0,0,0,-1,1,-1,-1,1,0,0,1,-1,1,0,0,1,-1,-1,0,0,0,0,-1,0,1,0,0,0,0","0.026656511805026657,0.026275704493526276,0.024752475247524754,0.0015232292460015233,0.024752475247524754,0.0015232292460015233,0.12528560548362527,0.026656511805026657,0.026656511805026657,0.026275704493526276,0,0.026656511805026657,0.12528560548362527,0.026656511805026657,0.026275704493526276,0.025514089870525513,0.026656511805026657,0,0,0,0.12528560548362527,0.021706016755521706,0.026656511805026657,0,0,0,0,0,0.021325209444021324,0.025514089870525513,0,0,0,0.025894897182025894,0.0015232292460015233,0,0,0,0.026275704493526276,0.026275704493526276,0.02513328255902513,0.0015232292460015233,0,0.026656511805026657,0,0.025894897182025894,0.024752475247524754,0.026656511805026657,0.0015232292460015233",-1
"0,0,0,0,0,0,-1,0,0,0,1,0,0,0,0,0,0,1,-1,1,0,0,0,-1,1,-1,-1,1,0,0,1,-1,1,0,0,1,-1,-1,0,0,0,0,-1,0,1,0,0,0,0","0.028234453180843458,0.03395282344531808,0.028234453180843458,0.04431736954967834,0.028234453180843458,0.054324517512508934,0,0.027877055039313797,0.027877055039313797,0.028234453180843458,0,0.028234453180843458,0.039313795568263046,0.031093638313080773,0.028234453180843458,0.027877055039313797,0.03395282344531808,0,0,0,0.031093638313080773,0.027877055039313797,0.036454610436025735,0,0,0,0,0,0.027877055039313797,0.028234453180843458,0,0,0,0.036454610436025735,0.04181558255897069,0,0,0,0.036454610436025735,0.027877055039313797,0.031093638313080773,0.027877055039313797,0,0.027877055039313797,0,0.027877055039313797,0.028234453180843458,0.031093638313080773,0.04181558255897069",1
"0,0,0,0,0,1,-1,0,0,0,1,0,0,0,0,0,0,1,-1,1,0,0,0,-1,1,-1,-1,1,0,0,1,-1,1,0,0,1,-1,-1,0,0,0,0,-1,0,1,0,0,0,0","0.02250190694126621,0.0015255530129672007,0.018688024408848206,0.02440884820747521,0.01906941266209001,0,0,0.02364607170099161,0.0015255530129672007,0.0015255530129672007,0,0.02326468344774981,0.19984744469870327,0.02212051868802441,0.0015255530129672007,0.0015255530129672007,0.0015255530129672007,0,0,0,0.19984744469870327,0.020594965675057208,0.0015255530129672007,0,0,0,0,0,0.019450800915331808,0.0015255530129672007,0,0,0,0.02517162471395881,0.02517162471395881,0,0,0,0.02479023646071701,0.02364607170099161,0.021739130434782608,0.02517162471395881,0,0.02212051868802441,0,0.0015255530129672007,0.0015255530129672007,0.02364607170099161,0.19984744469870327",-1
"0,0,0,0,0,0,0,0,0,0,0,0,0,0,0,0,0,0,0,0,0,0,0,0,0,0,0,0,0,0,0,0,0,0,0,0,0,0,0,0,0,0,0,0,0,0,0,0,0","0.031007751937984496,0.024887800897592818,0.023663810689514484,0.0012239902080783353,0.031007751937984496,0.02284781721746226,0.026519787841697267,0.0012239902080783353,0.028559771521827825,0.0012239902080783353,0.0012239902080783353,0.02529579763361893,0.0012239902080783353,0.026111791105671155,0.0012239902080783353,0.02447980416156671,0.031415748674010605,0.022439820481436147,0.028151774785801713,0.031415748674010605,0.0012239902080783353,0.024887800897592818,0.02692778457772338,0.0012239902080783353,0.026519787841697267,0.0012239902080783353,0.024887800897592818,0.025703794369645042,0.02529579763361893,0.028559771521827825,0.0277437780497756,0.029783761729906162,0.02447980416156671,0.0277437780497756,0.02284781721746226,0.02447980416156671,0.03182374541003672,0.024887800897592818,0.02447980416156671,0.0012239902080783353,0.024887800897592818,0.032639738882088945,0.0012239902080783353,0.023663810689514484,0.024071807425540596,0.028967768257853937,0.024071807425540596,0.0012239902080783353,0.028151774785801713",-1
"0,0,0,0,0,0,0,0,0,0,0,0,0,0,0,0,0,0,0,0,0,0,0,0,0,0,0,0,0,0,0,0,0,0,0,0,0,0,0,0,0,-1,0,0,0,0,0,0,0","0.008293838862559242,0.008293838862559242,0.008293838862559242,0.008293838862559242,0.008293838862559242,0.008293838862559242,0.008293838862559242,0.008293838862559242,0.008293838862559242,0.008293838862559242,0.09281200631911532,0.008293838862559242,0.008293838862559242,0.07938388625592417,0.008293838862559242,0.008293838862559242,0.008293838862559242,0.008293838862559242,0.008293838862559242,0.008293838862559242,0.0825434439178515,0.08886255924170616,0.008293838862559242,0.008293838862559242,0.008293838862559242,0.07622432859399685,0.008293838862559242,0.008293838862559242,0.008293838862559242,0.08886255924170616,0.008293838862559242,0.0730647709320695,0.008293838862559242,0.008293838862559242,0.008293838862559242,0.008293838862559242,0.008293838862559242,0.008293838862559242,0.008293838862559242,0.008293838862559242,0.008293838862559242,0,0.08649289099526067,0.008293838862559242,0.008293838862559242,0.008293838862559242,0.008293838862559242,0.008293838862559242,0.008293838862559242",1
"0,0,0,0,0,0,0,0,0,0,1,0,0,0,0,0,0,0,0,0,0,0,0,0,0,0,0,0,0,0,0,0,0,0,0,0,0,0,0,0,0,-1,0,0,0,0,0,0,0","0.04575892857142857,0.0033482142857142855,0.0033482142857142855,0.044270833333333336,0.05505952380952381,0.0033482142857142855,0.0033482142857142855,0.0033482142857142855,0.0033482142857142855,0.0033482142857142855,0,0.0033482142857142855,0.04873511904761905,0.04092261904761905,0.0033482142857142855,0.0033482142857142855,0.05282738095238095,0.0033482142857142855,0.0033482142857142855,0.0033482142857142855,0.041294642857142856,0.0033482142857142855,0.0033482142857142855,0.056919642857142856,0.043154761904761904,0.0033482142857142855,0.0033482142857142855,0.0033482142857142855,0.0033482142857142855,0.049107142857142856,0.04799107142857143,0.050967261904761904,0.046875,0.0033482142857142855,0.0033482142857142855,0.04575892857142857,0.04873511904761905,0.0033482142857142855,0.050595238095238096,0.0033482142857142855,0.044642857142857144,0,0.0033482142857142855,0.04575892857142857,0.046875,0.0033482142857142855,0.0033482142857142855,0.0033482142857142855,0.0033482142857142855",-1
"0,0,0,0,0,0,0,0,0,0,1,0,0,0,0,0,0,0,0,0,0,0,0,-1,0,0,0,0,0,0,0,0,0,0,0,0,0,0,0,0,0,-1,0,0,0,0,0,0,0","0.009205983889528193,0.009205983889528193,0.009205983889528193,0.009205983889528193,0.07633294975067127,0.009205983889528193,0.09167625623321826,0.009205983889528193,0.07326428845416187,0.009205983889528193,0,0.009205983889528193,0.009205983889528193,0.07978519370924435,0.009205983889528193,0.009205983889528193,0.009205983889528193,0.009205983889528193,0.08745684695051784,0.009205983889528193,0.009205983889528193,0.009205983889528193,0.009205983889528193,0,0.009205983889528193,0.009205983889528193,0.009205983889528193,0.07671653241273495,0.009205983889528193,0.009205983889528193,0.009205983889528193,0.009205983889528193,0.009205983889528193,0.009205983889528193,0.08400460299194476,0.009205983889528193,0.009205983889528193,0.009205983889528193,0.009205983889528193,0.009205983889528193,0.009205983889528193,0,0.009205983889528193,0.08093594169543536,0.009205983889528193,0.009205983889528193,0.009205983889528193,0.009205983889528193,0.009205983889528193",1
"0,0,0,0,0,0,1,0,0,0,1,0,0,0,0,0,0,0,0,0,0,0,0,-1,0,0,0,0,0,0,0,0,0,0,0,0,0,0,0,0,0,-1,0,0,0,0,0,0,0","0.002969561989606533,0.05085374907201188,0.04602821083890126,0.002969561989606533,0.002969561989606533,0.002969561989606533,0,0.002969561989606533,0.04714179658500371,0.002969561989606533,0,0.002969561989606533,0.002969561989606533,0.04862657757980698,0.002969561989606533,0.002969561989606533,0.002969561989606533,0.002969561989606533,0.04714179658500371,0.04974016332590943,0.047512991833704527,0.002969561989606533,0.043429844097995544,0,0.044543429844097995,0.002969561989606533,0.047512991833704527,0.002969561989606533,0.038604305864884926,0.002969561989606533,0.002969561989606533,0.002969561989606533,0.04899777282850779,0.04417223459539718,0.002969561989606533,0.04862657757980698,0.046399406087602076,0.002969561989606533,0.049368968077208614,0.04417223459539718,0.002969561989606533,0,0.043429844097995544,0.04305864884929473,0.002969561989606533,0.002969561989606533,0.002969561989606533,0.002969561989606533,0.046399406087602076",-1
"0,-1,0,0,0,0,1,0,0,0,1,0,0,0,0,0,0,0,0,0,0,0,0,-1,0,0,0,0,0,0,0,0,0,0,0,0,0,0,0,0,0,-1,0,0,0,0,0,0,0","0.004242190512919399,0,0.004242190512919399,0.05244890088700347,0.004242190512919399,0.004242190512919399,0,0.004242190512919399,0.004242190512919399,0.004242190512919399,0,0.004242190512919399,0.05977632086386425,0.44118781334361745,0.004242190512919399,0.004242190512919399,0.05977632086386425,0.004242190512919399,0.05977632086386425,0.004242190512919399,0.004242190512919399,0.004242190512919399,0.004242190512919399,0,0.004242190512919399,0.004242190512919399,0.004242190512919399,0.004242190512919399,0.004242190512919399,0.004242190512919399,0.004242190512919399,0.05553413035094485,0.004242190512919399,0.004242190512919399,0.004242190512919399,0.004242190512919399,0.004242190512919399,0.05977632086386425,0.004242190512919399,0.004242190512919399,0.004242190512919399,0,0.004242190512919399,0.004242190512919399,0.05900501349787891,0.004242190512919399,0.004242190512919399,0.004242190512919399,0.004242190512919399",1
"0,-1,0,0,0,0,1,0,0,0,1,0,0,1,0,0,0,0,0,0,0,0,0,-1,0,0,0,0,0,0,0,0,0,0,0,0,0,0,0,0,0,-1,0,0,0,0,0,0,0","0.011941127464593169,0,0.011941127464593169,0.011941127464593169,0.011941127464593169,0.011941127464593169,0,0.011941127464593169,0.011941127464593169,0.011941127464593169,0,0.011941127464593169,0.011941127464593169,0,0.04332129963898917,0.011941127464593169,0.011941127464593169,0.011941127464593169,0.026103860038878088,0.011941127464593169,0.11968897528464316,0.011941127464593169,0.011941127464593169,0,0.011941127464593169,0.034990280477645096,0.042210497084143296,0.011941127464593169,0.011941127464593169,0.034990280477645096,0.011941127464593169,0.020827547903360177,0.011941127464593169,0.011941127464593169,0.011941127464593169,0.07497917245209663,0.011941127464593169,0.011941127464593169,0.11135795612329909,0.011941127464593169,0.044432102193835046,0,0.011941127464593169,0.011941127464593169,0.011941127464593169,0.011941127464593169,0.03360177728408775,0.04332129963898917,0.011941127464593169",-1
"0,-1,0,0,0,0,1,0,0,0,1,0,0,1,0,0,0,0,0,0,-1,0,0,-1,0,0,0,0,0,0,0,0,0,0,0,0,0,0,0,0,0,-1,0,0,0,0,0,0,0","0.0027691242644513675,0,0.03772931810314988,0.032537210107303566,0.04153686396677051,0.04153686396677051,0,0.0027691242644513675,0.0027691242644513675,0.0027691242644513675,0,0.04153686396677051,0.04326756663205261,0,0.0027691242644513675,0.036690896503980615,0.0027691242644513675,0.04811353409484251,0.0027691242644513675,0.35133264105226725,0,0.0027691242644513675,0.0027691242644513675,0,0.03772931810314988,0.0027691242644513675,0.0027691242644513675,0.0027691242644513675,0.0027691242644513675,0.0027691242644513675,0.0027691242644513675,0.03911388023537556,0.0027691242644513675,0.036344755970924195,0.033575631706472826,0.0027691242644513675,0.0027691242644513675,0.0027691242644513675,0.0027691242644513675,0.0027691242644513675,0.03911388023537556,0,0.0027691242644513675,0.0027691242644513675,0.036690896503980615,0.0027691242644513675,0.0027691242644513675,0.0027691242644513675,0.03115264797507788",1
"0,-1,0,0,0,0,1,0,0,0,1,0,0,1,0,0,0,0,0,1,-1,0,0,-1,0,0,0,0,0,0,0,0,0,0,0,0,0,0,0,0,0,-1,0,0,0,0,0,0,0","0.02072538860103627,0,0.02849740932642487,0.013816925734024179,0.025331030512377662,0.014104778353483017,0,0.014104778353483017,0.014104778353483017,0.01583189407023604,0,0.01583189407023604,0.01755900978698906,0,0.01583189407023604,0.014104778353483017,0.013816925734024179,0.027058146229130685,0.01755900978698906,0,0,0.013816925734024179,0.01871042026482441,0,0.08491652274035694,0.029936672423719057,0.02849740932642487,0.014104778353483017,0.014104778353483017,0.025331030512377662,0.02849740932642487,0.02849740932642487,0.03684513529073115,0.014104778353483017,0.027058146229130685,0.019286125503742084,0.013816925734024179,0.013816925734024179,0.03540587219343696,0.01583189407023604,0.03137593552101324,0,0.025331030512377662,0.029936672423719057,0.03137593552101324,0.08491652274035694,0.029936672423719057,0.022452504317789293,0.013816925734024179",-1
"0,-1,0,0,0,0,1,0,0,0,1,0,0,1,0,0,0,0,0,1,-1,0,0,-1,-1,0,0,0,0,0,0,0,0,0,0,0,0,0,0,0,0,-1,0,0,0,0,0,0,0","0.035571687840290384,0,0.0018148820326678765,0.03121597096188748,0.029764065335753175,0.054083484573502726,0,0.0018148820326678765,0.037023593466424684,0.025771324863883848,0,0.0018148820326678765,0.033393829401088926,0,0.033030852994555354,0.0018148820326678765,0.035934664246823955,0.0018148820326678765,0.037386569872958256,0,0,0.0018148820326678765,0.054083484573502726,0,0,0.037023593466424684,0.0018148820326678765,0.0018148820326678765,0.0018148820326678765,0.03484573502722323,0.036297640653357534,0.033393829401088926,0.037386569872958256,0.0018148820326678765,0.03484573502722323,0.035934664246823955,0.03411978221415608,0.0018148820326678765,0.0018148820326678765,0.037023593466424684,0.033756805807622504,0,0.037386569872958256,0.036297640653357534,0.03411978221415608,0.036297640653357534,0.0018148820326678765,0.03484573502722323,0.035571687840290384",1
"0,-1,0,0,0,1,1,0,0,0,1,0,0,1,0,0,0,0,0,1,-1,0,0,-1,-1,0,0,0,0,0,0,0,0,0,0,0,0,0,0,0,0,-1,0,0,0,0,0,0,0","0.0210727969348659,0,0.014559386973180077,0.014942528735632184,0.014942528735632184,0,0,0.01685823754789272,0.014942528735632184,0.014559386973180077,0,0.014559386973180077,0.014942528735632184,0,0.014942528735632184,0.014559386973180077,0.014559386973180077,0.014942528735632184,0.014942528735632184,0,0,0.014942528735632184,0.014942528735632184,0,0,0.04904214559386973,0.09923371647509578,0.03908045977011494,0.014942528735632184,0.014559386973180077,0.0475095785440613,0.05478927203065134,0.014942528735632184,0.014942528735632184,0.0371647509578544,0.014942528735632184,0.014942528735632184,0.014942528735632184,0.1053639846743295,0.014559386973180077,0.050191570881226055,0,0.014942528735632184,0.014942528735632184,0.014942528735632184,0.047126436781609195,0.014942528735632184,0.031800766283524906,0.014942528735632184",-1
"0,-1,0,0,0,1,1,0,0,0,1,0,0,1,0,0,0,0,0,1,-1,0,0,-1,-1,0,0,0,0,0,0,0,0,0,0,0,0,0,-1,0,0,-1,0,0,0,0,0,0,0","0.0014614541468761417,0,0.0014614541468761417,0.0014614541468761417,0.0014614541468761417,0,0,0.026306174643770552,0.01936426744610888,0.0014614541468761417,0,0.018268176835951774,0.023748629886737302,0,0.02082572159298502,0.0014614541468761417,0.02411399342345634,0.0014614541468761417,0.019729630982827914,0,0,0.023748629886737302,0.0014614541468761417,0,0,0.0014614541468761417,0.0014614541468761417,0.0014614541468761417,0.0014614541468761417,0.02411399342345634,0.0014614541468761417,0.029959810010960906,0.02703690171720862,0.02411399342345634,0.02009499451954695,0.024479356960175374,0.021921812203142127,0.0014614541468761417,0,0.5312385823894775,0.02411399342345634,0,0.0014614541468761417,0.02228717573986116,0.019729630982827914,0.0014614541468761417,0.0014614541468761417,0.028498355864084765,0.0014614541468761417",1
"0,-1,0,0,0,1,1,0,0,0,1,0,0,1,0,0,0,0,0,1,-1,0,0,-1,-1,0,0,0,0,0,0,0,0,0,0,0,0,0,-1,1,0,-1,0,0,0,0,0,0,0","0.009446004595353587,0,0.035486341587949964,0.009446004595353587,0.009190707173857544,0,0,0.009446004595353587,0.03803931580291039,0.009446004595353587,0,0.009446004595353587,0.009190707173857544,0,0.009190707173857544,0.03880520806739852,0.009190707173857544,0.009190707173857544,0.009190707173857544,0,0,0.009190707173857544,0.009446004595353587,0,0,0.009190707173857544,0.009190707173857544,0.009446004595353587,0.009190707173857544,0.009190707173857544,0.037528720959918306,0.009190707173857544,0.035741639009446005,0.009446004595353587,0.009190707173857544,0.009446004595353587,0.009446004595353587,0.009190707173857544,0,0,0.009190707173857544,0,0.02297676793464386,0.009446004595353587,0.009190707173857544,0.5123819249425581,0.009446004595353587,0.009190707173857544,0.009446004595353587",-1
"0,-1,0,0,0,1,1,0,0,0,1,0,0,1,0,0,0,0,0,1,-1,0,0,-1,-1,0,0,0,0,0,0,0,0,0,0,0,0,0,-1,1,0,-1,0,0,0,-1,0,0,0","0.00782822634757325,0,0.00782822634757325,0.00782822634757325,0.00782822634757325,0,0,0.00782822634757325,0.008051889957503914,0.030418250950570342,0,0.00782822634757325,0.00782822634757325,0,0.00782822634757325,0.00782822634757325,0.00782822634757325,0.00782822634757325,0.00782822634757325,0,0,0.05166629389398345,0.00782822634757325,0,0,0.034667859539252964,0.050995303064191456,0.00782822634757325,0.0501006486244688,0.00782822634757325,0.00782822634757325,0.00782822634757325,0.008051889957503914,0.00782822634757325,0.00782822634757325,0.00782822634757325,0.00782822634757325,0.008051889957503914,0,0,0.00782822634757325,0,0.5193469022590025,0.00782822634757325,0.00782822634757325,0,0.00782822634757325,0.008051889957503914,0.034891523149183624",1
"0,-1,0,0,0,1,1,0,0,0,1,0,0,1,0,0,0,0,0,1,-1,0,0,-1,-1,0,0,0,0,0,0,0,0,0,0,0,0,0,-1,1,0,-1,1,0,0,-1,0,0,0","0.0027156883225402132,0,0.028619176937539167,0.0027156883225402132,0.0027156883225402132,0,0,0.0027156883225402132,0.0027156883225402132,0.0027156883225402132,0,0.0027156883225402132,0.0027156883225402132,0,0.0027156883225402132,0.0027156883225402132,0.0027156883225402132,0.0027156883225402132,0.0027156883225402132,0,0,0.027365782327135994,0.0027156883225402132,0,0,0.0027156883225402132,0.03279715897221642,0.0027156883225402132,0.02235220388552329,0.0027156883225402132,0.0027156883225402132,0.0027156883225402132,0.0027156883225402132,0.0027156883225402132,0.0027156883225402132,0.0027156883225402132,0.0027156883225402132,0.0027156883225402132,0,0,0.0027156883225402132,0,0,0.0027156883225402132,0.0027156883225402132,0,0.8073950282013788,0.0027156883225402132,0.0027156883225402132",-1
"0,-1,0,0,0,1,1,0,0,0,1,0,0,1,0,0,0,0,0,1,-1,0,0,-1,-1,0,0,0,0,0,0,0,0,0,0,0,0,0,-1,1,0,-1,1,0,0,-1,-1,0,0","0.01500552835255094,0,0.013268046122255567,0.0157952930026852,0.01500552835255094,0,0,0.0157952930026852,0.014057810772389828,0.012320328542094456,0,0.011372610961933344,0.016743010582846312,0,0.013268046122255567,0.014057810772389828,0.010424893381772231,0.03964618543673985,0.017532775232980573,0,0,0.37624387932396147,0.05796872531985468,0,0,0.039014373716632446,0.013268046122255567,0.008529458221450008,0.02448270415416206,0.011372610961933344,0.05670510187963987,0.02606223345443058,0.010424893381772231,0.011372610961933344,0.0157952930026852,0.013268046122255567,0.008529458221450008,0.020691833833517612,0,0,0.02227136313378613,0,0,0.0157952930026852,0.01500552835255094,0,0,0.01658505765281946,0.012320328542094456",1
"0,-1,0,0,0,1,1,0,0,0,1,0,0,1,0,0,0,0,0,1,-1,1,0,-1,-1,0,0,0,0,0,0,0,0,0,0,0,0,0,-1,1,0,-1,1,0,0,-1,-1,0,0","0.0020622808826562177,0,0.0020622808826562177,0.0020622808826562177,0.0020622808826562177,0,0,0.0020622808826562177,0.0020622808826562177,0.0020622808826562177,0,0.0020622808826562177,0.0020622808826562177,0,0.0020622808826562177,0.0020622808826562177,0.02660342338626521,0.0020622808826562177,0.0020622808826562177,0,0,0,0.0020622808826562177,0,0,0.0020622808826562177,0.0020622808826562177,0.0020622808826562177,0.8911115693957516,0.0020622808826562177,0.020416580738296556,0.0020622808826562177,0.0020622808826562177,0.0020622808826562177,0.0020622808826562177,0.0020622808826562177,0.0020622808826562177,0.0020622808826562177,0,0,0.0020622808826562177,0,0,0.0020622808826562177,0.0020622808826562177,0,0,0.0020622808826562177,0.0020622808826562177",-1
"0,-1,0,0,0,1,1,0,0,0,1,0,0,1,0,0,0,0,0,1,-1,1,0,-1,-1,0,0,0,-1,0,0,0,0,0,0,0,0,0,-1,1,0,-1,1,0,0,-1,-1,0,0","0.021358079245838858,0,0.020032405361614377,0.021358079245838858,0.01855943437914273,0,0,0.024009427014287817,0.020032405361614377,0.020032405361614377,0,0.01723376049491825,0.020032405361614377,0,0.01723376049491825,0.020032405361614377,0.01855943437914273,0.020032405361614377,0.06908233907792016,0,0,0,0.23479157460598027,0,0,0.021358079245838858,0.020032405361614377,0.01855943437914273,0,0.021358079245838858,0.08086610693769333,0.035793194874060984,0.01723376049491825,0.020032405361614377,0.01855943437914273,0.01855943437914273,0.01855943437914273,0.033583738400353516,0,0,0.024009427014287817,0,0,0.01723376049491825,0.024009427014287817,0,0,0.026513477684489615,0.021358079245838858",1
"0,-1,0,0,0,1,1,0,0,0,1,0,0,1,0,0,0,0,0,1,-1,1,1,-1,-1,0,0,0,-1,0,0,0,0,0,0,0,0,0,-1,1,0,-1,1,0,0,-1,-1,0,0","0.011567807039133645,0,0.0012306177701206006,0.011813930593157764,0.0012306177701206006,0,0,0.012060054147181885,0.011321683485109525,0.0012306177701206006,0,0.014521289687423087,0.013782919025350726,0,0.012798424809254246,0.0012306177701206006,0.0012306177701206006,0.0012306177701206006,0.0012306177701206006,0,0,0,0,0,0,0.0012306177701206006,0.0012306177701206006,0.012798424809254246,0,0.8067930100910657,0.0012306177701206006,0.0012306177701206006,0.011075559931085405,0.0012306177701206006,0.0012306177701206006,0.017228648781688408,0.018213142997784888,0.0012306177701206006,0,0,0.012060054147181885,0,0,0.0012306177701206006,0.0012306177701206006,0,0,0.0012306177701206006,0.013044548363278365",-1
"0,-1,0,0,0,1,1,0,0,0,1,0,0,1,0,0,0,0,0,1,-1,1,1,-1,-1,0,0,0,-1,-1,0,0,0,0,0,0,0,0,-1,1,0,-1,1,0,0,-1,-1,0,0","0.02418232428670842,0,0.030793319415448852,0.038448155880306194,0.02592205984690327,0,0,0.027661795407098122,0.022268615170494086,0.022268615170494086,0,0.02418232428670842,0.02418232428670842,0,0.022268615170494086,0.027661795407098122,0.02244258872651357,0.029227557411273485,0.02418232428670842,0,0,0,0,0,0,0.022268615170494086,0.030793319415448852,0.022268615170494086,0,0,0.027661795407098122,0.2092901878914405,0.022268615170494086,0.022268615170494086,0.029227557411273485,0.022268615170494086,0.03392484342379958,0.04001391788448156,0,0,0.027661795407098122,0,0,0.02418232428670842,0.03392484342379958,0,0,0.037056367432150315,0.029227557411273485",1
"0,-1,0,0,0,1,1,0,0,0,1,0,0,1,0,0,0,0,0,1,-1,1,1,-1,-1,0,0,0,-1,-1,0,1,0,0,0,0,0,0,-1,1,0,-1,1,0,0,-1,-1,0,0","0.0195971692977681,0,0.0010887316276537834,0.018780620577027764,0.0010887316276537834,0,0,0.0010887316276537834,0.0010887316276537834,0.0010887316276537834,0,0.0010887316276537834,0.017964071856287425,0,0.0010887316276537834,0.0010887316276537834,0.0010887316276537834,0.0010887316276537834,0.01823625476320087,0,0,0,0,0,0,0.0010887316276537834,0.015514425694066412,0.017964071856287425,0,0,0.0010887316276537834,0,0.0010887316276537834,0.0010887316276537834,0.0195971692977681,0.0010887316276537834,0.0010887316276537834,0.7980402830702232,0,0,0.016603157321720196,0,0,0.018508437670114317,0.0010887316276537834,0,0,0.0010887316276537834,0.0195971692977681",-1
"0,-1,0,0,0,1,1,0,0,0,1,0,0,1,0,0,0,0,0,1,-1,1,1,-1,-1,0,0,0,-1,-1,0,1,0,0,0,0,0,-1,-1,1,0,-1,1,0,0,-1,-1,0,0","0.031273131014063656,0,0.05829015544041451,0.03534418948926721,0.04126572908956329,0,0,0.03534418948926721,0.02923760177646188,0.02923760177646188,0,0.031273131014063656,0.031273131014063656,0,0.02923760177646188,0.03737971872686899,0.02923760177646188,0.03737971872686899,0.02923760177646188,0,0,0,0,0,0,0.02923760177646188,0.06236121391561806,0.02923760177646188,0,0,0.03923019985196151,0,0.02923760177646188,0.033308660251665435,0.04126572908956329,0.031273131014063656,0.031273131014063656,0,0,0,0.03923019985196151,0,0,0.03737971872686899,0.03737971872686899,0,0,0.03923019985196151,0.03534418948926721",1
"0,-1,0,0,0,1,1,0,0,0,1,0,0,1,0,0,0,0,0,1,-1,1,1,-1,-1,0,1,0,-1,-1,0,1,0,0,0,0,0,-1,-1,1,0,-1,1,0,0,-1,-1,0,0","0.0014234875444839859,0,0.019217081850533807,0.0014234875444839859,0.0014234875444839859,0,0,0.019217081850533807,0.02099644128113879,0.02099644128113879,0,0.0014234875444839859,0.0014234875444839859,0,0.09822064056939502,0.019572953736654804,0.02099644128113879,0.01886120996441281,0.09857651245551602,0,0,0,0,0,0,0.01886120996441281,0,0.09822064056939502,0,0,0.09822064056939502,0,0.09857651245551602,0.02099644128113879,0.0014234875444839859,0.020640569395017794,0.09822064056939502,0,0,0,0.09857651245551602,0,0,0.0014234875444839859,0.0014234875444839859,0,0,0.09822064056939502,0.0014234875444839859",-1
"0,-1,0,0,0,1,1,0,0,0,1,0,0,1,0,0,0,0,-1,1,-1,1,1,-1,-1,0,1,0,-1,-1,0,1,0,0,0,0,0,-1,-1,1,0,-1,1,0,0,-1,-1,0,0","0.03816793893129771,0,0.025081788440567066,0.035623409669211195,0.047619047619047616,0,0,0.030534351145038167,0.047619047619047616,0.025081788440567066,0,0.033442384587422755,0.04289349327517267,0,0.035623409669211195,0.025081788440567066,0.045438022537259176,0.030534351145038167,0,0,0,0,0,0,0,0.025081788440567066,0,0.027989821882951654,0,0,0.05888767720828789,0,0.045438022537259176,0.035623409669211195,0.03816793893129771,0.045438022537259176,0.045438022537259176,0,0,0,0.05016357688113413,0,0,0.04071246819338423,0.04071246819338423,0,0,0.03816793893129771,0.045438022537259176",1
"0,-1,0,0,0,1,1,0,0,0,1,0,0,1,0,0,0,0,-1,1,-1,1,1,-1,-1,0,1,0,-1,-1,1,1,0,0,0,0,0,-1,-1,1,0,-1,1,0,0,-1,-1,0,0","0.006067500948047023,0,0.043989381873340914,0.006067500948047023,0.006067500948047023,0,0,0.044747819491846794,0.142965491088358,0.045885475919605616,0,0.006067500948047023,0.006067500948047023,0,0.006067500948047023,0.006067500948047023,0.006067500948047023,0.006067500948047023,0,0,0,0,0,0,0,0.044747819491846794,0,0.006067500948047023,0,0,0,0,0.04740235115661737,0.04664391353811149,0.15813424345847554,0.006067500948047023,0.0652256351915055,0,0,0,0.14372392870686387,0,0,0.006067500948047023,0.006067500948047023,0,0,0.1315889268107698,0.006067500948047023",-1
"0,-1,0,0,0,1,1,0,0,0,1,0,0,1,0,0,0,0,-1,1,-1,1,1,-1,-1,0,1,0,-1,-1,1,1,0,0,-1,0,0,-1,-1,1,0,-1,1,0,0,-1,-1,0,0","0.00138264777048047,0,0.00138264777048047,0.00138264777048047,0.00138264777048047,0,0,0.00138264777048047,0.00138264777048047,0.00138264777048047,0,0.00138264777048047,0.0197027307293467,0,0.00138264777048047,0.00138264777048047,0.00138264777048047,0.018320082958866227,0,0,0,0,0,0,0,0.00138264777048047,0,0.00138264777048047,0,0,0,0,0.00138264777048047,0.00138264777048047,0,0.00138264777048047,0.9160041479433114,0,0,0,0.00138264777048047,0,0,0.00138264777048047,0.00138264777048047,0,0,0.018320082958866227,0.00138264777048047",1
"0,-1,0,0,0,1,1,0,0,0,1,0,0,1,0,0,0,0,-1,1,-1,1,1,-1,-1,0,1,0,-1,-1,1,1,0,0,-1,0,1,-1,-1,1,0,-1,1,0,0,-1,-1,0,0","0.03491320460308173,0,0.03491320460308173,0.03491320460308173,0.03491320460308173,0,0,0.03491320460308173,0.03491320460308173,0.03491320460308173,0,0.03491320460308173,0.03491320460308173,0,0.03491320460308173,0.03491320460308173,0.03491320460308173,0.03491320460308173,0,0,0,0,0,0,0,0.03491320460308173,0,0.03491320460308173,0,0,0,0,0.23190949873220207,0.03491320460308173,0,0.03491320460308173,0,0,0,0,0.03491320460308173,0,0,0.03491320460308173,0.03491320460308173,0,0,0.03491320460308173,0.03491320460308173",-1
"0,-1,0,0,0,1,1,0,0,0,1,0,0,1,0,0,0,0,-1,1,-1,1,1,-1,-1,0,1,0,-1,-1,1,1,-1,0,-1,0,1,-1,-1,1,0,-1,1,0,0,-1,-1,0,0","0.009271884374147804,0,0.00109080992637033,0.0109080992637033,0.010089991818925552,0,0,0.009544586855740387,0.011453504226888464,0.009271884374147804,0,0.009544586855740387,0.010635396782110717,0,0.00981728933733297,0.014453231524406873,0.010362694300518135,0.00109080992637033,0,0,0,0,0,0,0,0.7984728661030815,0,0.00981728933733297,0,0,0,0,0,0.010635396782110717,0,0.009544586855740387,0,0,0,0,0.010089991818925552,0,0,0.009544586855740387,0.012544314153258795,0,0,0.012544314153258795,0.009271884374147804",1
"0,0,0,0,0,0,0,0,0,0,0,0,0,0,0,0,0,0,0,0,0,0,0,0,0,0,0,0,0,0,0,0,0,0,0,0,0,0,0,0,0,0,0,0,0,0,0,0,0","0.02284781721746226,0.0012239902080783353,0.023255813953488372,0.022031823745410038,0.023663810689514484,0.024071807425540596,0.024887800897592818,0.0012239902080783353,0.021215830273357814,0.028559771521827825,0.028151774785801713,0.023255813953488372,0.021623827009383926,0.03223174214606283,0.0012239902080783353,0.0012239902080783353,0.024071807425540596,0.024071807425540596,0.0012239902080783353,0.021215830273357814,0.024071807425540596,0.02447980416156671,0.0012239902080783353,0.02447980416156671,0.024071807425540596,0.023663810689514484,0.02447980416156671,0.024071807425540596,0.0012239902080783353,0.024071807425540596,0.024071807425540596,0.024071807425540596,0.02284781721746226,0.031007751937984496,0.0012239902080783353,0.02284781721746226,0.023663810689514484,0.025703794369645042,0.024071807425540596,0.024071807425540596,0.021623827009383926,0.021215830273357814,0.023255813953488372,0.024071807425540596,0.023663810689514484,0.024071807425540596,0.024887800897592818,0.024071807425540596,0.022439820481436147",1
"0,0,0,0,0,0,0,0,0,0,0,0,0,1,0,0,0,0,0,0,0,0,0,0,0,0,0,0,0,0,0,0,0,0,0,0,0,0,0,0,0,0,0,0,0,0,0,0,0","0.014223627024891347,0.014223627024891347,0.014223627024891347,0.01382852627419992,0.014223627024891347,0.014223627024891347,0.014223627024891347,0.014223627024891347,0.01382852627419992,0.014223627024891347,0.01382852627419992,0.16554721453970764,0.014223627024891347,0,0.01382852627419992,0.01382852627419992,0.014223627024891347,0.014223627024891347,0.014223627024891347,0.014223627024891347,0.014223627024891347,0.01382852627419992,0.014223627024891347,0.014223627024891347,0.014223627024891347,0.01382852627419992,0.01382852627419992,0.014223627024891347,0.014223627024891347,0.014223627024891347,0.014223627024891347,0.09838008692216516,0.01382852627419992,0.014223627024891347,0.10272619517977084,0.014223627024891347,0.01382852627419992,0.01382852627419992,0.01382852627419992,0.014223627024891347,0.01382852627419992,0.014223627024891347,0.014223627024891347,0.01382852627419992,0.014223627024891347,0.01382852627419992,0.01382852627419992,0.014223627024891347,0.01382852627419992",-1
"0,0,0,0,0,0,0,0,0,0,0,-1,0,1,0,0,0,0,0,0,0,0,0,0,0,0,0,0,0,0,0,0,0,0,0,0,0,0,0,0,0,0,0,0,0,0,0,0,0","0.0031337047353760445,0.04213091922005571,0.0031337047353760445,0.0031337047353760445,0.05118384401114206,0.0031337047353760445,0.052924791086350974,0.0031337047353760445,0.0031337047353760445,0.045612813370473536,0.05536211699164345,0,0.0031337047353760445,0,0.0031337047353760445,0.0031337047353760445,0.0031337047353760445,0.0031337047353760445,0.05118384401114206,0.0031337047353760445,0.0483983286908078,0.0031337047353760445,0.04247910863509749,0.04665738161559889,0.0031337047353760445,0.0031337047353760445,0.0031337047353760445,0.041434540389972144,0.0031337047353760445,0.0031337047353760445,0.047701949860724235,0.05083565459610028,0.0031337047353760445,0.0031337047353760445,0.0031337047353760445,0.0031337047353760445,0.04944289693593315,0.0031337047353760445,0.046309192200557105,0.05013927576601671,0.0031337047353760445,0.044916434540389974,0.049094707520891366,0.0031337047353760445,0.05013927576601671,0.046309192200557105,0.0031337047353760445,0.0031337047353760445,0.0031337047353760445",1
"0,0,0,0,0,0,0,0,0,0,1,-1,0,1,0,0,0,0,0,0,0,0,0,0,0,0,0,0,0,0,0,0,0,0,0,0,0,0,0,0,0,0,0,0,0,0,0,0,0","0.009184845005740528,0.06850363566781477,0.009184845005740528,0.07730577879831611,0.009184845005740528,0.009184845005740528,0.009184845005740528,0.009184845005740528,0.009184845005740528,0.06965174129353234,0,0,0.009184845005740528,0,0.009184845005740528,0.009184845005740528,0.009184845005740528,0.07845388442403368,0.009184845005740528,0.009184845005740528,0.009184845005740528,0.009184845005740528,0.009184845005740528,0.13394565633371602,0.009184845005740528,0.009184845005740528,0.009184845005740528,0.0707998469192499,0.009184845005740528,0.07845388442403368,0.009184845005740528,0.009184845005740528,0.009184845005740528,0.009184845005740528,0.009184845005740528,0.07386146192116341,0.009184845005740528,0.009184845005740528,0.009184845005740528,0.009184845005740528,0.009184845005740528,0.009184845005740528,0.009184845005740528,0.009184845005740528,0.009184845005740528,0.009184845005740528,0.009184845005740528,0.009184845005740528,0.009184845005740528",-1
"0,0,0,0,0,0,0,0,0,0,1,-1,0,1,0,0,0,0,0,0,0,0,0,-1,0,0,0,0,0,0,0,0,0,0,0,0,0,0,0,0,0,0,0,0,0,0,0,0,0","0.06631016042780749,0.006060606060606061,0.05953654188948307,0.006060606060606061,0.006060606060606061,0.06631016042780749,0.006060606060606061,0.006060606060606061,0.006060606060606061,0.006060606060606061,0,0,0.006060606060606061,0,0.05953654188948307,0.05561497326203209,0.006060606060606061,0.06844919786096257,0.006060606060606061,0.006060606060606061,0.006060606060606061,0.006060606060606061,0.10374331550802139,0,0.006060606060606061,0.006060606060606061,0.006060606060606061,0.006060606060606061,0.07023172905525847,0.060249554367201426,0.006060606060606061,0.006060606060606061,0.006060606060606061,0.06524064171122995,0.006060606060606061,0.006060606060606061,0.006060606060606061,0.006060606060606061,0.006060606060606061,0.05953654188948307,0.006060606060606061,0.006060606060606061,0.006060606060606061,0.006060606060606061,0.006060606060606061,0.06524064171122995,0.006060606060606061,0.006060606060606061,0.006060606060606061",1
"0,0,0,0,0,0,0,0,0,0,1,-1,0,1,0,0,0,0,0,0,0,0,1,-1,0,0,0,0,0,0,0,0,0,0,0,0,0,0,0,0,0,0,0,0,0,0,0,0,0","0.009100837277029487,0.009100837277029487,0.06661812886785584,0.08918820531488897,0.07207863123407353,0.009100837277029487,0.07317073170731707,0.009100837277029487,0.009100837277029487,0.009100837277029487,0,0,0.009100837277029487,0,0.009100837277029487,0.009100837277029487,0.009100837277029487,0.009100837277029487,0.009100837277029487,0.009100837277029487,0.009100837277029487,0.009100837277029487,0,0,0.009100837277029487,0.009100837277029487,0.07935930105569712,0.06989443028758646,0.07753913360029123,0.009100837277029487,0.009100837277029487,0.009100837277029487,0.009100837277029487,0.009100837277029487,0.009100837277029487,0.009100837277029487,0.009100837277029487,0.009100837277029487,0.009100837277029487,0.009100837277029487,0.009100837277029487,0.009100837277029487,0.08372770294867128,0.06989443028758646,0.009100837277029487,0.009100837277029487,0.009100837277029487,0.009100837277029487,0.009100837277029487",-1
"0,0,0,-1,0,0,0,0,0,0,1,-1,0,1,0,0,0,0,0,0,0,0,1,-1,0,0,0,0,0,0,0,0,0,0,0,0,0,0,0,0,0,0,0,0,0,0,0,0,0","0.05218356772760918,0.003700962250185048,0.003700962250185048,0,0.05551443375277572,0.08105107327905256,0.05662472242783124,0.046632124352331605,0.04774241302738712,0.0458919319022946,0,0,0.057364914877868246,0,0.05218356772760918,0.003700962250185048,0.05181347150259067,0.05477424130273871,0.003700962250185048,0.04996299037749815,0.003700962250185048,0.003700962250185048,0,0,0.003700962250185048,0.003700962250185048,0.003700962250185048,0.04515173945225759,0.003700962250185048,0.003700962250185048,0.003700962250185048,0.0536639526276832,0.003700962250185048,0.003700962250185048,0.003700962250185048,0.050333086602516654,0.003700962250185048,0.003700962250185048,0.003700962250185048,0.003700962250185048,0.003700962250185048,0.04848260547742413,0.003700962250185048,0.003700962250185048,0.003700962250185048,0.003700962250185048,0.003700962250185048,0.003700962250185048,0.054404145077720206",1
"0,0,0,-1,0,1,0,0,0,0,1,-1,0,1,0,0,0,0,0,0,0,0,1,-1,0,0,0,0,0,0,0,0,0,0,0,0,0,0,0,0,0,0,0,0,0,0,0,0,0","0.09189391109450878,0.01307433694434068,0.01307433694434068,0,0.15240941352259993,0,0.09450877848337691,0.01307433694434068,0.01307433694434068,0.01307433694434068,0,0,0.01307433694434068,0,0.01307433694434068,0.01307433694434068,0.01307433694434068,0.01307433694434068,0.01307433694434068,0.01307433694434068,0.01307433694434068,0.01307433694434068,0,0,0.01307433694434068,0.01307433694434068,0.01307433694434068,0.01307433694434068,0.01307433694434068,0.01307433694434068,0.01307433694434068,0.01307433694434068,0.01307433694434068,0.01307433694434068,0.09189391109450878,0.01307433694434068,0.01307433694434068,0.01307433694434068,0.01307433694434068,0.01307433694434068,0.08554351886440045,0.01307433694434068,0.01307433694434068,0.01307433694434068,0.01307433694434068,0.01307433694434068,0.01307433694434068,0.01307433694434068,0.01307433694434068",-1
"0,0,0,-1,-1,1,0,0,0,0,1,-1,0,1,0,0,0,0,0,0,0,0,1,-1,0,0,0,0,0,0,0,0,0,0,0,0,0,0,0,0,0,0,0,0,0,0,0,0,0","0.0027903732124171608,0.04046041158004883,0.032089291942797346,0,0,0,0.04046041158004883,0.0027903732124171608,0.032089291942797346,0.0027903732124171608,0,0,0.572026508545518,0,0.032089291942797346,0.0027903732124171608,0.0027903732124171608,0.0027903732124171608,0.0027903732124171608,0.0027903732124171608,0.0027903732124171608,0.0027903732124171608,0,0,0.0027903732124171608,0.0027903732124171608,0.0027903732124171608,0.0027903732124171608,0.0027903732124171608,0.032089291942797346,0.0027903732124171608,0.04185559818625741,0.0027903732124171608,0.0027903732124171608,0.0027903732124171608,0.0027903732124171608,0.0027903732124171608,0.029298918730380187,0.0027903732124171608,0.0027903732124171608,0.0027903732124171608,0.0027903732124171608,0.0027903732124171608,0.0027903732124171608,0.0027903732124171608,0.0317404952912452,0.032089291942797346,0.0027903732124171608,0.0027903732124171608",1
"0,0,0,-1,-1,1,0,0,0,0,1,-1,1,1,0,0,0,0,0,0,0,0,1,-1,0,0,0,0,0,0,0,0,0,0,0,0,0,0,0,0,0,0,0,0,0,0,0,0,0","0.018780487804878048,0.023658536585365854,0.02048780487804878,0,0,0,0.026585365853658536,0.018780487804878048,0.02804878048780488,0.02048780487804878,0,0,0,0,0.023658536585365854,0.015365853658536585,0.025121951219512197,0.023658536585365854,0.11463414634146342,0.02219512195121951,0.026585365853658536,0.01707317073170732,0,0,0.018780487804878048,0.026585365853658536,0.01707317073170732,0.015365853658536585,0.02219512195121951,0.01707317073170732,0.01707317073170732,0.07414634146341463,0.026585365853658536,0.025121951219512197,0.02048780487804878,0.018780487804878048,0.01707317073170732,0.023658536585365854,0.025121951219512197,0.018780487804878048,0.018780487804878048,0.01731707317073171,0.015365853658536585,0.032439024390243903,0.023658536585365854,0.018780487804878048,0.02219512195121951,0.018780487804878048,0.023658536585365854",-1
"0,0,0,-1,-1,1,0,0,0,0,1,-1,1,1,0,0,0,0,-1,0,0,0,1,-1,0,0,0,0,0,0,0,0,0,0,0,0,0,0,0,0,0,0,0,0,0,0,0,0,0","0.044012282497441144,0.0040941658137154556,0.03923575571477311,0,0,0,0.03991811668372569,0.04196519959058342,0.0453770044353463,0.0040941658137154556,0,0,0,0,0.0040941658137154556,0.04128283862163084,0.0040941658137154556,0.0040941658137154556,0,0.13817809621289662,0.04947117024906175,0.0040941658137154556,0,0,0.0040941658137154556,0.042647560559535995,0.04947117024906175,0.0040941658137154556,0.04128283862163084,0.044012282497441144,0.0040941658137154556,0.0040941658137154556,0.0040941658137154556,0.04128283862163084,0.0040941658137154556,0.04674172637325145,0.04674172637325145,0.0040941658137154556,0.04196519959058342,0.0040941658137154556,0.0040941658137154556,0.0040941658137154556,0.0453770044353463,0.03855339474582054,0.0040941658137154556,0.0040941658137154556,0.0040941658137154556,0.04060047765267827,0.0040941658137154556",1
"0,0,0,-1,-1,1,0,0,0,0,1,-1,1,1,0,0,0,0,-1,1,0,0,1,-1,0,0,0,0,0,0,0,0,0,0,0,0,0,0,0,0,0,0,0,0,0,0,0,0,0","0.011859086152772933,0.011859086152772933,0.011859086152772933,0,0,0,0.011859086152772933,0.011859086152772933,0.011859086152772933,0.011859086152772933,0,0,0,0,0.011859086152772933,0.011859086152772933,0.011859086152772933,0.011859086152772933,0,0,0.011859086152772933,0.011859086152772933,0,0,0.011859086152772933,0.4286710847575863,0.011859086152772933,0.011859086152772933,0.011859086152772933,0.011859086152772933,0.011859086152772933,0.08475758632717126,0.011859086152772933,0.011859086152772933,0.07150331356818974,0.011859086152772933,0.011859086152772933,0.011859086152772933,0.011859086152772933,0.011859086152772933,0.011859086152772933,0.011859086152772933,0.011859086152772933,0.011859086152772933,0.011859086152772933,0.011859086152772933,0.011859086152772933,0.011859086152772933,0.011859086152772933",-1
"0,0,0,-1,-1,1,0,0,0,0,1,-1,1,1,0,0,0,0,-1,1,0,0,1,-1,0,-1,0,0,0,0,0,0,0,0,0,0,0,0,0,0,0,0,0,0,0,0,0,0,0","0.09154929577464789,0.09561213434452871,0.03358613217768147,0,0,0,0.010834236186348862,0.010834236186348862,0.06446370530877574,0.010834236186348862,0,0,0,0,0.0138136511375948,0.0138136511375948,0.06256771397616467,0.010834236186348862,0,0,0.010834236186348862,0.010834236186348862,0,0,0.010834236186348862,0,0.09371614301191766,0.010834236186348862,0.020585048754062838,0.06771397616468039,0.012459371614301192,0.06040086673889491,0.015167930660888408,0.017876489707475622,0.010834236186348862,0.0138136511375948,0.023022751895991334,0.05931744312026002,0.010834236186348862,0.010834236186348862,0.015167930660888408,0.010834236186348862,0.012459371614301192,0.010834236186348862,0.0138136511375948,0.024106175514626217,0.010834236186348862,0.010834236186348862,0.012459371614301192",1
"0,1,0,-1,-1,1,0,0,0,0,1,-1,1,1,0,0,0,0,-1,1,0,0,1,-1,0,-1,0,0,0,0,0,0,0,0,0,0,0,0,0,0,0,0,0,0,0,0,0,0,0","0.004259850905218318,0,0.004259850905218318,0,0,0,0.039403620873269436,0.04863329783457579,0.004259850905218318,0.042243521476748314,0,0,0,0,0.004259850905218318,0.33404330848420305,0.004259850905218318,0.004259850905218318,0,0,0.004259850905218318,0.004259850905218318,0,0,0.004259850905218318,0,0.004259850905218318,0.04437344692935747,0.004259850905218318,0.04082357117500887,0.04153354632587859,0.039403620873269436,0.043663471778487756,0.004259850905218318,0.038693645722399715,0.004259850905218318,0.04082357117500887,0.004259850905218318,0.037983670571529994,0.04011359602413916,0.004259850905218318,0.004259850905218318,0.04011359602413916,0.004259850905218318,0.038693645722399715,0.004259850905218318,0.004259850905218318,0.004259850905218318,0.004259850905218318",-1
"0,1,0,-1,-1,1,0,0,0,0,1,-1,1,1,0,-1,0,0,-1,1,0,0,1,-1,0,-1,0,0,0,0,0,0,0,0,0,0,0,0,0,0,0,0,0,0,0,0,0,0,0","0.007927187316500293,0,0.056664709336465065,0,0,0,0.007927187316500293,0.08661186142102173,0.007927187316500293,0.007927187316500293,0,0,0,0,0.007927187316500293,0,0.007927187316500293,0.007927187316500293,0,0,0.007927187316500293,0.007927187316500293,0,0,0.007927187316500293,0,0.6030534351145038,0.007927187316500293,0.007927187316500293,0.007927187316500293,0.007927187316500293,0.007927187316500293,0.007927187316500293,0.007927187316500293,0.007927187316500293,0.007927187316500293,0.007927187316500293,0.007927187316500293,0.007927187316500293,0.007927187316500293,0.007927187316500293,0.007927187316500293,0.007927187316500293,0.007927187316500293,0.007927187316500293,0.007927187316500293,0.007927187316500293,0.007927187316500293,0.007927187316500293",1
"0,1,0,-1,-1,1,0,0,0,0,1,-1,1,1,0,-1,0,0,-1,1,0,0,1,-1,0,-1,1,0,0,0,0,0,0,0,0,0,0,0,0,0,0,0,0,0,0,0,0,0,0","0.01991150442477876,0,0.06460176991150443,0,0,0,0.01991150442477876,0.013938053097345133,0.024115044247787612,0.018584070796460177,0,0,0,0,0.01991150442477876,0,0.01991150442477876,0.06261061946902655,0,0,0.01991150442477876,0.022787610619469028,0,0,0.017035398230088497,0,0,0.024115044247787612,0.06261061946902655,0.017035398230088497,0.01991150442477876,0.02256637168141593,0.08053097345132744,0.0657079646017699,0.013938053097345133,0.01991150442477876,0.017035398230088497,0.02654867256637168,0.05929203539823009,0.018584070796460177,0.024115044247787612,0.017035398230088497,0.060398230088495576,0.01991150442477876,0.022787610619469028,0.017035398230088497,0.02654867256637168,0.02256637168141593,0.018584070796460177",-1
"0,1,0,-1,-1,1,0,0,0,0,1,-1,1,1,0,-1,0,0,-1,1,0,0,1,-1,0,-1,1,0,0,0,0,0,-1,0,0,0,0,0,0,0,0,0,0,0,0,0,0,0,0","0.0017661603673613563,0,0.0017661603673613563,0,0,0,0.022960084775697633,0.0017661603673613563,0.0017661603673613563,0.02401978099611445,0,0,0,0,0.0307311903920876,0,0.026139173436948077,0.0017661603673613563,0,0,0.025785941363475805,0.0017661603673613563,0,0,0.0017661603673613563,0,0,0.024373013069586717,0.0282585658777817,0.027905333804309432,0.0017661603673613563,0.03037795831861533,0,0.4539032144118686,0.026492405510420345,0.02507947721653126,0.0017661603673613563,0.02472624514305899,0.027905333804309432,0.02401978099611445,0.024373013069586717,0.027905333804309432,0.026492405510420345,0.0017661603673613563,0.023313316849169905,0.0017661603673613563,0.02755210173083716,0.0017661603673613563,0.026492405510420345",1
"0,1,0,-1,-1,1,0,0,0,0,1,-1,1,1,0,-1,0,0,-1,1,0,0,1,-1,0,-1,1,0,0,0,0,0,-1,1,0,0,0,0,0,0,0,0,0,0,0,0,0,0,0","0.03730349054090061,0,0.03730349054090061,0,0,0,0.025579536370903277,0.03064215294431122,0.0341060484945377,0.023714361843858247,0,0,0,0,0.030908606448174794,0,0.023714361843858247,0.03250732747135625,0,0,0.029043431921129764,0.025579536370903277,0,0,0.03730349054090061,0,0,0.023714361843858247,0.025579536370903277,0.030908606448174794,0.025579536370903277,0.019984012789768184,0,0,0.027444710897948307,0.035704769517719157,0.023714361843858247,0.018118838262723154,0.025579536370903277,0.03250732747135625,0.09965361044497735,0.019984012789768184,0.04209965361044498,0.030908606448174794,0.027444710897948307,0.040500932587263526,0.03730349054090061,0.023714361843858247,0.021849187316813217",-1
"0,1,0,-1,-1,1,0,0,0,0,1,-1,1,1,0,-1,0,0,-1,1,0,0,1,-1,0,-1,1,0,0,0,0,0,-1,1,0,0,0,0,0,0,-1,0,0,0,0,0,0,0,0","0.021807949349278932,0,0.0014069644741470278,0,0,0,0.021807949349278932,0.0014069644741470278,0.021807949349278932,0.01723531480830109,0,0,0,0,0.024973619416109743,0,0.0014069644741470278,0.0014069644741470278,0,0,0.023566654941962716,0.0014069644741470278,0,0,0.0228631727048892,0,0,0.0014069644741470278,0.0014069644741470278,0.0014069644741470278,0.0014069644741470278,0.01969750263805839,0,0,0.018994020400984874,0.023566654941962716,0.024621878297572987,0.015828350334154064,0.02321491382342596,0.5951459725641928,0,0.0014069644741470278,0.02321491382342596,0.0014069644741470278,0.0204009848751319,0.021456208230742173,0.0014069644741470278,0.022511431586352444,0.0204009848751319",1
"0,1,0,-1,-1,1,0,0,0,0,1,-1,1,1,0,-1,0,0,-1,1,0,0,1,-1,0,-1,1,0,0,0,0,0,-1,1,0,0,0,0,0,1,-1,0,0,0,0,0,0,0,0","0.03339740509370495,0,0.03339740509370495,0,0,0,0.03339740509370495,0.03339740509370495,0.03339740509370495,0.03315713599231139,0,0,0,0,0.03339740509370495,0,0.03339740509370495,0.03315713599231139,0,0,0.03339740509370495,0.03315713599231139,0,0,0.03339740509370495,0,0,0.03315713599231139,0.03315713599231139,0.03339740509370495,0.03339740509370495,0.03339740509370495,0,0,0.03339740509370495,0.03315713599231139,0.03339740509370495,0.03339740509370495,0.03339740509370495,0,0,0.03339740509370495,0.03315713599231139,0.03315713599231139,0.03339740509370495,0.03339740509370495,0.03339740509370495,0.03339740509370495,0.03339740509370495",-1
"-1,1,0,-1,-1,1,0,0,0,0,1,-1,1,1,0,-1,0,0,-1,1,0,0,1,-1,0,-1,1,0,0,0,0,0,-1,1,0,0,0,0,0,1,-1,0,0,0,0,0,0,0,0","0,0,0.03486590038314176,0,0,0,0.03486590038314176,0.03486590038314176,0.03486590038314176,0.03486590038314176,0,0,0,0,0.03486590038314176,0,0.03486590038314176,0.022222222222222223,0,0,0.03486590038314176,0.03524904214559387,0,0,0.03486590038314176,0,0,0.03486590038314176,0.03486590038314176,0.03486590038314176,0.03486590038314176,0.03524904214559387,0,0,0.03486590038314176,0.03524904214559387,0.03486590038314176,0.03486590038314176,0.03486590038314176,0,0,0.03486590038314176,0.03486590038314176,0.03524904214559387,0.03486590038314176,0.03486590038314176,0.03486590038314176,0.03486590038314176,0.03486590038314176",1
"-1,1,0,-1,-1,1,0,0,0,0,1,-1,1,1,0,-1,0,0,-1,1,0,1,1,-1,0,-1,1,0,0,0,0,0,-1,1,0,0,0,0,0,1,-1,0,0,0,0,0,0,0,0","0,0,0.035491419656786274,0,0,0,0.035491419656786274,0.035491419656786274,0.0358814352574103,0.035491419656786274,0,0,0,0,0.035491419656786274,0,0.035491419656786274,0.035491419656786274,0,0,0.035491419656786274,0,0,0,0.0358814352574103,0,0,0.035491419656786274,0.0358814352574103,0.0358814352574103,0.035491419656786274,0.035491419656786274,0,0,0.03939157566302652,0.035491419656786274,0.035491419656786274,0.035491419656786274,0.0358814352574103,0,0,0.035491419656786274,0.035491419656786274,0.035491419656786274,0.035491419656786274,0.035491419656786274,0.0358814352574103,0.035491419656786274,0.035491419656786274",-1
"-1,1,0,-1,-1,1,0,0,0,0,1,-1,1,1,0,-1,0,0,-1,1,0,1,1,-1,0,-1,1,0,0,0,0,0,-1,1,-1,0,0,0,0,1,-1,0,0,0,0,0,0,0,0","0,0,0.040015540015540016,0,0,0,0.039627039627039624,0.039627039627039624,0.039627039627039624,0.040015540015540016,0,0,0,0,0.039627039627039624,0,0.040015540015540016,0.0011655011655011655,0,0,0.040015540015540016,0,0,0,0.039627039627039624,0,0,0.039627039627039624,0.021367521367521368,0.02097902097902098,0.039627039627039624,0.040015540015540016,0,0,0,0.040015540015540016,0.040015540015540016,0.040015540015540016,0.039627039627039624,0,0,0.039627039627039624,0.040015540015540016,0.040015540015540016,0.040015540015540016,0.040015540015540016,0.040015540015540016,0.040015540015540016,0.039627039627039624",1
"-1,1,1,-1,-1,1,0,0,0,0,1,-1,1,1,0,-1,0,0,-1,1,0,1,1,-1,0,-1,1,0,0,0,0,0,-1,1,-1,0,0,0,0,1,-1,0,0,0,0,0,0,0,0","0,0,0,0,0,0,0.03841676367869616,0.03841676367869616,0.038804811796662786,0.038804811796662786,0,0,0,0,0.03841676367869616,0,0.03841676367869616,0.03841676367869616,0,0,0.03841676367869616,0,0,0,0.03841676367869616,0,0,0.03841676367869616,0.03841676367869616,0.038804811796662786,0.03841676367869616,0.03841676367869616,0,0,0,0.03841676367869616,0.03841676367869616,0.03841676367869616,0.03841676367869616,0,0,0.03841676367869616,0.03841676367869616,0.03841676367869616,0.03841676367869616,0.03841676367869616,0.03841676367869616,0.03841676367869616,0.03841676367869616",-1
"-1,1,1,-1,-1,1,0,0,-1,0,1,-1,1,1,0,-1,0,0,-1,1,0,1,1,-1,0,-1,1,0,0,0,0,0,-1,1,-1,0,0,0,0,1,-1,0,0,0,0,0,0,0,0","0,0,0,0,0,0,0.02058252427184466,0.05320388349514563,0,0.02058252427184466,0,0,0,0,0.05320388349514563,0,0.02058252427184466,0.02058252427184466,0,0,0.020194174757281552,0,0,0,0.05281553398058252,0,0,0.05281553398058252,0.05281553398058252,0.02058252427184466,0.02058252427184466,0.05281553398058252,0,0,0,0.02058252427184466,0.05320388349514563,0.05320388349514563,0.05320388349514563,0,0,0.02058252427184466,0.05320388349514563,0.05320388349514563,0.05281553398058252,0.05281553398058252,0.05281553398058252,0.019805825242718445,0.05320388349514563",1
"-1,1,1,-1,-1,1,0,1,-1,0,1,-1,1,1,0,-1,0,0,-1,1,0,1,1,-1,0,-1,1,0,0,0,0,0,-1,1,-1,0,0,0,0,1,-1,0,0,0,0,0,0,0,0","0,0,0,0,0,0,0.04133180252583238,0,0,0.04133180252583238,0,0,0,0,0.04133180252583238,0,0.04133180252583238,0.04133180252583238,0,0,0.04133180252583238,0,0,0,0.04133180252583238,0,0,0.04133180252583238,0.04133180252583238,0.04133180252583238,0.045158821278224265,0.04133180252583238,0,0,0,0.04133180252583238,0.041714504401071564,0.04133180252583238,0.04133180252583238,0,0,0.04133180252583238,0.04133180252583238,0.04133180252583238,0.04133180252583238,0.045158821278224265,0.04133180252583238,0.04133180252583238,0.04133180252583238",-1
"-1,1,1,-1,-1,1,0,1,-1,0,1,-1,1,1,0,-1,0,0,-1,1,0,1,1,-1,0,-1,1,0,0,0,-1,0,-1,1,-1,0,0,0,0,1,-1,0,0,0,0,0,0,0,0","0,0,0,0,0,0,0.0011560693641618498,0,0,0.017341040462427744,0,0,0,0,0.0674373795761079,0,0.018497109826589597,0.019267822736030827,0,0,0.018882466281310212,0,0,0,0.017726396917148363,0,0,0.019267822736030827,0.06782273603082851,0.019267822736030827,0,0.06782273603082851,0,0,0,0.018497109826589597,0.018882466281310212,0.06782273603082851,0.06782273603082851,0,0,0.06782273603082851,0.06782273603082851,0.0674373795761079,0.0674373795761079,0.06782273603082851,0.06782273603082851,0.018882466281310212,0.0674373795761079",1
"-1,1,1,-1,-1,1,0,1,-1,0,1,-1,1,1,0,-1,0,0,-1,1,0,1,1,-1,0,-1,1,0,1,0,-1,0,-1,1,-1,0,0,0,0,1,-1,0,0,0,0,0,0,0,0","0,0,0,0,0,0,0.05124340617935192,0,0,0.04031650339110776,0,0,0,0,0.04031650339110776,0,0.0546345139412208,0.0546345139412208,0,0,0.044084400904295405,0,0,0,0.044084400904295405,0,0,0.04031650339110776,0,0.044084400904295405,0,0.04031650339110776,0,0,0,0.04785229841748304,0.04031650339110776,0.04031650339110776,0.04031650339110776,0,0,0.04031650339110776,0.0546345139412208,0.04069329314242653,0.044084400904295405,0.0546345139412208,0.04785229841748304,0.0546345139412208,0.04031650339110776",-1
"-1,1,1,-1,-1,1,0,1,-1,0,1,-1,1,1,0,-1,-1,0,-1,1,0,1,1,-1,0,-1,1,0,1,0,-1,0,-1,1,-1,0,0,0,0,1,-1,0,0,0,0,0,0,0,0","0,0,0,0,0,0,0.0011432926829268292,0,0,0.0586890243902439,0,0,0,0,0.058307926829268296,0,0,0.058307926829268296,0,0,0.0011432926829268292,0,0,0,0.0011432926829268292,0,0,0.058307926829268296,0,0.0586890243902439,0,0.058307926829268296,0,0,0,0.0586890243902439,0.058307926829268296,0.0586890243902439,0.0586890243902439,0,0,0.058307926829268296,0.0586890243902439,0.0586890243902439,0.0586890243902439,0.0586890243902439,0.0586890243902439,0.0011432926829268292,0.0586890243902439",1
"-1,1,1,-1,-1,1,0,1,-1,1,1,-1,1,1,0,-1,-1,0,-1,1,0,1,1,-1,0,-1,1,0,1,0,-1,0,-1,1,-1,0,0,0,0,1,-1,0,0,0,0,0,0,0,0","0,0,0,0,0,0,0.05618830675778284,0,0,0,0,0,0,0,0.04176157934700076,0,0,0.052771450265755505,0,0,0.05922551252847381,0,0,0,0.052771450265755505,0,0,0.052771450265755505,0,0.052771450265755505,0,0.04176157934700076,0,0,0,0.05618830675778284,0.05239179954441914,0.04176157934700076,0.04176157934700076,0,0,0.04176157934700076,0.06605922551252848,0.04176157934700076,0.04176157934700076,0.05922551252847381,0.052771450265755505,0.052771450265755505,0.04176157934700076",-1
"-1,1,1,-1,-1,1,0,1,-1,1,1,-1,1,1,0,-1,-1,0,-1,1,0,1,1,-1,0,-1,1,0,1,0,-1,0,-1,1,-1,0,0,0,0,1,-1,0,-1,0,0,0,0,0,0","0,0,0,0,0,0,0.0011299435028248588,0,0,0,0,0,0,0,0.08286252354048965,0,0,0.08248587570621468,0,0,0.0011299435028248588,0,0,0,0.0011299435028248588,0,0,0.08248587570621468,0,0.08286252354048965,0,0.08286252354048965,0,0,0,0.0011299435028248588,0.0011299435028248588,0.08286252354048965,0.0011299435028248588,0,0,0.08286252354048965,0,0.08248587570621468,0.08248587570621468,0.08248587570621468,0.08286252354048965,0.0011299435028248588,0.08248587570621468",1
"-1,1,1,-1,-1,1,0,1,-1,1,1,-1,1,1,1,-1,-1,0,-1,1,0,1,1,-1,0,-1,1,0,1,0,-1,0,-1,1,-1,0,0,0,0,1,-1,0,-1,0,0,0,0,0,0","0,0,0,0,0,0,0.0458919319022946,0,0,0,0,0,0,0,0,0,0,0.0462620281273131,0,0,0.0462620281273131,0,0,0,0.0462620281273131,0,0,0.0458919319022946,0,0.0462620281273131,0,0.0462620281273131,0,0,0,0.0462620281273131,0.0462620281273131,0.0536639526276832,0.057364914877868246,0,0,0.0462620281273131,0,0.11213915618060696,0.06439674315321983,0.11213915618060696,0.0462620281273131,0.0462620281273131,0.0458919319022946",-1
"-1,1,1,-1,-1,1,0,1,-1,1,1,-1,1,1,1,-1,-1,0,-1,1,0,1,1,-1,0,-1,1,0,1,0,-1,0,-1,1,-1,0,0,0,0,1,-1,0,-1,-1,0,0,0,0,0","0,0,0,0,0,0,0.0014357501794687725,0,0,0,0,0,0,0,0,0,0,0.0014357501794687725,0,0,0.0014357501794687725,0,0,0,0.0014357501794687725,0,0,0.0014357501794687725,0,0.0014357501794687725,0,0.09798994974874371,0,0,0,0.0014357501794687725,0.0014357501794687725,0.10229720028715003,0.0014357501794687725,0,0,0.09978463747307968,0,0,0.16941852117731515,0.20674802584350324,0.20674802584350324,0.0014357501794687725,0.10265613783201723",1
"0,0,0,0,0,0,0,0,0,0,0,0,0,0,0,0,0,0,0,0,0,0,0,0,0,0,0,0,0,0,0,0,0,0,0,0,0,0,0,0,0,0,0,0,0,0,0,0,0","0.005303957568339453,0.005303957568339453,0.005303957568339453,0.06691146470828234,0.06487148102815178,0.005303957568339453,0.005303957568339453,0.06405548755609955,0.005303957568339453,0.005303957568339453,0.005303957568339453,0.07507139942880457,0.005303957568339453,0.06323949408404733,0.06772745818033456,0.005303957568339453,0.005303957568339453,0.005303957568339453,0.005303957568339453,0.005303957568339453,0.005303957568339453,0.005303957568339453,0.005303957568339453,0.005303957568339453,0.06772745818033456,0.005303957568339453,0.005303957568339453,0.005303957568339453,0.005303957568339453,0.005303957568339453,0.005303957568339453,0.0726234190126479,0.005303957568339453,0.005303957568339453,0.005303957568339453,0.005303957568339453,0.005303957568339453,0.005303957568339453,0.005303957568339453,0.06487148102815178,0.005303957568339453,0.005303957568339453,0.005303957568339453,0.005303957568339453,0.06323949408404733,0.06650346797225622,0.005303957568339453,0.005303957568339453,0.06691146470828234",-1
"0,0,0,0,0,0,0,0,0,0,0,-1,0,0,0,0,0,0,0,0,0,0,0,0,0,0,0,0,0,0,0,0,0,0,0,0,0,0,0,0,0,0,0,0,0,0,0,0,0","0.00417298937784522,0.055007587253414265,0.00417298937784522,0.00417298937784522,0.00417298937784522,0.00417298937784522,0.06638846737481031,0.00417298937784522,0.05235204855842185,0.00417298937784522,0.05993930197268589,0,0.00417298937784522,0.04969650986342944,0.00417298937784522,0.055007587253414265,0.00417298937784522,0.00417298937784522,0.00417298937784522,0.00417298937784522,0.05311077389984825,0.00417298937784522,0.00417298937784522,0.00417298937784522,0.048937784522003036,0.04969650986342944,0.00417298937784522,0.00417298937784522,0.00417298937784522,0.05083459787556904,0.00417298937784522,0.05576631259484067,0.00417298937784522,0.00417298937784522,0.00417298937784522,0.00417298937784522,0.00417298937784522,0.00417298937784522,0.04817905918057663,0.05538694992412747,0.00417298937784522,0.00417298937784522,0.05083459787556904,0.05538694992412747,0.05993930197268589,0.00417298937784522,0.00417298937784522,0.00417298937784522,0.00417298937784522",1
"0,0,0,0,0,0,1,0,0,0,0,-1,0,0,0,0,0,0,0,0,0,0,0,0,0,0,0,0,0,0,0,0,0,0,0,0,0,0,0,0,0,0,0,0,0,0,0,0,0","0.005707762557077625,0.0060882800608828,0.0060882800608828,0.0060882800608828,0.0060882800608828,0.0060882800608828,0,0.0060882800608828,0.0060882800608828,0.0060882800608828,0.0684931506849315,0,0.0060882800608828,0.07115677321156773,0.0060882800608828,0.05593607305936073,0.06506849315068493,0.06963470319634703,0.0669710806697108,0.06773211567732115,0.0060882800608828,0.005707762557077625,0.0060882800608828,0.0060882800608828,0.0060882800608828,0.06012176560121765,0.0060882800608828,0.0060882800608828,0.0060882800608828,0.0060882800608828,0.0060882800608828,0.0060882800608828,0.005707762557077625,0.0060882800608828,0.07115677321156773,0.0060882800608828,0.0060882800608828,0.0060882800608828,0.06506849315068493,0.0060882800608828,0.0060882800608828,0.0060882800608828,0.06430745814307458,0.005707762557077625,0.06278538812785388,0.0060882800608828,0.0060882800608828,0.0060882800608828,0.0060882800608828",-1
"0,0,0,0,0,0,1,0,0,0,0,-1,0,-1,0,0,0,0,0,0,0,0,0,0,0,0,0,0,0,0,0,0,0,0,0,0,0,0,0,0,0,0,0,0,0,0,0,0,0","0.0026505111700113595,0.0026505111700113595,0.0026505111700113595,0.0026505111700113595,0.045058689890193106,0.04316546762589928,0,0.0026505111700113595,0.044301400984475575,0.0026505111700113595,0.047330556607345704,0,0.047330556607345704,0,0.0026505111700113595,0.0026505111700113595,0.0026505111700113595,0.046951912154486936,0.0026505111700113595,0.042029534267322984,0.045058689890193106,0.0026505111700113595,0.045437334343051874,0.04316546762589928,0.04316546762589928,0.0026505111700113595,0.045058689890193106,0.040893600908746684,0.045437334343051874,0.0026505111700113595,0.045058689890193106,0.0026505111700113595,0.046951912154486936,0.0026505111700113595,0.0026505111700113595,0.0026505111700113595,0.044680045437334344,0.0026505111700113595,0.0026505111700113595,0.0026505111700113595,0.0026505111700113595,0.0026505111700113595,0.04316546762589928,0.0026505111700113595,0.041650889814464215,0.040893600908746684,0.046951912154486936,0.0026505111700113595,0.0026505111700113595",1
"0,0,0,0,0,0,1,0,0,0,1,-1,0,-1,0,0,0,0,0,0,0,0,0,0,0,0,0,0,0,0,0,0,0,0,0,0,0,0,0,0,0,0,0,0,0,0,0,0,0","0.0748062015503876,0.0069767441860465115,0.007364341085271318,0.0069767441860465115,0.007364341085271318,0.007364341085271318,0,0.007364341085271318,0.07596899224806201,0.007364341085271318,0,0,0.007364341085271318,0,0.007364341085271318,0.0069767441860465115,0.0069767441860465115,0.0748062015503876,0.06821705426356589,0.06550387596899225,0.007364341085271318,0.007364341085271318,0.007364341085271318,0.0069767441860465115,0.0069767441860465115,0.007364341085271318,0.007364341085271318,0.007364341085271318,0.0069767441860465115,0.07674418604651163,0.007364341085271318,0.007364341085271318,0.007364341085271318,0.007364341085271318,0.07674418604651163,0.07674418604651163,0.007364341085271318,0.0748062015503876,0.007364341085271318,0.007364341085271318,0.007364341085271318,0.007364341085271318,0.007364341085271318,0.007364341085271318,0.08062015503875969,0.007364341085271318,0.007364341085271318,0.007364341085271318,0.007364341085271318",-1
"0,0,0,0,0,0,1,0,0,0,1,-1,0,-1,0,0,0,0,0,0,0,0,0,0,0,0,0,0,0,0,0,0,0,0,0,0,0,0,0,0,0,0,0,0,-1,0,0,0,0","0.047672672672672674,0.0033783783783783786,0.0033783783783783786,0.05518018018018018,0.0033783783783783786,0.05555555555555555,0,0.0033783783783783786,0.0033783783783783786,0.0033783783783783786,0,0,0.05518018018018018,0,0.04954954954954955,0.0033783783783783786,0.0033783783783783786,0.0033783783783783786,0.0033783783783783786,0.05067567567567568,0.049924924924924924,0.0033783783783783786,0.0033783783783783786,0.05442942942942943,0.0033783783783783786,0.0033783783783783786,0.0033783783783783786,0.05405405405405406,0.0033783783783783786,0.057432432432432436,0.0033783783783783786,0.057432432432432436,0.0033783783783783786,0.0033783783783783786,0.05518018018018018,0.0033783783783783786,0.05405405405405406,0.0033783783783783786,0.0033783783783783786,0.0533033033033033,0.0033783783783783786,0.0533033033033033,0.0033783783783783786,0.0033783783783783786,0,0.05518018018018018,0.0033783783783783786,0.05067567567567568,0.0033783783783783786",1
"0,0,0,0,0,0,1,0,0,0,1,-1,0,-1,0,0,0,0,0,0,0,0,0,0,0,0,0,0,0,1,0,0,0,0,0,0,0,0,0,0,0,0,0,0,-1,0,0,0,0","0.011111111111111112,0.011111111111111112,0.011111111111111112,0.011111111111111112,0.011111111111111112,0.011111111111111112,0,0.011111111111111112,0.011111111111111112,0.011111111111111112,0,0,0.011111111111111112,0,0.011111111111111112,0.011111111111111112,0.011111111111111112,0.011111111111111112,0.011111111111111112,0.010727969348659003,0.0950191570881226,0.011111111111111112,0.08199233716475096,0.14406130268199233,0.011111111111111112,0.011111111111111112,0.08812260536398467,0.011111111111111112,0.011111111111111112,0,0.011111111111111112,0.011111111111111112,0.011111111111111112,0.011111111111111112,0.011111111111111112,0.09386973180076628,0.011111111111111112,0.011111111111111112,0.011111111111111112,0.011111111111111112,0.011111111111111112,0.010727969348659003,0.011111111111111112,0.08697318007662835,0,0.011111111111111112,0.011111111111111112,0.010727969348659003,0.011111111111111112",-1
"0,0,0,0,0,0,1,0,0,0,1,-1,0,-1,0,0,0,0,0,0,0,0,0,-1,0,0,0,0,0,1,0,0,0,0,0,0,0,0,0,0,0,0,0,0,-1,0,0,0,0","0.007410021171489062,0.007410021171489062,0.06880733944954129,0.059280169371912494,0.007410021171489062,0.007410021171489062,0,0.06316160903316867,0.06598447424135498,0.06704304869442484,0,0,0.0744530698659139,0,0.007410021171489062,0.007410021171489062,0.007410021171489062,0.1090331686661962,0.007410021171489062,0.007410021171489062,0.007410021171489062,0.007410021171489062,0.11467889908256881,0,0.007410021171489062,0.007410021171489062,0.007410021171489062,0.007410021171489062,0.0716302046577276,0,0.007410021171489062,0.007410021171489062,0.007410021171489062,0.007410021171489062,0.007410021171489062,0.007410021171489062,0.007410021171489062,0.007410021171489062,0.007410021171489062,0.007410021171489062,0.007410021171489062,0.007410021171489062,0.007410021171489062,0.007410021171489062,0,0.06880733944954129,0.007410021171489062,0.007410021171489062,0.007410021171489062",1
"0,0,0,0,0,0,1,0,0,0,1,-1,0,-1,0,0,0,0,0,0,0,0,1,-1,0,0,0,0,0,1,0,0,0,0,0,0,0,0,0,0,0,0,0,0,-1,0,0,0,0","0.08369252873563218,0.01221264367816092,0.01221264367816092,0.08979885057471264,0.01221264367816092,0.01221264367816092,0,0.011853448275862068,0.01221264367816092,0.011853448275862068,0,0,0.01221264367816092,0,0.01221264367816092,0.01221264367816092,0.08979885057471264,0.01221264367816092,0.01221264367816092,0.01221264367816092,0.01221264367816092,0.01221264367816092,0,0,0.01221264367816092,0.01221264367816092,0.01221264367816092,0.011853448275862068,0.01221264367816092,0,0.01221264367816092,0.01221264367816092,0.01221264367816092,0.07614942528735633,0.08225574712643678,0.01221264367816092,0.011853448275862068,0.01221264367816092,0.01221264367816092,0.01221264367816092,0.01221264367816092,0.01221264367816092,0.01221264367816092,0.01221264367816092,0,0.01221264367816092,0.07974137931034483,0.01221264367816092,0.08477011494252873",-1
"0,0,0,-1,0,0,1,0,0,0,1,-1,0,-1,0,0,0,0,0,0,0,0,1,-1,0,0,0,0,0,1,0,0,0,0,0,0,0,0,0,0,0,0,0,0,-1,0,0,0,0","0.002952029520295203,0.002952029520295203,0.040221402214022144,0,0.045018450184501846,0.002952029520295203,0,0.002952029520295203,0.002952029520295203,0.041328413284132844,0,0,0.04317343173431734,0,0.002952029520295203,0.002952029520295203,0.03800738007380074,0.002952029520295203,0.04059040590405904,0.041328413284132844,0.041328413284132844,0.035424354243542434,0,0,0.043911439114391146,0.002952029520295203,0.002952029520295203,0.041328413284132844,0.002952029520295203,0,0.04169741697416974,0.04428044280442804,0.002952029520295203,0.002952029520295203,0.041328413284132844,0.03948339483394834,0.041328413284132844,0.03911439114391144,0.04169741697416974,0.040221402214022144,0.002952029520295203,0.002952029520295203,0.002952029520295203,0.043911439114391146,0,0.002952029520295203,0.04169741697416974,0.04317343173431734,0.040221402214022144",1
"0,0,0,-1,1,0,1,0,0,0,1,-1,0,-1,0,0,0,0,0,0,0,0,1,-1,0,0,0,0,0,1,0,0,0,0,0,0,0,0,0,0,0,0,0,0,-1,0,0,0,0","0.012388695315524584,0.012388695315524584,0.012388695315524584,0,0,0.012388695315524584,0,0.012388695315524584,0.012388695315524584,0.012388695315524584,0,0,0.08168795973674023,0,0.08555942702284165,0.012388695315524584,0.09717382888114595,0.012388695315524584,0.012388695315524584,0.012388695315524584,0.012388695315524584,0.012388695315524584,0,0,0.012388695315524584,0.012388695315524584,0.012388695315524584,0.012388695315524584,0.012388695315524584,0,0.012388695315524584,0.012388695315524584,0.012388695315524584,0.012388695315524584,0.012388695315524584,0.012388695315524584,0.012388695315524584,0.012388695315524584,0.012388695315524584,0.012388695315524584,0.012388695315524584,0.08710801393728224,0.08981804103755324,0.07781649245063879,0,0.08439798683701123,0.012388695315524584,0.012388695315524584,0.012388695315524584",-1
"0,0,0,-1,1,0,1,0,0,0,1,-1,0,-1,0,0,-1,0,0,0,0,0,1,-1,0,0,0,0,0,1,0,0,0,0,0,0,0,0,0,0,0,0,0,0,-1,0,0,0,0","0.0055289347585698485,0.0055289347585698485,0.0055289347585698485,0,0,0.0055289347585698485,0,0.05197198673055658,0.05270917803169923,0.05750092148912643,0,0,0.0055289347585698485,0,0.050129008477699966,0.0055289347585698485,0,0.056026538886841136,0.0055289347585698485,0.0055289347585698485,0.054183560633984516,0.054183560633984516,0,0,0.0055289347585698485,0.05676373018798378,0.0055289347585698485,0.0055289347585698485,0.0055289347585698485,0,0.0055289347585698485,0.05676373018798378,0.05565794323626981,0.05971249539255437,0.0055289347585698485,0.0055289347585698485,0.06081828234426834,0.0055289347585698485,0.0055289347585698485,0.0055289347585698485,0.0055289347585698485,0.05086619977884261,0.05344636933284187,0.0055289347585698485,0,0.05344636933284187,0.054183560633984516,0.0055289347585698485,0.0055289347585698485",1
"0,0,0,-1,1,0,1,0,0,0,1,-1,0,-1,0,0,-1,0,0,0,0,0,1,-1,0,0,0,0,0,1,0,0,0,0,0,0,1,0,0,0,0,0,0,0,-1,0,0,0,0","0.07039573820395738,0.00837138508371385,0.00837138508371385,0,0,0.07648401826484018,0,0.00837138508371385,0.0776255707762557,0.00837138508371385,0,0,0.00837138508371385,0,0.00837138508371385,0.00837138508371385,0,0.00837138508371385,0.00837138508371385,0.00837138508371385,0.06202435312024353,0.00837138508371385,0,0,0.00837138508371385,0.06506849315068493,0.00837138508371385,0.07648401826484018,0.00837138508371385,0,0.07229832572298325,0.00837138508371385,0.00837138508371385,0.00837138508371385,0.07343987823439878,0.00837138508371385,0,0.00837138508371385,0.07229832572298325,0.00837138508371385,0.00837138508371385,0.07420091324200913,0.00837138508371385,0.00837138508371385,0,0.00837138508371385,0.00837138508371385,0.00837138508371385,0.06202435312024353",-1
"0,0,0,-1,1,0,1,0,-1,0,1,-1,0,-1,0,0,-1,0,0,0,0,0,1,-1,0,0,0,0,0,1,0,0,0,0,0,0,1,0,0,0,0,0,0,0,-1,0,0,0,0","0.008245877061469266,0.06334332833583209,0.008245877061469266,0,0,0.06671664167916042,0,0.10269865067466268,0,0.0727136431784108,0,0,0.07458770614692653,0,0.008245877061469266,0.008245877061469266,0,0.06971514242878561,0.008245877061469266,0.008245877061469266,0.008245877061469266,0.008245877061469266,0,0,0.008245877061469266,0.008245877061469266,0.008245877061469266,0.008245877061469266,0.008245877061469266,0,0.008245877061469266,0.008245877061469266,0.008245877061469266,0.07083958020989506,0.008245877061469266,0.008245877061469266,0,0.008245877061469266,0.008245877061469266,0.008245877061469266,0.008245877061469266,0.06334332833583209,0.07158920539730135,0.008245877061469266,0,0.008245877061469266,0.06446776611694154,0.008245877061469266,0.07383808095952024",1
"0,0,0,-1,1,0,1,1,-1,0,1,-1,0,-1,0,0,-1,0,0,0,0,0,1,-1,0,0,0,0,0,1,0,0,0,0,0,0,1,0,0,0,0,0,0,0,-1,0,0,0,0","0.01022270901788974,0.009857612267250822,0.009857612267250822,0,0,0.009857612267250822,0,0,0,0.07849580138736766,0,0,0.01022270901788974,0,0.009857612267250822,0.009857612267250822,0,0.10843373493975904,0.009857612267250822,0.009857612267250822,0.01022270901788974,0.009857612267250822,0,0,0.07630522088353414,0.009857612267250822,0.07411464037970063,0.009857612267250822,0.009857612267250822,0,0.07520993063161738,0.009857612267250822,0.009857612267250822,0.009857612267250822,0.07265425337714494,0.01022270901788974,0,0.07046367287331143,0.009857612267250822,0.01022270901788974,0.009857612267250822,0.07520993063161738,0.01022270901788974,0.11025921869295363,0,0.009857612267250822,0.009857612267250822,0.009857612267250822,0.01022270901788974",-1
"0,0,0,-1,1,0,1,1,-1,0,1,-1,0,-1,0,0,-1,0,0,0,0,0,1,-1,0,0,0,0,0,1,0,0,0,0,0,0,1,0,0,0,0,0,0,-1,-1,0,0,0,0","0.008670520231213872,0.008670520231213872,0.008670520231213872,0,0,0.06213872832369942,0,0,0,0.008670520231213872,0,0,0.008670520231213872,0,0.06719653179190752,0.008670520231213872,0,0.008670520231213872,0.008670520231213872,0.008670520231213872,0.06611271676300579,0.008670520231213872,0,0,0.008670520231213872,0.008670520231213872,0.008670520231213872,0.008670520231213872,0.008670520231213872,0,0.008670520231213872,0.008670520231213872,0.008670520231213872,0.008670520231213872,0.06539017341040462,0.008670520231213872,0,0.06539017341040462,0.07153179190751445,0.008670520231213872,0.07044797687861272,0.008670520231213872,0.2153179190751445,0,0,0.09971098265895954,0.008670520231213872,0.008670520231213872,0.008670520231213872",1
"0,0,0,-1,1,0,1,1,-1,0,1,-1,0,-1,0,0,-1,0,0,0,0,0,1,-1,0,0,0,0,0,1,0,0,0,0,0,0,1,0,0,0,0,0,1,-1,-1,0,0,0,0","0.010773751224289911,0.06562193927522038,0.01110022853411688,0,0,0.010773751224289911,0,0,0,0.0701926216127979,0,0,0.06562193927522038,0,0.022853411687887692,0.10447273914462944,0,0.09565785177930133,0.025791707476330396,0.03232125367286973,0.06105125693764284,0.04211557296767875,0,0,0.017303297420829252,0.010773751224289911,0.03232125367286973,0.010773751224289911,0.012732615083251714,0,0.015670910871694418,0.03852432255958211,0.03591250408096637,0.034606594841658504,0.010773751224289911,0.03591250408096637,0,0.01110022853411688,0.010773751224289911,0.017303297420829252,0.015670910871694418,0.010773751224289911,0,0,0,0.010773751224289911,0.010773751224289911,0.02840352595494613,0.010773751224289911",-1
"0,0,0,-1,1,0,1,1,-1,0,1,-1,0,-1,0,-1,-1,0,0,0,0,0,1,-1,0,0,0,0,0,1,0,0,0,0,0,0,1,0,0,0,0,0,1,-1,-1,0,0,0,0","0.004662840746054519,0.004662840746054519,0.004662840746054519,0,0,0.004662840746054519,0,0,0,0.004662840746054519,0,0,0.05200860832137733,0,0.043400286944045914,0,0,0.5502152080344332,0.004662840746054519,0.03873744619799139,0.004662840746054519,0.03873744619799139,0,0,0.004662840746054519,0.004662840746054519,0.004662840746054519,0.004662840746054519,0.004662840746054519,0,0.04806312769010043,0.042682926829268296,0.036944045911047343,0.004662840746054519,0.004662840746054519,0.04196556671449068,0,0.004662840746054519,0.004662840746054519,0.004662840746054519,0.004662840746054519,0.004662840746054519,0,0,0,0.004662840746054519,0.004662840746054519,0.004662840746054519,0.004662840746054519",1
"0,0,0,-1,1,0,1,1,-1,0,1,-1,0,-1,0,-1,-1,1,0,0,0,0,1,-1,0,0,0,0,0,1,0,0,0,0,0,0,1,0,0,0,0,0,1,-1,-1,0,0,0,0","0.023232575568323758,0.01773669747689233,0.021483887084686484,0,0,0.0267299525355983,0,0,0,0.01773669747689233,0,0,0.031476392705470896,0,0.021483887084686484,0,0,0,0.031476392705470896,0.023232575568323758,0.023232575568323758,0.023232575568323758,0,0,0.0896827379465401,0.028228828378715962,0.029977516862353237,0.028228828378715962,0.021483887084686484,0,0.03322508118910817,0.04071946040469648,0.07019735198601049,0.021483887084686484,0.023232575568323758,0.029977516862353237,0,0.07269547839120659,0.02498126405196103,0.06994753934549088,0.0267299525355983,0.02498126405196103,0,0,0,0.028228828378715962,0.023232575568323758,0.0267299525355983,0.02498126405196103",-1
"0,0,0,-1,1,0,1,1,-1,0,1,-1,0,-1,0,-1,-1,1,0,0,0,0,1,-1,-1,0,0,0,0,1,0,0,0,0,0,0,1,0,0,0,0,0,1,-1,-1,0,0,0,0","0.02191587133262637,0.024390243902439025,0.0017674089784376105,0,0,0.02332979851537646,0,0,0,0.025804171085189113,0,0,0.0017674089784376105,0,0.026157652880876636,0,0,0,0.5365853658536586,0.02686461647225168,0.0017674089784376105,0.02509720749381407,0,0,0,0.0017674089784376105,0.02368328031106398,0.02368328031106398,0.02332979851537646,0,0.02509720749381407,0.017320607988688584,0.0017674089784376105,0.0017674089784376105,0.0017674089784376105,0.020501944149876283,0,0.024743725698126547,0.0017674089784376105,0.0017674089784376105,0.026511134676564158,0.02191587133262637,0,0,0,0.022976316719688937,0.0017674089784376105,0.020501944149876283,0.02191587133262637",1
"0,0,0,-1,1,0,1,1,-1,0,1,-1,0,-1,0,-1,-1,1,1,0,0,0,1,-1,-1,0,0,0,0,1,0,0,0,0,0,0,1,0,0,0,0,0,1,-1,-1,0,0,0,0","0.027575833542241163,0.02531962897969416,0.027575833542241163,0,0,0.03158686387565806,0,0,0,0.027575833542241163,0,0,0.02958134870894961,0,0.0376034093757834,0,0,0,0,0.02531962897969416,0.02331411381298571,0.02531962897969416,0,0,0,0.08297819002256204,0.0376034093757834,0.02331411381298571,0.02958134870894961,0,0.03158686387565806,0.04487340185510153,0.027575833542241163,0.02531962897969416,0.03559789420907496,0.03158686387565806,0,0.027575833542241163,0.10729506141890198,0.027575833542241163,0.02531962897969416,0.0393582351466533,0,0,0,0.0376034093757834,0.02531962897969416,0.02958134870894961,0.02958134870894961",-1
"0,0,0,-1,1,0,1,1,-1,0,1,-1,0,-1,0,-1,-1,1,1,0,0,0,1,-1,-1,0,0,0,0,1,0,0,0,0,0,0,1,0,-1,0,0,0,1,-1,-1,0,0,0,0","0.001379310344827586,0.023448275862068966,0.001379310344827586,0,0,0.001379310344827586,0,0,0,0.022413793103448276,0,0,0.023448275862068966,0,0.022413793103448276,0,0,0,0,0.001379310344827586,0.001379310344827586,0.015517241379310345,0,0,0,0.001379310344827586,0.023103448275862068,0.323448275862069,0.001379310344827586,0,0.022758620689655173,0.3289655172413793,0.022413793103448276,0.001379310344827586,0.021379310344827585,0.023448275862068966,0,0.023103448275862068,0,0.023448275862068966,0.001379310344827586,0.020689655172413793,0,0,0,0.023448275862068966,0.001379310344827586,0.001379310344827586,0.021379310344827585",1
"0,0,0,-1,1,0,1,1,-1,0,1,-1,0,-1,0,-1,-1,1,1,0,0,0,1,-1,-1,0,0,0,0,1,0,1,0,0,0,0,1,0,-1,0,0,0,1,-1,-1,0,0,0,0","0.019842427779398892,0.014298220017508025,0.01809162532827546,0,0,0.02159323023052232,0,0,0,0.01634082287715203,0,0,0.01809162532827546,0,0.026553837175372047,0,0,0,0,0.014298220017508025,0.014298220017508025,0.014298220017508025,0,0,0,0.5106507149110009,0.03414064779690692,0.01634082287715203,0.023344032681645754,0,0.014298220017508025,0,0.014298220017508025,0.01809162532827546,0.019842427779398892,0.01634082287715203,0,0.014298220017508025,0,0.025094835132769187,0.019842427779398892,0.019842427779398892,0,0,0,0.019842427779398892,0.01634082287715203,0.01809162532827546,0.02159323023052232",-1
"0,0,0,-1,1,0,1,1,-1,0,1,-1,0,-1,0,-1,-1,1,1,0,0,0,1,-1,-1,-1,0,0,0,1,0,1,0,0,0,0,1,0,-1,0,0,0,1,-1,-1,0,0,0,0","0.02130681818181818,0.017992424242424244,0.019649621212121212,0,0,0.02130681818181818,0,0,0,0.022964015151515152,0,0,0.02462121212121212,0,0.056107954545454544,0,0,0,0,0.022964015151515152,0.022964015151515152,0.019649621212121212,0,0,0,0,0.1640625,0.03622159090909091,0.07457386363636363,0,0.056107954545454544,0,0.03196022727272727,0.056107954545454544,0.03480113636363636,0.019649621212121212,0,0.027462121212121212,0,0.03196022727272727,0.030539772727272728,0.02462121212121212,0,0,0,0.05965909090909091,0.056107954545454544,0.016098484848484848,0.030539772727272728",1
"0,0,0,-1,1,0,1,1,-1,0,1,-1,0,-1,0,-1,-1,1,1,0,0,0,1,-1,-1,-1,1,0,0,1,0,1,0,0,0,0,1,0,-1,0,0,0,1,-1,-1,0,0,0,0","0.0012626262626262627,0.0012626262626262627,0.012941919191919192,0,0,0.0012626262626262627,0,0,0,0.015782828282828284,0,0,0.017045454545454544,0,0.0012626262626262627,0,0,0,0,0.9053030303030303,0.012626262626262626,0.0012626262626262627,0,0,0,0,0,0.0012626262626262627,0.0012626262626262627,0,0.0012626262626262627,0,0.0012626262626262627,0.0012626262626262627,0.0012626262626262627,0.0012626262626262627,0,0.0012626262626262627,0,0.0012626262626262627,0.0012626262626262627,0.0012626262626262627,0,0,0,0.0012626262626262627,0.01231060606060606,0.0012626262626262627,0.0012626262626262627",-1
"0,0,0,-1,1,0,1,1,-1,0,1,-1,0,-1,0,-1,-1,1,1,-1,0,0,1,-1,-1,-1,1,0,0,1,0,1,0,0,0,0,1,0,-1,0,0,0,1,-1,-1,0,0,0,0","0.04154191616766467,0.04416167664670659,0.04154191616766467,0,0,0.04154191616766467,0,0,0,0.041729041916167664,0,0,0.04154191616766467,0,0.04154191616766467,0,0,0,0,0,0.04154191616766467,0.04154191616766467,0,0,0,0,0,0.04154191616766467,0.04154191616766467,0,0.04154191616766467,0,0.04154191616766467,0.04154191616766467,0.04154191616766467,0.04154191616766467,0,0.04154191616766467,0,0.04154191616766467,0.04154191616766467,0.04154191616766467,0,0,0,0.04154191616766467,0.041729041916167664,0.04154191616766467,0.04154191616766467",1
"0,1,0,-1,1,0,1,1,-1,0,1,-1,0,-1,0,-1,-1,1,1,-1,0,0,1,-1,-1,-1,1,0,0,1,0,1,0,0,0,0,1,0,-1,0,0,0,1,-1,-1,0,0,0,0","0.018798378179137487,0,0.016586804275709546,0,0,0.01806118687799484,0,0,0,0.0158496129745669,0,0,0.01916697382970881,0,0.3203096203464799,0,0,0,0,0,0.01695539992628087,0.3203096203464799,0,0,0,0,0,0.018798378179137487,0.017692591227423518,0,0.01916697382970881,0,0.014375230372281608,0.018798378179137487,0.01695539992628087,0.018798378179137487,0,0.018429782528566162,0,0.018798378179137487,0.018798378179137487,0.019535569480280134,0,0,0,0.019535569480280134,0.001474382602285293,0.014375230372281608,0.018429782528566162",-1
"0,0,0,0,0,0,0,0,0,0,0,0,0,0,0,0,0,0,0,0,0,0,0,0,0,0,0,0,0,0,0,0,0,0,0,0,0,0,0,0,0,0,0,0,0,0,0,0,0","0.021623827009383926,0.0012239902080783353,0.02447980416156671,0.021215830273357814,0.022439820481436147,0.024071807425540596,0.02447980416156671,0.024071807425540596,0.022439820481436147,0.02447980416156671,0.024071807425540596,0.02447980416156671,0.023255813953488372,0.022031823745410038,0.0012239902080783353,0.021215830273357814,0.021623827009383926,0.022031823745410038,0.02447980416156671,0.023663810689514484,0.023255813953488372,0.023255813953488372,0.021623827009383926,0.02447980416156671,0.021215830273357814,0.0012239902080783353,0.0012239902080783353,0.0208078335373317,0.022031823745410038,0.024071807425540596,0.02284781721746226,0.0208078335373317,0.022031823745410038,0.0012239902080783353,0.022031823745410038,0.022439820481436147,0.023255813953488372,0.024887800897592818,0.021215830273357814,0.026111791105671155,0.023255813953488372,0.02284781721746226,0.023663810689514484,0.02447980416156671,0.022439820481436147,0.02447980416156671,0.0012239902080783353,0.02447980416156671,0.02447980416156671",1
"0,0,0,0,0,0,0,0,0,0,0,0,0,0,0,0,0,0,0,0,0,0,0,0,0,0,0,0,0,0,0,0,0,0,0,0,0,0,0,1,0,0,0,0,0,0,0,0,0","0.007154213036565978,0.007154213036565978,0.007154213036565978,0.007154213036565978,0.007154213036565978,0.07114467408585055,0.007154213036565978,0.007154213036565978,0.07114467408585055,0.007154213036565978,0.007154213036565978,0.007154213036565978,0.007154213036565978,0.007154213036565978,0.007154213036565978,0.007154213036565978,0.007154213036565978,0.07631160572337042,0.07114467408585055,0.007154213036565978,0.007154213036565978,0.007154213036565978,0.07631160572337042,0.007154213036565978,0.007154213036565978,0.007154213036565978,0.07710651828298887,0.007154213036565978,0.007154213036565978,0.007154213036565978,0.06836248012718601,0.007154213036565978,0.007154213036565978,0.007154213036565978,0.007154213036565978,0.007154213036565978,0.007154213036565978,0.007154213036565978,0.007154213036565978,0,0.007154213036565978,0.007154213036565978,0.07233704292527822,0.007154213036565978,0.07511923688394277,0.06915739268680444,0.007154213036565978,0.007154213036565978,0.007154213036565978",-1
"0,0,0,0,0,0,0,0,0,0,0,0,0,0,0,0,0,0,0,0,0,0,0,0,0,0,-1,0,0,0,0,0,0,0,0,0,0,0,0,1,0,0,0,0,0,0,0,0,0","0.026822818284850773,0.001511144692104269,0.032489610880241784,0.001511144692104269,0.03362296939931998,0.03853418964865886,0.001511144692104269,0.001511144692104269,0.001511144692104269,0.035889686437476385,0.03664525878352852,0.03891197582168492,0.001511144692104269,0.03324518322629392,0.037400831129580654,0.03022289384208538,0.001511144692104269,0.036267472610502456,0.03664525878352852,0.001511144692104269,0.03702304495655459,0.029845107669059314,0.001511144692104269,0.03513411409142425,0.03702304495655459,0.001511144692104269,0,0.001511144692104269,0.036267472610502456,0.02871174914998111,0.001511144692104269,0.039667548167737064,0.036267472610502456,0.001511144692104269,0.029845107669059314,0.036267472610502456,0.001511144692104269,0.037400831129580654,0.001511144692104269,0,0.03513411409142425,0.001511144692104269,0.03437854174537212,0.001511144692104269,0.03551190026445032,0.029467321496033247,0.001511144692104269,0.001511144692104269,0.03664525878352852",1
"0,0,0,0,0,0,0,0,0,0,0,0,0,0,0,0,0,0,0,0,0,0,0,0,0,0,-1,0,0,0,0,1,0,0,0,0,0,0,0,1,0,0,0,0,0,0,0,0,0","0.09730363423212192,0.012895662368112544,0.012504884720593983,0.012895662368112544,0.012895662368112544,0.012895662368112544,0.012895662368112544,0.012895662368112544,0.012895662368112544,0.012504884720593983,0.012895662368112544,0.012895662368112544,0.09886674482219616,0.012895662368112544,0.012895662368112544,0.012895662368112544,0.012895662368112544,0.012504884720593983,0.012504884720593983,0.012895662368112544,0.012895662368112544,0.012895662368112544,0.012895662368112544,0.012895662368112544,0.012895662368112544,0.012504884720593983,0,0.09495896834701055,0.012895662368112544,0.012504884720593983,0.012895662368112544,0,0.012895662368112544,0.012504884720593983,0.012895662368112544,0.012895662368112544,0.012895662368112544,0.09066041422430637,0.012895662368112544,0,0.012895662368112544,0.012895662368112544,0.012895662368112544,0.012504884720593983,0.012895662368112544,0.012504884720593983,0.012895662368112544,0.012504884720593983,0.0933958577569363",-1
"0,0,0,0,0,0,0,0,0,0,0,0,-1,0,0,0,0,0,0,0,0,0,0,0,0,0,-1,0,0,0,0,1,0,0,0,0,0,0,0,1,0,0,0,0,0,0,0,0,0","0.028064992614475627,0.03434268833087149,0.03175775480059084,0.026957163958641065,0.03360413589364845,0.03581979320531758,0.03655834564254062,0.022895125553914326,0.028064992614475627,0.03212703101920236,0.03545051698670606,0.030649926144756277,0,0.03545051698670606,0.0014771048744460858,0.0014771048744460858,0.027326440177252585,0.030649926144756277,0.03434268833087149,0.03286558345642541,0.03323485967503693,0.029542097488921712,0.0014771048744460858,0.02843426883308715,0.02843426883308715,0.0014771048744460858,0,0.0014771048744460858,0.027326440177252585,0.0014771048744460858,0.033973412112259974,0,0.0014771048744460858,0.02880354505169867,0.03508124076809453,0.03212703101920236,0.0014771048744460858,0.03434268833087149,0.0310192023633678,0,0.0014771048744460858,0.0014771048744460858,0.0014771048744460858,0.03434268833087149,0.0014771048744460858,0.0014771048744460858,0.0014771048744460858,0.03360413589364845,0.03212703101920236",1
"0,0,0,0,0,0,1,0,0,0,0,0,-1,0,0,0,0,0,0,0,0,0,0,0,0,0,-1,0,0,0,0,1,0,0,0,0,0,0,0,1,0,0,0,0,0,0,0,0,0","0.01761252446183953,0.01761252446183953,0.01761252446183953,0.01761252446183953,0.01761252446183953,0.01761252446183953,0,0.01722113502935421,0.01761252446183953,0.01761252446183953,0.01761252446183953,0.021917808219178082,0,0.12367906066536204,0.01722113502935421,0.01761252446183953,0.01761252446183953,0.01761252446183953,0.01761252446183953,0.03639921722113503,0.01761252446183953,0.01761252446183953,0.01761252446183953,0.01722113502935421,0.01761252446183953,0.01722113502935421,0,0.01761252446183953,0.01761252446183953,0.01761252446183953,0.01761252446183953,0,0.02426614481409002,0.01722113502935421,0.01761252446183953,0.01761252446183953,0.01761252446183953,0.01761252446183953,0.1095890410958904,0,0.01761252446183953,0.01761252446183953,0.01761252446183953,0.01722113502935421,0.01761252446183953,0.01761252446183953,0.01761252446183953,0.01761252446183953,0.01722113502935421",-1
"0,0,0,0,0,0,1,0,0,0,0,0,-1,-1,0,0,0,0,0,0,0,0,0,0,0,0,-1,0,0,0,0,1,0,0,0,0,0,0,0,1,0,0,0,0,0,0,0,0,0","0.03714388748647674,0.03534078615218175,0.03786512802019473,0.0025243418680129825,0.0429138117562207,0.04002884962134872,0,0.03642264695275874,0.03930760908763072,0.0025243418680129825,0.0432744320230797,0.0025243418680129825,0,0,0.03714388748647674,0.0025243418680129825,0.04038946988820772,0.04183195095564371,0.03786512802019473,0.0425531914893617,0.03570140641904075,0.0425531914893617,0.03966822935448972,0.0025243418680129825,0.0025243418680129825,0.0025243418680129825,0,0.0025243418680129825,0.03678326721961774,0.03570140641904075,0.0025243418680129825,0,0.03786512802019473,0.0025243418680129825,0.0025243418680129825,0.03425892535160476,0.03966822935448972,0.03425892535160476,0.03822574828705373,0,0.0025243418680129825,0.03317706455102777,0.0025243418680129825,0.0025243418680129825,0.03461954561846376,0.0025243418680129825,0.0025243418680129825,0.0025243418680129825,0.0025243418680129825",1
"0,0,0,0,0,0,1,0,0,0,1,0,-1,-1,0,0,0,0,0,0,0,0,0,0,0,0,-1,0,0,0,0,1,0,0,0,0,0,0,0,1,0,0,0,0,0,0,0,0,0","0.0721489526764934,0.008145849495733127,0.0682699767261443,0.11753297129557796,0.008145849495733127,0.008145849495733127,0,0.0721489526764934,0.008145849495733127,0.008145849495733127,0,0.008145849495733127,0,0,0.008145849495733127,0.06594259115593483,0.06788207913110939,0.07641582622187743,0.008145849495733127,0.008145849495733127,0.008145849495733127,0.06594259115593483,0.0682699767261443,0.008145849495733127,0.008145849495733127,0.008145849495733127,0,0.008145849495733127,0.0647788983708301,0.008145849495733127,0.008145849495733127,0,0.008145849495733127,0.008145849495733127,0.008145849495733127,0.008145849495733127,0.008145849495733127,0.008145849495733127,0.008145849495733127,0,0.008145849495733127,0.008145849495733127,0.008145849495733127,0.008145849495733127,0.008145849495733127,0.008145849495733127,0.008145849495733127,0.008145849495733127,0.008145849495733127",-1
"0,0,0,-1,0,0,1,0,0,0,1,0,-1,-1,0,0,0,0,0,0,0,0,0,0,0,0,-1,0,0,0,0,1,0,0,0,0,0,0,0,1,0,0,0,0,0,0,0,0,0","0.0068790731354091235,0.07277335264301231,0.0068790731354091235,0,0.1712527154236061,0.0068790731354091235,0,0.0611875452570601,0.0068790731354091235,0.06553222302679218,0,0.0068790731354091235,0,0,0.0068790731354091235,0.0068790731354091235,0.0068790731354091235,0.0068790731354091235,0.0068790731354091235,0.0068790731354091235,0.0068790731354091235,0.0068790731354091235,0.0068790731354091235,0.0068790731354091235,0.0068790731354091235,0.0068790731354091235,0,0.061911658218682115,0.0068790731354091235,0.06010137581462708,0.0068790731354091235,0,0.057566980448950034,0.0068790731354091235,0.0068790731354091235,0.061911658218682115,0.0068790731354091235,0.06372194062273714,0.0068790731354091235,0,0.0068790731354091235,0.0068790731354091235,0.0068790731354091235,0.06299782766111513,0.0068790731354091235,0.0068790731354091235,0.054670528602461986,0.0068790731354091235,0.0068790731354091235",1
"0,0,0,-1,1,0,1,0,0,0,1,0,-1,-1,0,0,0,0,0,0,0,0,0,0,0,0,-1,0,0,0,0,1,0,0,0,0,0,0,0,1,0,0,0,0,0,0,0,0,0","0.013637913399249914,0.013296965564268667,0.013296965564268667,0,0,0.013296965564268667,0,0.030003409478349813,0.03784520968291851,0.013296965564268667,0,0.013296965564268667,0,0,0.013637913399249914,0.07773610637572452,0.013296965564268667,0.1346743948175929,0.0320490964882373,0.08932833276508695,0.013296965564268667,0.013296965564268667,0.013296965564268667,0.013296965564268667,0.09069212410501193,0.013296965564268667,0,0.013296965564268667,0.07773610637572452,0.013637913399249914,0.013296965564268667,0,0.013637913399249914,0.013637913399249914,0.013296965564268667,0.013296965564268667,0.013296965564268667,0.013296965564268667,0.013296965564268667,0,0.013296965564268667,0.013296965564268667,0.013296965564268667,0.013296965564268667,0.013637913399249914,0.013296965564268667,0.013296965564268667,0.013637913399249914,0.015342652574156155",-1
"0,0,0,-1,1,0,1,0,0,0,1,0,-1,-1,0,0,0,-1,0,0,0,0,0,0,0,0,-1,0,0,0,0,1,0,0,0,0,0,0,0,1,0,0,0,0,0,0,0,0,0","0.0063025210084033615,0.058823529411764705,0.0063025210084033615,0,0,0.056372549019607844,0,0.0063025210084033615,0.0063025210084033615,0.05952380952380952,0,0.06302521008403361,0,0,0.06057422969187675,0.0063025210084033615,0.0063025210084033615,0,0.0063025210084033615,0.05952380952380952,0.0063025210084033615,0.0063025210084033615,0.06407563025210083,0.06477591036414566,0.0063025210084033615,0.00665266106442577,0,0.0063025210084033615,0.0063025210084033615,0.0063025210084033615,0.0063025210084033615,0,0.0063025210084033615,0.0063025210084033615,0.0063025210084033615,0.058823529411764705,0.0063025210084033615,0.0063025210084033615,0.05952380952380952,0,0.0063025210084033615,0.062324929971988796,0.0063025210084033615,0.06302521008403361,0.0063025210084033615,0.0063025210084033615,0.055322128851540614,0.056372549019607844,0.0063025210084033615",1
"0,0,0,-1,1,0,1,0,0,0,1,0,-1,-1,0,0,0,-1,0,0,0,0,0,1,0,0,-1,0,0,0,0,1,0,0,0,0,0,0,0,1,0,0,0,0,0,0,0,0,0","0.05440120891575368,0.00680015111446921,0.05629013978088402,0,0,0.00680015111446921,0,0.05629013978088402,0.00680015111446921,0.00680015111446921,0,0.05742349829996222,0,0,0.00680015111446921,0.06535700793350964,0.0680015111446921,0,0.00680015111446921,0.00680015111446921,0.00680015111446921,0.00680015111446921,0.06989044200982245,0,0.055534567434831886,0.00680015111446921,0,0.00680015111446921,0.00680015111446921,0.00680015111446921,0.06271250472232716,0,0.05440120891575368,0.00680015111446921,0.00680015111446921,0.00680015111446921,0.00680015111446921,0.060823573857196826,0.00680015111446921,0,0.00680015111446921,0.00680015111446921,0.00680015111446921,0.05742349829996222,0.00680015111446921,0.053645636569701546,0.00680015111446921,0.0646014355874575,0.00680015111446921",-1
"0,0,0,-1,1,0,1,0,0,0,1,0,-1,-1,0,0,0,-1,0,0,0,0,-1,1,0,0,-1,0,0,0,0,1,0,0,0,0,0,0,0,1,0,0,0,0,0,0,0,0,0","0.006797583081570997,0.006797583081570997,0.006797583081570997,0,0,0.06646525679758308,0,0.006797583081570997,0.006797583081570997,0.006797583081570997,0,0.060045317220543806,0,0,0.006797583081570997,0.006797583081570997,0.27870090634441086,0,0.006797583081570997,0.006797583081570997,0.006797583081570997,0.06306646525679759,0,0,0.054380664652567974,0.006797583081570997,0,0.006797583081570997,0.006797583081570997,0.006797583081570997,0.006797583081570997,0,0.0581570996978852,0.006797583081570997,0.006797583081570997,0.006797583081570997,0.054380664652567974,0.061933534743202415,0.006797583081570997,0,0.0581570996978852,0.006797583081570997,0.006797583081570997,0.006797583081570997,0.006797583081570997,0.006797583081570997,0.06117824773413897,0.006797583081570997,0.006797583081570997",1
"0,0,0,-1,1,0,1,0,0,0,1,0,-1,-1,0,0,1,-1,0,0,0,0,-1,1,0,0,-1,0,0,0,0,1,0,0,0,0,0,0,0,1,0,0,0,0,0,0,0,0,0","0.014366021236727046,0.02467207995003123,0.0231105559025609,0,0,0.014366021236727046,0,0.014366021236727046,0.017801374141161775,0.014366021236727046,0,0.014366021236727046,0,0,0.02623360399750156,0.034041224234853215,0,0,0.01967520299812617,0.021549031855090568,0.014366021236727046,0.01967520299812617,0,0,0.07745159275452843,0.01811367895065584,0,0.01811367895065584,0.017801374141161775,0.016239850093691444,0.07870081199250469,0,0.02467207995003123,0.034041224234853215,0.017801374141161775,0.0231105559025609,0.021549031855090568,0.06964397251717676,0.02467207995003123,0,0.016239850093691444,0.014366021236727046,0.016239850093691444,0.07495315427857589,0.0231105559025609,0.01967520299812617,0.03247970018738289,0.07370393504059962,0.014366021236727046",-1
"0,0,0,-1,1,0,1,0,0,0,1,0,-1,-1,0,0,1,-1,0,0,0,0,-1,1,0,0,-1,0,0,0,-1,1,0,0,0,0,0,0,0,1,0,0,0,0,0,0,0,0,0","0.027603974972396025,0.020610967979389033,0.001472211998527788,0,0,0.028708133971291867,0,0.02686786897313213,0.02576370997423629,0.001472211998527788,0,0.02686786897313213,0,0,0.02944423997055576,0.001472211998527788,0,0,0.027235921972764077,0.02097902097902098,0.02576370997423629,0.001472211998527788,0,0,0.027603974972396025,0.001472211998527788,0,0.026131762973868235,0.027972027972027972,0.020242914979757085,0,0,0.027603974972396025,0.001472211998527788,0.025395656974604344,0.001472211998527788,0.001472211998527788,0.02686786897313213,0.001472211998527788,0,0.025395656974604344,0.028708133971291867,0.001472211998527788,0.34486566065513435,0.029076186970923814,0.029076186970923814,0.028708133971291867,0.028708133971291867,0.029076186970923814",1
"0,0,0,-1,1,0,1,0,0,0,1,0,-1,-1,0,0,1,-1,0,0,0,0,-1,1,0,0,-1,0,0,0,-1,1,0,0,0,0,0,0,0,1,0,0,0,1,0,0,0,0,0","0.02732882750514252,0.02732882750514252,0.031442844548927415,0,0,0.022627093740816926,0,0.022627093740816926,0.02732882750514252,0.022627093740816926,0,0.03349985307081987,0,0,0.022627093740816926,0.02732882750514252,0,0,0.02732882750514252,0.02938583602703497,0.022627093740816926,0.022627093740816926,0,0,0.05465765501028504,0.02732882750514252,0,0.02732882750514252,0.02938583602703497,0.02732882750514252,0,0,0.027034969144872172,0.02732882750514252,0.02938583602703497,0.02732882750514252,0.03349985307081987,0.03349985307081987,0.03349985307081987,0,0.02938583602703497,0.031442844548927415,0.03555686159271231,0,0.041727887158389654,0.03349985307081987,0.02732882750514252,0.02938583602703497,0.02732882750514252",-1
"0,0,0,-1,1,0,1,0,0,0,1,0,-1,-1,0,0,1,-1,0,0,0,0,-1,1,-1,0,-1,0,0,0,-1,1,0,0,0,0,0,0,0,1,0,0,0,1,0,0,0,0,0","0.052393516773464,0.046362608367885416,0.004900113079532605,0,0,0.004900113079532605,0,0.004900113079532605,0.004900113079532605,0.004900113079532605,0,0.05163965322276668,0,0,0.05013192612137203,0.044101017715793445,0,0,0.004900113079532605,0.004900113079532605,0.004900113079532605,0.04862419901997738,0,0,0,0.004900113079532605,0,0.04560874481718809,0.05163965322276668,0.04787033546928006,0,0,0.03731624575951753,0.004900113079532605,0.004900113079532605,0.004900113079532605,0.16245759517527328,0.04937806257067471,0.052393516773464,0,0.044854881266490766,0.043347154165096116,0.05013192612137203,0,0.004900113079532605,0.004900113079532605,0.004900113079532605,0.043347154165096116,0.004900113079532605",1
"0,0,0,-1,1,0,1,0,0,0,1,0,-1,-1,0,0,1,-1,0,0,0,0,-1,1,-1,0,-1,0,0,0,-1,1,0,0,0,0,1,0,0,1,0,0,0,1,0,0,0,0,0","0.0034494653328734047,0.0034494653328734047,0.0034494653328734047,0,0,0.0034494653328734047,0,0.0034494653328734047,0.0034494653328734047,0.0034494653328734047,0,0.0034494653328734047,0,0,0.0034494653328734047,0.0034494653328734047,0,0,0.0034494653328734047,0.0034494653328734047,0.0034494653328734047,0.0034494653328734047,0,0,0,0.0034494653328734047,0,0.0034494653328734047,0.0034494653328734047,0.8413245946878234,0,0,0.02966540186271128,0.0034494653328734047,0.0034494653328734047,0.0034494653328734047,0,0.028975508796136598,0.0034494653328734047,0,0.0034494653328734047,0.0034494653328734047,0.0034494653328734047,0,0.0034494653328734047,0.0034494653328734047,0.0034494653328734047,0.0034494653328734047,0.0034494653328734047",-1
"0,0,0,-1,1,0,1,0,0,0,1,0,-1,-1,0,0,1,-1,0,0,0,0,-1,1,-1,0,-1,0,0,-1,-1,1,0,0,0,0,1,0,0,1,0,0,0,1,0,0,0,0,0","0.016096169519152406,0.017318663406682967,0.018541157294213528,0,0,0.02444987775061125,0,0.018541157294213528,0.014669926650366748,0.014669926650366748,0,0.31703341483292585,0,0,0.018541157294213528,0.02669111654441728,0,0,0.016096169519152406,0.054400977995110025,0.016096169519152406,0.02669111654441728,0,0,0,0.02669111654441728,0,0.013447432762836185,0.05684596577017115,0,0,0,0.018541157294213528,0.01202118989405053,0.05215973920130399,0.025468622656886715,0,0.014669926650366748,0.017318663406682967,0,0.017318663406682967,0.019763651181744092,0.014669926650366748,0,0.04828850855745721,0.016096169519152406,0.013447432762836185,0.017318663406682967,0.016096169519152406",1
"0,0,0,-1,1,0,1,0,0,0,1,1,-1,-1,0,0,1,-1,0,0,0,0,-1,1,-1,0,-1,0,0,-1,-1,1,0,0,0,0,1,0,0,1,0,0,0,1,0,0,0,0,0","0.0012419274714356682,0.0012419274714356682,0.0012419274714356682,0,0,0.0012419274714356682,0,0.015399900645802286,0.014654744162940884,0.0012419274714356682,0,0,0,0,0.0012419274714356682,0.0012419274714356682,0,0,0.019622454048683558,0.0012419274714356682,0.016641828117237953,0.0012419274714356682,0,0,0,0.8350720317933432,0,0.01689021361152509,0.0012419274714356682,0,0,0,0.0012419274714356682,0.0012419274714356682,0.0012419274714356682,0.01564828614008942,0,0.0012419274714356682,0.01689021361152509,0,0.0012419274714356682,0.011922503725782414,0.0012419274714356682,0,0.012419274714356682,0.0012419274714356682,0.0012419274714356682,0.0012419274714356682,0.0012419274714356682",-1
"0,0,0,-1,1,0,1,0,0,0,1,1,-1,-1,0,0,1,-1,0,0,0,0,-1,1,-1,-1,-1,0,0,-1,-1,1,0,0,0,0,1,0,0,1,0,0,0,1,0,0,0,0,0","0.03823075604320247,0.06514657980456026,0.023315618035316305,0,0,0.028630207440425166,0,0.02691582376135779,0.025201440082290416,0.023315618035316305,0,0,0,0,0.03360192010972055,0.028630207440425166,0,0,0.025201440082290416,0.03034459111949254,0.035144865420881195,0.03360192010972055,0,0,0,0,0,0.035144865420881195,0.0886336362077833,0,0,0,0.03205897479855992,0.03360192010972055,0.03668781073204183,0.03360192010972055,0,0.03668781073204183,0.03823075604320247,0,0.03034459111949254,0.03823075604320247,0.03360192010972055,0,0.02691582376135779,0.023315618035316305,0.028630207440425166,0.035144865420881195,0.03188753643065318",1
"0,0,0,-1,1,0,1,0,0,0,1,1,-1,-1,0,0,1,-1,0,0,0,0,-1,1,-1,-1,-1,0,1,-1,-1,1,0,0,0,0,1,0,0,1,0,0,0,1,0,0,0,0,0","0.02107728337236534,0.021411843425894948,0.0013382402141184342,0,0,0.018066242890598862,0,0.021746403479424557,0.020073603211776515,0.02107728337236534,0,0,0,0,0.02074272331883573,0.3392438942790231,0,0,0.017731682837069253,0.0013382402141184342,0.02074272331883573,0.022080963532954166,0,0,0,0,0,0.01906992305118769,0,0,0,0,0.0013382402141184342,0.0013382402141184342,0.015055202408832385,0.3154901304784209,0,0.0013382402141184342,0.0013382402141184342,0,0.0013382402141184342,0.015389762462361994,0.0013382402141184342,0,0.01873536299765808,0.02074272331883573,0.0013382402141184342,0.020073603211776515,0.019404483104717297",-1
"0,0,0,-1,1,0,1,0,0,0,1,1,-1,-1,0,-1,1,-1,0,0,0,0,-1,1,-1,-1,-1,0,1,-1,-1,1,0,0,0,0,1,0,0,1,0,0,0,1,0,0,0,0,0","0.03785488958990536,0.04072268425580729,0.03785488958990536,0,0,0.03785488958990536,0,0.03470031545741325,0.03785488958990536,0.03498709492400344,0,0,0,0,0.04330369945511901,0,0,0,0.03785488958990536,0.03785488958990536,0.03785488958990536,0.03470031545741325,0,0,0,0,0,0.03470031545741325,0,0,0,0,0.03470031545741325,0.04072268425580729,0.03498709492400344,0.03785488958990536,0,0.03498709492400344,0.03498709492400344,0,0.03498709492400344,0.03498709492400344,0.03785488958990536,0,0.04330369945511901,0.03498709492400344,0.03498709492400344,0.03470031545741325,0.03785488958990536",1
"0,0,0,-1,1,0,1,0,0,0,1,1,-1,-1,1,-1,1,-1,0,0,0,0,-1,1,-1,-1,-1,0,1,-1,-1,1,0,0,0,0,1,0,0,1,0,0,0,1,0,0,0,0,0","0.09714285714285714,0.001142857142857143,0.019809523809523808,0,0,0.02095238095238095,0,0.001142857142857143,0.09714285714285714,0.09714285714285714,0,0,0,0,0,0,0,0,0.021714285714285714,0.019809523809523808,0.001142857142857143,0.09714285714285714,0,0,0,0,0,0.019809523809523808,0,0,0,0,0.01638095238095238,0.017523809523809525,0.021333333333333333,0.09714285714285714,0,0.017904761904761906,0.02057142857142857,0,0.019809523809523808,0.09714285714285714,0.02057142857142857,0,0.021714285714285714,0.02095238095238095,0.016761904761904763,0.09714285714285714,0.02095238095238095",-1
"-1,0,0,-1,1,0,1,0,0,0,1,1,-1,-1,1,-1,1,-1,0,0,0,0,-1,1,-1,-1,-1,0,1,-1,-1,1,0,0,0,0,1,0,0,1,0,0,0,1,0,0,0,0,0","0,0.0695970695970696,0.03626373626373627,0,0,0.03956043956043956,0,0.046153846153846156,0.03956043956043956,0.035897435897435895,0,0,0,0,0,0,0,0,0.04908424908424908,0.03956043956043956,0.035897435897435895,0.035897435897435895,0,0,0,0,0,0.03956043956043956,0,0,0,0,0.035897435897435895,0.035897435897435895,0.03626373626373627,0.03626373626373627,0,0.03626373626373627,0.04285714285714286,0,0.03626373626373627,0.03626373626373627,0.03626373626373627,0,0.03956043956043956,0.03626373626373627,0.035897435897435895,0.046153846153846156,0.04285714285714286",1
"-1,1,0,-1,1,0,1,0,0,0,1,1,-1,-1,1,-1,1,-1,0,0,0,0,-1,1,-1,-1,-1,0,1,-1,-1,1,0,0,0,0,1,0,0,1,0,0,0,1,0,0,0,0,0","0,0,0.012378094523630907,0,0,0.0015003750937734434,0,0.21380345086271568,0.0015003750937734434,0.019129782445611403,0,0,0,0,0,0,0,0,0.018754688672168042,0.012753188297074268,0.0015003750937734434,0.3094523630907727,0,0,0,0,0,0.014628657164291074,0,0,0,0,0.012753188297074268,0.012753188297074268,0.0015003750937734434,0.30982745686421603,0,0.0015003750937734434,0.0015003750937734434,0,0.01312828207051763,0.0015003750937734434,0.0015003750937734434,0,0.0015003750937734434,0.0015003750937734434,0.015003750937734433,0.019129782445611403,0.0015003750937734434",-1
"-1,1,0,-1,1,0,1,0,0,0,1,1,-1,-1,1,-1,1,-1,0,0,0,0,-1,1,-1,-1,-1,0,1,-1,-1,1,0,0,0,-1,1,0,0,1,0,0,0,1,0,0,0,0,0","0,0,0.043596730245231606,0,0,0.04329397517408417,0,0.043596730245231606,0.043596730245231606,0.043596730245231606,0,0,0,0,0,0,0,0,0.043596730245231606,0.04329397517408417,0.043596730245231606,0.04329397517408417,0,0,0,0,0,0.043596730245231606,0,0,0,0,0.043596730245231606,0.043596730245231606,0.043596730245231606,0,0,0.04329397517408417,0.043596730245231606,0,0.04329397517408417,0.04329397517408417,0.043596730245231606,0,0.04329397517408417,0.043596730245231606,0.04329397517408417,0.04329397517408417,0.043596730245231606",1
"-1,1,1,-1,1,0,1,0,0,0,1,1,-1,-1,1,-1,1,-1,0,0,0,0,-1,1,-1,-1,-1,0,1,-1,-1,1,0,0,0,-1,1,0,0,1,0,0,0,1,0,0,0,0,0","0,0,0,0,0,0.04538520213577422,0,0.04538520213577422,0.04538520213577422,0.04538520213577422,0,0,0,0,0,0,0,0,0.04538520213577422,0.04538520213577422,0.04538520213577422,0.04576659038901602,0,0,0,0,0,0.04576659038901602,0,0,0,0,0.04538520213577422,0.04576659038901602,0.04538520213577422,0,0,0.04538520213577422,0.04538520213577422,0,0.04538520213577422,0.04538520213577422,0.04576659038901602,0,0.04538520213577422,0.04538520213577422,0.04538520213577422,0.04538520213577422,0.04538520213577422",-1
"-1,1,1,-1,1,0,1,0,0,0,1,1,-1,-1,1,-1,1,-1,0,0,0,-1,-1,1,-1,-1,-1,0,1,-1,-1,1,0,0,0,-1,1,0,0,1,0,0,0,1,0,0,0,0,0","0,0,0,0,0,0.0477106579453636,0,0.0477106579453636,0.0477106579453636,0.0477106579453636,0,0,0,0,0,0,0,0,0.04732589457483648,0.04732589457483648,0.0477106579453636,0,0,0,0,0,0,0.0477106579453636,0,0,0,0,0.04732589457483648,0.0477106579453636,0.0477106579453636,0,0,0.0477106579453636,0.0477106579453636,0,0.0477106579453636,0.0477106579453636,0.04732589457483648,0,0.04732589457483648,0.0477106579453636,0.0477106579453636,0.0477106579453636,0.0477106579453636",1
"-1,1,1,-1,1,1,1,0,0,0,1,1,-1,-1,1,-1,1,-1,0,0,0,-1,-1,1,-1,-1,-1,0,1,-1,-1,1,0,0,0,-1,1,0,0,1,0,0,0,1,0,0,0,0,0","0,0,0,0,0,0,0,0.01651305683563748,0.053763440860215055,0.053763440860215055,0,0,0,0,0,0,0,0,0.053763440860215055,0.053763440860215055,0.053763440860215055,0,0,0,0,0,0,0.053763440860215055,0,0,0,0,0.053763440860215055,0.053763440860215055,0.053763440860215055,0,0,0.016129032258064516,0.053763440860215055,0,0.053763440860215055,0.05337941628264209,0.053763440860215055,0,0.053763440860215055,0.053763440860215055,0.053763440860215055,0.053763440860215055,0.053763440860215055",-1
"-1,1,1,-1,1,1,1,0,-1,0,1,1,-1,-1,1,-1,1,-1,0,0,0,-1,-1,1,-1,-1,-1,0,1,-1,-1,1,0,0,0,-1,1,0,0,1,0,0,0,1,0,0,0,0,0","0,0,0,0,0,0,0,0.052651659671880964,0,0.052651659671880964,0,0,0,0,0,0,0,0,0.052651659671880964,0.052651659671880964,0.052651659671880964,0,0,0,0,0,0,0.052651659671880964,0,0,0,0,0.052651659671880964,0.052651659671880964,0.052651659671880964,0,0,0.052651659671880964,0.052651659671880964,0,0.052651659671880964,0.052651659671880964,0.052270125906142696,0,0.052651659671880964,0.052651659671880964,0.052651659671880964,0.052651659671880964,0.052651659671880964",1
"-1,1,1,-1,1,1,1,1,-1,0,1,1,-1,-1,1,-1,1,-1,0,0,0,-1,-1,1,-1,-1,-1,0,1,-1,-1,1,0,0,0,-1,1,0,0,1,0,0,0,1,0,0,0,0,0","0,0,0,0,0,0,0,0,0,0.05801526717557252,0,0,0,0,0,0,0,0,0.057633587786259544,0.05801526717557252,0.05801526717557252,0,0,0,0,0,0,0.05801526717557252,0,0,0,0,0.05801526717557252,0.05801526717557252,0.05801526717557252,0,0,0.05801526717557252,0.05801526717557252,0,0.01450381679389313,0.05801526717557252,0.05801526717557252,0,0.05801526717557252,0.057633587786259544,0.05801526717557252,0.05801526717557252,0.05801526717557252",-1
"-1,1,1,-1,1,1,1,1,-1,-1,1,1,-1,-1,1,-1,1,-1,0,0,0,-1,-1,1,-1,-1,-1,0,1,-1,-1,1,0,0,0,-1,1,0,0,1,0,0,0,1,0,0,0,0,0","0,0,0,0,0,0,0,0,0,0,0,0,0,0,0,0,0,0,0.05806451612903226,0.05806451612903226,0.05806451612903226,0,0,0,0,0,0,0.05806451612903226,0,0,0,0,0.05806451612903226,0.0667931688804554,0.05806451612903226,0,0,0.05806451612903226,0.05806451612903226,0,0.05806451612903226,0.05806451612903226,0.05806451612903226,0,0.05806451612903226,0.05806451612903226,0.06223908918406072,0.05806451612903226,0.05806451612903226",1
"-1,1,1,-1,1,1,1,1,-1,-1,1,1,-1,-1,1,-1,1,-1,0,0,0,-1,-1,1,-1,-1,-1,0,1,-1,-1,1,0,1,0,-1,1,0,0,1,0,0,0,1,0,0,0,0,0","0,0,0,0,0,0,0,0,0,0,0,0,0,0,0,0,0,0,0.07142857142857142,0.07105263157894737,0.07105263157894737,0,0,0,0,0,0,0.07142857142857142,0,0,0,0,0.07142857142857142,0,0.07105263157894737,0,0,0.07105263157894737,0.0011278195488721805,0,0.07142857142857142,0.07142857142857142,0.0011278195488721805,0,0.07142857142857142,0.07105263157894737,0.07142857142857142,0.07142857142857142,0.07105263157894737",-1
"0,0,0,0,0,0,0,0,0,0,0,0,0,0,0,0,0,0,0,0,0,0,0,0,0,0,0,0,0,0,0,0,0,0,0,0,0,0,0,0,0,0,0,0,0,0,0,0,0","0.004079967360261118,0.004079967360261118,0.004079967360261118,0.004079967360261118,0.04691962464300286,0.0518155854753162,0.004079967360261118,0.04773561811505508,0.004079967360261118,0.004079967360261118,0.05344757241942064,0.004079967360261118,0.0554875560995512,0.004079967360261118,0.04773561811505508,0.004079967360261118,0.004079967360261118,0.05059159526723786,0.004079967360261118,0.05263157894736842,0.05059159526723786,0.053039575683394534,0.004079967360261118,0.004079967360261118,0.004079967360261118,0.004079967360261118,0.004079967360261118,0.0518155854753162,0.004079967360261118,0.004079967360261118,0.004079967360261118,0.0518155854753162,0.004079967360261118,0.05263157894736842,0.004079967360261118,0.004079967360261118,0.05059159526723786,0.05263157894736842,0.004079967360261118,0.004079967360261118,0.050999592003263976,0.004079967360261118,0.004079967360261118,0.004079967360261118,0.004079967360261118,0.004079967360261118,0.004079967360261118,0.04895960832313342,0.004079967360261118",-1
"0,0,0,0,0,0,0,0,0,0,0,0,-1,0,0,0,0,0,0,0,0,0,0,0,0,0,0,0,0,0,0,0,0,0,0,0,0,0,0,0,0,0,0,0,0,0,0,0,0","0.030525502318392583,0.0015455950540958269,0.0015455950540958269,0.03361669242658424,0.030139103554868624,0.027820710973724884,0.0015455950540958269,0.0015455950540958269,0.0015455950540958269,0.0015455950540958269,0.03863987635239567,0.038253477588871716,0,0.0015455950540958269,0.0312982998454405,0.0015455950540958269,0.0015455950540958269,0.03516228748068006,0.038253477588871716,0.0347758887171561,0.03670788253477589,0.0015455950540958269,0.03670788253477589,0.03632148377125193,0.0015455950540958269,0.0015455950540958269,0.0015455950540958269,0.029752704791344668,0.03670788253477589,0.03245749613601236,0.0015455950540958269,0.037480680061823805,0.03207109737248841,0.03168469860896445,0.03438948995363215,0.0312982998454405,0.0015455950540958269,0.02820710973724884,0.0015455950540958269,0.029752704791344668,0.0015455950540958269,0.03516228748068006,0.030525502318392583,0.03438948995363215,0.0015455950540958269,0.02936630602782071,0.038253477588871716,0.030911901081916538,0.0015455950540958269",1
"0,0,0,0,0,0,0,0,0,0,1,0,-1,0,0,0,0,0,0,0,0,0,0,0,0,0,0,0,0,0,0,0,0,0,0,0,0,0,0,0,0,0,0,0,0,0,0,0,0","0.01253427340383862,0.01253427340383862,0.08969839404622014,0.01253427340383862,0.012925969447708578,0.01253427340383862,0.01253427340383862,0.012925969447708578,0.01253427340383862,0.01253427340383862,0,0.01253427340383862,0,0.01253427340383862,0.01253427340383862,0.09087348217783,0.01253427340383862,0.01253427340383862,0.01253427340383862,0.10027418723070897,0.012925969447708578,0.012925969447708578,0.012925969447708578,0.01253427340383862,0.01253427340383862,0.012925969447708578,0.01253427340383862,0.012925969447708578,0.01253427340383862,0.01253427340383862,0.01253427340383862,0.01253427340383862,0.01253427340383862,0.012925969447708578,0.09244026635330983,0.01253427340383862,0.01253427340383862,0.01253427340383862,0.01253427340383862,0.01253427340383862,0.01253427340383862,0.012925969447708578,0.01253427340383862,0.0963572267920094,0.012925969447708578,0.01253427340383862,0.01253427340383862,0.01253427340383862,0.01253427340383862",-1
"0,0,0,0,0,0,0,0,0,0,1,0,-1,0,0,0,0,0,0,-1,0,0,0,0,0,0,0,0,0,0,0,0,0,0,0,0,0,0,0,0,0,0,0,0,0,0,0,0,0","0.023247232472324724,0.027675276752767528,0.03357933579335794,0.03616236162361624,0.0014760147601476014,0.03394833948339483,0.03247232472324723,0.0014760147601476014,0.0014760147601476014,0.030627306273062732,0,0.03357933579335794,0,0.024723247232472326,0.03357933579335794,0.0014760147601476014,0.0014760147601476014,0.03357933579335794,0.028782287822878228,0,0.0014760147601476014,0.0014760147601476014,0.02730627306273063,0.02915129151291513,0.0014760147601476014,0.0014760147601476014,0.034317343173431734,0.0014760147601476014,0.0014760147601476014,0.02988929889298893,0.032103321033210334,0.0014760147601476014,0.024354243542435424,0.03025830258302583,0.034317343173431734,0.028782287822878228,0.030627306273062732,0.024723247232472326,0.026568265682656828,0.0014760147601476014,0.033210332103321034,0.03394833948339483,0.03468634686346864,0.03099630996309963,0.0014760147601476014,0.03394833948339483,0.028782287822878228,0.032103321033210334,0.02730627306273063",1
"0,0,0,1,0,0,0,0,0,0,1,0,-1,0,0,0,0,0,0,-1,0,0,0,0,0,0,0,0,0,0,0,0,0,0,0,0,0,0,0,0,0,0,0,0,0,0,0,0,0","0.10262436349392871,0.014492753623188406,0.014492753623188406,0,0.014492753623188406,0.014492753623188406,0.014492753623188406,0.10379945162553858,0.014492753623188406,0.014492753623188406,0,0.014492753623188406,0,0.014492753623188406,0.014492753623188406,0.014492753623188406,0.014492753623188406,0.014492753623188406,0.014492753623188406,0,0.014492753623188406,0.014492753623188406,0.014492753623188406,0.014492753623188406,0.014492753623188406,0.10262436349392871,0.014492753623188406,0.014492753623188406,0.014492753623188406,0.014492753623188406,0.09674892283587935,0.014492753623188406,0.014492753623188406,0.014492753623188406,0.014492753623188406,0.014492753623188406,0.014492753623188406,0.014492753623188406,0.014492753623188406,0.014492753623188406,0.014492753623188406,0.014492753623188406,0.014492753623188406,0.014492753623188406,0.014492753623188406,0.014492753623188406,0.014492753623188406,0.014492753623188406,0.014492753623188406",-1
"0,0,0,1,0,0,0,-1,0,0,1,0,-1,0,0,0,0,0,0,-1,0,0,0,0,0,0,0,0,0,0,0,0,0,0,0,0,0,0,0,0,0,0,0,0,0,0,0,0,0","0.025358324145534728,0.020948180815876516,0.033443586916574786,0,0.0011025358324145535,0.0011025358324145535,0.0011025358324145535,0,0.03307607497243661,0.024255788313120176,0,0.03234105108416024,0,0.0011025358324145535,0.03234105108416024,0.02462330025725836,0.03123851525174568,0.033443586916574786,0.033443586916574786,0,0.03381109886071297,0.021683204704152886,0.0260933480338111,0.024255788313120176,0.028298419698640206,0.024255788313120176,0.09812568908489526,0.0011025358324145535,0.03307607497243661,0.029768467475192944,0.03381109886071297,0.03234105108416024,0.03197353914002205,0.0011025358324145535,0.03197353914002205,0.0011025358324145535,0.023153252480705624,0.0011025358324145535,0.0011025358324145535,0.02352076442484381,0.0011025358324145535,0.025725836089672913,0.025725836089672913,0.03307607497243661,0.02940095553105476,0.0011025358324145535,0.027563395810363836,0.02462330025725836,0.0011025358324145535",1
"0,0,0,1,0,0,0,-1,0,0,1,0,-1,0,0,0,0,0,0,-1,0,0,0,0,0,0,1,0,0,0,0,0,0,0,0,0,0,0,0,0,0,0,0,0,0,0,0,0,0","0.0157856093979442,0.03524229074889868,0.0157856093979442,0,0.0157856093979442,0.0157856093979442,0.0157856093979442,0,0.0157856093979442,0.0157856093979442,0,0.0157856093979442,0,0.0157856093979442,0.0157856093979442,0.0157856093979442,0.0157856093979442,0.020190895741556535,0.037077826725403815,0,0.0157856093979442,0.0157856093979442,0.0157856093979442,0.04221732745961821,0.0157856093979442,0.0157856093979442,0,0.0157856093979442,0.0157856093979442,0.0157856093979442,0.024229074889867842,0.04221732745961821,0.0157856093979442,0.0157856093979442,0.04405286343612335,0.04368575624082232,0.0157856093979442,0.04882525697503671,0.0157856093979442,0.0473568281938326,0.0157856093979442,0.0157856093979442,0.0157856093979442,0.02569750367107195,0.033773861967694566,0.0157856093979442,0.0157856093979442,0.04552129221732746,0.052129221732745964",-1
"0,0,0,1,0,0,0,-1,0,0,1,0,-1,0,0,0,0,0,0,-1,0,0,0,0,0,0,1,0,0,0,0,0,0,0,0,0,0,0,0,0,0,0,0,0,0,0,0,0,-1","0.002307692307692308,0.045,0.045,0,0.04461538461538461,0.04230769230769231,0.002307692307692308,0,0.002307692307692308,0.04423076923076923,0,0.04384615384615385,0,0.04576923076923077,0.043076923076923075,0.002307692307692308,0.002307692307692308,0.046153846153846156,0.002307692307692308,0,0.04346153846153846,0.002307692307692308,0.03884615384615384,0.03923076923076923,0.002307692307692308,0.002307692307692308,0,0.002307692307692308,0.045,0.04423076923076923,0.002307692307692308,0.002307692307692308,0.04576923076923077,0.045,0.041923076923076924,0.002307692307692308,0.04153846153846154,0.043076923076923075,0.002307692307692308,0.002307692307692308,0.040769230769230766,0.04153846153846154,0.002307692307692308,0.002307692307692308,0.04346153846153846,0.002307692307692308,0.002307692307692308,0.002307692307692308,0",1
"0,0,0,1,0,0,0,-1,0,0,1,0,-1,0,0,0,0,1,0,-1,0,0,0,0,0,0,1,0,0,0,0,0,0,0,0,0,0,0,0,0,0,0,0,0,0,0,0,0,-1","0.015509887553315239,0.015897634742148118,0.015509887553315239,0,0.032958511050794885,0.015897634742148118,0.015509887553315239,0,0.015509887553315239,0.015509887553315239,0,0.015509887553315239,0,0.015509887553315239,0.015897634742148118,0.015509887553315239,0.015509887553315239,0,0.10663047692904226,0,0.015897634742148118,0.015897634742148118,0.015509887553315239,0.015897634742148118,0.015897634742148118,0.10081426909654904,0,0.015897634742148118,0.015509887553315239,0.015897634742148118,0.015509887553315239,0.015509887553315239,0.015509887553315239,0.015509887553315239,0.015509887553315239,0.015509887553315239,0.015509887553315239,0.015509887553315239,0.015897634742148118,0.015509887553315239,0.0507948817371074,0.015897634742148118,0.14618069018999613,0.015509887553315239,0.015509887553315239,0.015509887553315239,0.015509887553315239,0.015509887553315239,0",-1
"0,0,0,1,0,0,0,-1,0,0,1,0,-1,0,0,0,0,1,0,-1,0,0,0,0,0,0,1,0,0,0,0,0,0,0,0,0,0,0,0,0,0,0,-1,0,0,0,0,0,-1","0.03313359182234755,0.03806838209376102,0.0028198801550934085,0,0.0028198801550934085,0.0028198801550934085,0.0028198801550934085,0,0.035953471977440955,0.040888262248854425,0,0.0028198801550934085,0,0.0028198801550934085,0.03489601691928093,0.0028198801550934085,0.040888262248854425,0,0.036658442016214314,0,0.03419104688050758,0.0028198801550934085,0.0028198801550934085,0.0028198801550934085,0.0028198801550934085,0.0028198801550934085,0,0.0028198801550934085,0.044413112442721184,0.0028198801550934085,0.045470567500881215,0.06697215368346845,0.06697215368346845,0.1723651744800846,0.04652802255904124,0.036658442016214314,0.04159323228762778,0.0028198801550934085,0.0028198801550934085,0.0028198801550934085,0.0028198801550934085,0.0028198801550934085,0,0.0028198801550934085,0.040535777229467745,0.04582305252026789,0.0028198801550934085,0.03877335213253437,0",1
"0,0,0,1,0,0,0,-1,0,0,1,0,-1,0,0,0,0,1,0,-1,0,0,0,0,0,0,1,0,0,0,0,0,0,1,0,0,0,0,0,0,0,0,-1,0,0,0,0,0,-1","0.0288135593220339,0.03525423728813559,0.014576271186440677,0,0.016610169491525422,0.014576271186440677,0.014576271186440677,0,0.01830508474576271,0.02711864406779661,0,0.014576271186440677,0,0.014576271186440677,0.014576271186440677,0.014576271186440677,0.016610169491525422,0,0.020338983050847456,0,0.014576271186440677,0.0288135593220339,0.030508474576271188,0.03661016949152542,0.03966101694915254,0.04406779661016949,0,0.0288135593220339,0.016610169491525422,0.014576271186440677,0.014576271186440677,0.014576271186440677,0.014576271186440677,0,0.01830508474576271,0.01694915254237288,0.014576271186440677,0.0288135593220339,0.014576271186440677,0.04406779661016949,0.09559322033898306,0.08203389830508474,0,0.03525423728813559,0.01830508474576271,0.014576271186440677,0.031864406779661014,0.022033898305084745,0",-1
"0,0,0,1,0,0,0,-1,0,0,1,0,-1,0,0,0,0,1,0,-1,0,0,0,0,0,0,1,0,0,0,0,0,0,1,0,0,0,0,0,0,-1,0,-1,0,0,0,0,0,-1","0.0018221574344023323,0.0018221574344023323,0.0018221574344023323,0,0.0018221574344023323,0.0018221574344023323,0.0018221574344023323,0,0.03134110787172012,0.0018221574344023323,0,0.031705539358600585,0,0.03389212827988338,0.03534985422740525,0.0018221574344023323,0.0018221574344023323,0,0.0018221574344023323,0,0.036078717201166184,0.0018221574344023323,0.033527696793002916,0.03134110787172012,0.02988338192419825,0.0018221574344023323,0,0.0018221574344023323,0.0018221574344023323,0.03279883381924198,0.03571428571428571,0.2729591836734694,0.0018221574344023323,0,0.033527696793002916,0.03134110787172012,0.03462099125364432,0.0018221574344023323,0.03571428571428571,0.0018221574344023323,0,0.03462099125364432,0,0.03134110787172012,0.036078717201166184,0.036807580174927114,0.05357142857142857,0.036807580174927114,0",1
"0,0,0,1,0,0,0,-1,0,0,1,0,-1,0,0,0,0,1,0,-1,0,0,0,0,0,0,1,0,0,0,0,1,0,1,0,0,0,0,0,0,-1,0,-1,0,0,0,0,0,-1","0.022727272727272728,0.03704856787048568,0.02054794520547945,0,0.02054794520547945,0.02054794520547945,0.02054794520547945,0,0.024906600249066,0.02054794520547945,0,0.022727272727272728,0,0.024906600249066,0.022727272727272728,0.022727272727272728,0.024906600249066,0,0.024906600249066,0,0.02054794520547945,0.029265255292652552,0.02708592777085928,0.02054794520547945,0.03331257783312578,0.03518057285180573,0,0.024906600249066,0.02054794520547945,0.022727272727272728,0.024906600249066,0,0.02708592777085928,0,0.022727272727272728,0.029265255292652552,0.022727272727272728,0.02708592777085928,0.02708592777085928,0.09651307596513076,0,0.022727272727272728,0,0.024906600249066,0.03144458281444583,0.024906600249066,0.02708592777085928,0.02708592777085928,0",-1
"0,0,0,1,0,0,0,-1,0,0,1,0,-1,0,0,0,0,1,0,-1,0,0,0,0,0,0,1,0,0,0,0,1,0,1,0,0,0,0,0,-1,-1,0,-1,0,0,0,0,0,-1","0.001802451333813987,0.04938716654650324,0.032444124008651765,0,0.03280461427541456,0.033886085075702954,0.03352559480894016,0,0.03424657534246575,0.001802451333813987,0,0.03280461427541456,0,0.032444124008651765,0.001802451333813987,0.001802451333813987,0.03208363374188897,0,0.032444124008651765,0,0.03352559480894016,0.032444124008651765,0.03136265320836337,0.03172314347512617,0.03280461427541456,0.001802451333813987,0,0.03352559480894016,0.032444124008651765,0.03352559480894016,0.001802451333813987,0,0.03352559480894016,0,0.03280461427541456,0.03208363374188897,0.033886085075702954,0.03424657534246575,0.04938716654650324,0,0,0.03172314347512617,0,0.001802451333813987,0.03424657534246575,0.03172314347512617,0.032444124008651765,0.033886085075702954,0",1
"0,1,0,1,0,0,0,-1,0,0,1,0,-1,0,0,0,0,1,0,-1,0,0,0,0,0,0,1,0,0,0,0,1,0,1,0,0,0,0,0,-1,-1,0,-1,0,0,0,0,0,-1","0.016910069177555727,0,0.02536510376633359,0,0.01921598770176787,0.023443504996156803,0.027671022290545733,0,0.023443504996156803,0.01921598770176787,0,0.027671022290545733,0,0.01921598770176787,0.02959262106072252,0.016910069177555727,0.021137586471944657,0,0.03689469638739431,0,0.016910069177555727,0.02959262106072252,0.027671022290545733,0.01921598770176787,0.01921598770176787,0.027671022290545733,0,0.016910069177555727,0.01921598770176787,0.016910069177555727,0.01921598770176787,0,0.016910069177555727,0,0.016910069177555727,0.03151421983089931,0.03497309761721752,0.05111452728670254,0.03689469638739431,0,0,0.03151421983089931,0,0.14488854727132974,0.042275172943889314,0.02959262106072252,0.027286702536510377,0.016910069177555727,0",-1
"0,1,0,1,0,0,0,-1,0,0,1,0,-1,0,0,0,0,1,0,-1,0,0,0,0,0,0,1,0,0,0,0,1,0,1,0,0,0,0,0,-1,-1,0,-1,-1,0,0,0,0,-1","0.0035174111853675696,0,0.0035174111853675696,0,0.0035174111853675696,0.06647907140344707,0.03869152303904327,0,0.0035174111853675696,0.0035174111853675696,0,0.043264157580021105,0,0.04256067534294759,0.0035174111853675696,0.0035174111853675696,0.0035174111853675696,0,0.04256067534294759,0,0.0654238480478368,0.0035174111853675696,0.044319380935631376,0.0035174111853675696,0.0035174111853675696,0.0035174111853675696,0,0.0035174111853675696,0.044319380935631376,0.0035174111853675696,0.0035174111853675696,0,0.0035174111853675696,0,0.0035174111853675696,0.0035174111853675696,0.0035174111853675696,0.0035174111853675696,0.04642982764685192,0,0,0.0035174111853675696,0,0,0.4002813928948294,0.04642982764685192,0.041857193105874074,0.0035174111853675696,0",1
"0,1,0,1,0,0,0,-1,0,0,1,0,-1,0,0,0,0,1,0,-1,0,0,0,0,0,0,1,0,0,0,0,1,0,1,0,0,0,0,0,-1,-1,0,-1,-1,1,0,0,0,-1","0.028294036061026352,0,0.03467406380027739,0,0.024687933425797504,0.024687933425797504,0.021081830790568655,0,0.028294036061026352,0.033287101248266296,0,0.07961165048543689,0,0.026352288488210817,0.029958391123439666,0.07267683772538142,0.0754507628294036,0,0.02302357836338419,0,0.02302357836338419,0.02302357836338419,0.02302357836338419,0.017198335644937588,0.021081830790568655,0.021081830790568655,0,0.024687933425797504,0.02662968099861304,0.01914008321775312,0.021081830790568655,0,0.021081830790568655,0,0.01914008321775312,0.028294036061026352,0.033287101248266296,0.04854368932038835,0.038002773925104025,0,0,0.024687933425797504,0,0,0,0.01914008321775312,0.01914008321775312,0.02662968099861304,0",-1
"0,1,0,1,0,0,0,-1,0,0,1,-1,-1,0,0,0,0,1,0,-1,0,0,0,0,0,0,1,0,0,0,0,1,0,1,0,0,0,0,0,-1,-1,0,-1,-1,1,0,0,0,-1","0.024682395644283123,0,0.0014519056261343012,0,0.024682395644283123,0.025408348457350273,0.025408348457350273,0,0.024319419237749548,0.0014519056261343012,0,0,0,0.025408348457350273,0.025408348457350273,0.024682395644283123,0.025045372050816698,0,0.025045372050816698,0,0.0014519056261343012,0.023956442831215972,0.0014519056261343012,0.024319419237749548,0.024319419237749548,0.0014519056261343012,0,0.16370235934664246,0.025771324863883848,0.023593466424682397,0.023593466424682397,0,0.0014519056261343012,0,0.025045372050816698,0.0014519056261343012,0.0014519056261343012,0.16406533575317606,0.16370235934664246,0,0,0.023956442831215972,0,0,0,0.025771324863883848,0.0014519056261343012,0.025045372050816698,0",1
"0,1,0,1,0,0,0,-1,0,0,1,-1,-1,0,0,0,0,1,0,-1,0,0,0,0,0,0,1,0,0,0,0,1,0,1,0,0,0,1,0,-1,-1,0,-1,-1,1,0,0,0,-1","0.031496062992125984,0,0.031496062992125984,0,0.034234851078397806,0.031496062992125984,0.031496062992125984,0,0.031496062992125984,0.031496062992125984,0,0,0,0.03457719958918179,0.031496062992125984,0.031496062992125984,0.031496062992125984,0,0.031496062992125984,0,0.031496062992125984,0.03457719958918179,0.031496062992125984,0.03731598767545361,0.031496062992125984,0.031496062992125984,0,0.031496062992125984,0.03457719958918179,0.031496062992125984,0.031496062992125984,0,0.031496062992125984,0,0.031496062992125984,0.034234851078397806,0.031496062992125984,0,0.031496062992125984,0,0,0.031496062992125984,0,0,0,0.03457719958918179,0.031496062992125984,0.031496062992125984,0",-1
"0,1,0,1,0,0,0,-1,0,0,1,-1,-1,0,0,0,0,1,0,-1,0,0,0,-1,0,0,1,0,0,0,0,1,0,1,0,0,0,1,0,-1,-1,0,-1,-1,1,0,0,0,-1","0.02365257851880574,0,0.02365257851880574,0,0.02365257851880574,0.02365257851880574,0.04265219077161691,0,0.04226444358278403,0.023264831329972858,0,0,0,0.02365257851880574,0.04265219077161691,0.04226444358278403,0.04265219077161691,0,0.04226444358278403,0,0.04226444358278403,0.0011632415664986429,0.04226444358278403,0,0.04226444358278403,0.04265219077161691,0,0.02365257851880574,0.04265219077161691,0.04265219077161691,0.04265219077161691,0,0.0011632415664986429,0,0.02365257851880574,0.023264831329972858,0.04265219077161691,0,0.04226444358278403,0,0,0.04265219077161691,0,0,0,0.04226444358278403,0.04226444358278403,0.021326095385808454,0",1
"0,1,0,1,0,0,1,-1,0,0,1,-1,-1,0,0,0,0,1,0,-1,0,0,0,-1,0,0,1,0,0,0,0,1,0,1,0,0,0,1,0,-1,-1,0,-1,-1,1,0,0,0,-1","0.03332041844246416,0,0.03332041844246416,0,0.03332041844246416,0.03332041844246416,0,0,0.033707865168539325,0.033707865168539325,0,0,0,0.03332041844246416,0.033707865168539325,0.03332041844246416,0.036807438977140644,0,0.03332041844246416,0,0.03332041844246416,0.03332041844246416,0.036807438977140644,0,0.04339403332041844,0.04029445951181713,0,0.036807438977140644,0.03332041844246416,0.03332041844246416,0.033707865168539325,0,0.036807438977140644,0,0.033707865168539325,0.033707865168539325,0.03332041844246416,0,0.03332041844246416,0,0,0.033707865168539325,0,0,0,0.03332041844246416,0.03332041844246416,0.03332041844246416,0",-1
"0,1,0,1,0,0,1,-1,0,0,1,-1,-1,0,0,0,0,1,0,-1,0,0,0,-1,-1,0,1,0,0,0,0,1,0,1,0,0,0,1,0,-1,-1,0,-1,-1,1,0,0,0,-1","0.022058823529411766,0,0.022058823529411766,0,0.02321981424148607,0.15905572755417957,0,0,0.024380804953560372,0.0228328173374613,0,0,0,0.02321981424148607,0.0228328173374613,0.024380804953560372,0.0015479876160990713,0,0.024380804953560372,0,0.15905572755417957,0.0015479876160990713,0.15944272445820434,0,0,0.023993808049535603,0,0.024380804953560372,0.024380804953560372,0.023606811145510834,0.022058823529411766,0,0.0015479876160990713,0,0.023606811145510834,0.023606811145510834,0.024380804953560372,0,0.023993808049535603,0,0,0.023606811145510834,0,0,0,0.02321981424148607,0.023993808049535603,0.023606811145510834,0",1
"0,1,0,1,0,0,1,-1,0,0,1,-1,-1,0,0,0,0,1,0,-1,0,0,1,-1,-1,0,1,0,0,0,0,1,0,1,0,0,0,1,0,-1,-1,0,-1,-1,1,0,0,0,-1","0.04228769497400347,0,0.032582322357019064,0,0.03535528596187175,0.032582322357019064,0,0,0.032582322357019064,0.03778162911611785,0,0,0,0.02772963604852686,0.03535528596187175,0.03778162911611785,0.03743500866551126,0,0.03986135181975736,0,0.04679376083188908,0.03535528596187175,0,0,0,0.04471403812824957,0,0.030155979202772965,0.05545927209705372,0.030155979202772965,0.04228769497400347,0,0.03535528596187175,0,0.032582322357019064,0.04228769497400347,0.04228769497400347,0,0.03778162911611785,0,0,0.03778162911611785,0,0,0,0.03778162911611785,0.030155979202772965,0.02772963604852686,0",-1
"0,1,0,1,0,0,1,-1,0,0,1,-1,-1,0,0,0,0,1,0,-1,0,0,1,-1,-1,0,1,0,-1,0,0,1,0,1,0,0,0,1,0,-1,-1,0,-1,-1,1,0,0,0,-1","0.0015186028853454822,0,0.0015186028853454822,0,0.31397114654517844,0.0015186028853454822,0,0,0.0015186028853454822,0.0015186028853454822,0,0,0,0.024677296886864084,0.024677296886864084,0.024677296886864084,0.0015186028853454822,0,0.024677296886864084,0,0.0015186028853454822,0.023917995444191344,0,0,0,0.024297646165527716,0,0.0015186028853454822,0,0.0015186028853454822,0.0231586940015186,0,0.022399392558845863,0,0.0015186028853454822,0.40167046317388005,0.0015186028853454822,0,0.0015186028853454822,0,0,0.024297646165527716,0,0,0,0.0015186028853454822,0.023917995444191344,0.023917995444191344,0",1
"0,1,0,1,0,0,1,-1,0,0,1,-1,-1,0,0,0,0,1,0,-1,0,0,1,-1,-1,0,1,0,-1,0,0,1,0,1,0,1,0,1,0,-1,-1,0,-1,-1,1,0,0,0,-1","0.0373620152844608,0,0.03764506085479762,0,0.0350976507217662,0.0373620152844608,0,0,0.029719784885366543,0.03990942541749221,0,0,0,0.04245683555052363,0.0350976507217662,0.053778658363996604,0.0373620152844608,0,0.04245683555052363,0,0.04698556467591282,0.0350976507217662,0,0,0,0.04698556467591282,0,0.03226719501839796,0,0.049249929238607416,0.0373620152844608,0,0.0373620152844608,0,0.0350976507217662,0,0.049249929238607416,0,0.0373620152844608,0,0,0.04245683555052363,0,0,0,0.04472120011321823,0.04245683555052363,0.0350976507217662,0",-1
"0,1,0,1,0,0,1,-1,0,0,1,-1,-1,0,0,-1,0,1,0,-1,0,0,1,-1,-1,0,1,0,-1,0,0,1,0,1,0,1,0,1,0,-1,-1,0,-1,-1,1,0,0,0,-1","0.0018754688672168042,0,0.0018754688672168042,0,0.5,0.0018754688672168042,0,0,0.19204801200300076,0.0018754688672168042,0,0,0,0.025506376594148537,0.0018754688672168042,0,0.0018754688672168042,0,0.025131282820705175,0,0.03788447111777944,0.02138034508627157,0,0,0,0.020630157539384845,0,0.0018754688672168042,0,0.021005251312828207,0.0018754688672168042,0,0.019879969992498126,0,0.0018754688672168042,0,0.024756189047261814,0,0.024381095273818456,0,0,0.024756189047261814,0,0,0,0.0018754688672168042,0.019879969992498126,0.024006001500375095,0",1
"0,1,0,1,1,0,1,-1,0,0,1,-1,-1,0,0,-1,0,1,0,-1,0,0,1,-1,-1,0,1,0,-1,0,0,1,0,1,0,1,0,1,0,-1,-1,0,-1,-1,1,0,0,0,-1","0.02178477690288714,0,0.013910761154855643,0,0,0.025459317585301837,0,0,0.01653543307086614,0.028083989501312336,0,0,0,0.025459317585301837,0.026771653543307086,0,0.031496062992125984,0,0.029133858267716535,0,0.01784776902887139,0.01784776902887139,0,0,0,0.494488188976378,0,0.01784776902887139,0,0.015223097112860892,0.025459317585301837,0,0.023097112860892388,0,0.026771653543307086,0,0.031496062992125984,0,0.026771653543307086,0,0,0.02047244094488189,0,0,0,0.026771653543307086,0.01942257217847769,0.01784776902887139,0",-1
"0,1,0,1,1,0,1,-1,0,0,1,-1,-1,0,0,-1,0,1,0,-1,0,0,1,-1,-1,-1,1,0,-1,0,0,1,0,1,0,1,0,1,0,-1,-1,0,-1,-1,1,0,0,0,-1","0.014442916093535076,0,0.01581843191196699,0,0,0.014442916093535076,0,0,0.06464924346629987,0.018110958276020175,0,0,0,0.08482347546996791,0.10591471801925723,0,0.10430994956442,0,0.016964695093993582,0,0.2540119211370931,0.018110958276020175,0,0,0,0,0,0.021549747822099955,0,0.01581843191196699,0.02384227418615314,0,0.05272810637322329,0,0.04218248509857864,0,0.016964695093993582,0,0.025905547913801008,0,0,0.02269601100412655,0,0,0,0.018110958276020175,0.0270518110958276,0.021549747822099955,0",1
"0,1,0,1,1,0,1,-1,0,0,1,-1,-1,0,0,-1,0,1,0,-1,1,0,1,-1,-1,-1,1,0,-1,0,0,1,0,1,0,1,0,1,0,-1,-1,0,-1,-1,1,0,0,0,-1","0.0013939224979091162,0,0.0013939224979091162,0,0,0.0013939224979091162,0,0,0.016448285475327572,0.0013939224979091162,0,0,0,0.0013939224979091162,0.014218009478672985,0,0.0013939224979091162,0,0.011708948982436577,0,0,0.0013939224979091162,0,0,0,0,0,0.015054362977418455,0,0.014218009478672985,0.01031502648452746,0,0.8985224421522163,0,0.0013939224979091162,0,0.0013939224979091162,0,0.0013939224979091162,0,0,0.0013939224979091162,0,0,0,0.0013939224979091162,0.0013939224979091162,0.0013939224979091162,0",-1
"0,1,0,1,1,0,1,-1,0,0,1,-1,-1,0,0,-1,0,1,0,-1,1,0,1,-1,-1,-1,1,0,-1,0,0,1,-1,1,0,1,0,1,0,-1,-1,0,-1,-1,1,0,0,0,-1","0.03261441346659653,0,0.034543222865158686,0,0,0.03261441346659653,0,0,0.06996317727511836,0.03261441346659653,0,0,0,0.03051025775907417,0.055058741013501666,0,0.1558828686656146,0,0.03261441346659653,0,0,0.034718569174118884,0,0,0,0,0,0.03261441346659653,0,0.053305277923899705,0.0583903208837454,0,0,0,0.03664737857268104,0,0.06014378397334736,0,0.05663685779414343,0,0,0.049798351744695775,0,0,0,0.034718569174118884,0.06996317727511836,0.03664737857268104,0",1
"0,1,0,1,1,0,1,-1,0,0,1,-1,-1,0,0,-1,1,1,0,-1,1,0,1,-1,-1,-1,1,0,-1,0,0,1,-1,1,0,1,0,1,0,-1,-1,0,-1,-1,1,0,0,0,-1","0.11543026706231455,0,0.0011869436201780415,0,0,0.0011869436201780415,0,0,0.0011869436201780415,0.0011869436201780415,0,0,0,0.009792284866468843,0.0011869436201780415,0,0,0,0.0011869436201780415,0,0,0.010089020771513354,0,0,0,0,0,0.011275964391691394,0,0.6943620178041543,0.13531157270029673,0,0,0,0.0011869436201780415,0,0.0011869436201780415,0,0.0011869436201780415,0,0,0.009495548961424332,0,0,0,0.0011869436201780415,0.0011869436201780415,0.0011869436201780415,0",-1
"0,1,0,1,1,0,1,-1,0,0,1,-1,-1,0,0,-1,1,1,0,-1,1,0,1,-1,-1,-1,1,0,-1,-1,0,1,-1,1,0,1,0,1,0,-1,-1,0,-1,-1,1,0,0,0,-1","0.05557859809207798,0,0.05557859809207798,0,0,0.05557859809207798,0,0,0.05557859809207798,0.05557859809207798,0,0,0,0.05557859809207798,0.05557859809207798,0,0,0,0.05557859809207798,0,0,0.05557859809207798,0,0,0,0,0,0.05557859809207798,0,0,0.05557859809207798,0,0,0,0.05557859809207798,0,0.05557859809207798,0,0.05537121526337619,0,0,0.05557859809207798,0,0,0,0.05537121526337619,0.05557859809207798,0.05557859809207798,0",1
"1,1,0,1,1,0,1,-1,0,0,1,-1,-1,0,0,-1,1,1,0,-1,1,0,1,-1,-1,-1,1,0,-1,-1,0,1,-1,1,0,1,0,1,0,-1,-1,0,-1,-1,1,0,0,0,-1","0,0,0.05888767720828789,0,0,0.05888767720828789,0,0,0.05888767720828789,0.05888767720828789,0,0,0,0.05888767720828789,0.05888767720828789,0,0,0,0.05888767720828789,0,0,0.05888767720828789,0,0,0,0,0,0.05888767720828789,0,0,0.05888767720828789,0,0,0,0.05888767720828789,0,0.058524173027989825,0,0.05888767720828789,0,0,0.058524173027989825,0,0,0,0.058524173027989825,0.05888767720828789,0.05888767720828789,0",-1
"1,1,-1,1,1,0,1,-1,0,0,1,-1,-1,0,0,-1,1,1,0,-1,1,0,1,-1,-1,-1,1,0,-1,-1,0,1,-1,1,0,1,0,1,0,-1,-1,0,-1,-1,1,0,0,0,-1","0,0,0,0,0,0.06235827664399093,0,0,0.06273620559334846,0.06273620559334846,0,0,0,0.06273620559334846,0.06273620559334846,0,0,0,0.06235827664399093,0,0,0.06235827664399093,0,0,0,0,0,0.06235827664399093,0,0,0.06235827664399093,0,0,0,0.06235827664399093,0,0.06235827664399093,0,0.06235827664399093,0,0,0.06273620559334846,0,0,0,0.06235827664399093,0.06273620559334846,0.06235827664399093,0",1
"1,1,-1,1,1,0,1,-1,1,0,1,-1,-1,0,0,-1,1,1,0,-1,1,0,1,-1,-1,-1,1,0,-1,-1,0,1,-1,1,0,1,0,1,0,-1,-1,0,-1,-1,1,0,0,0,-1","0,0,0,0,0,0.07053941908713693,0,0,0,0.07053941908713693,0,0,0,0.07053941908713693,0.07053941908713693,0,0,0,0.07053941908713693,0,0,0.07053941908713693,0,0,0,0,0,0.07053941908713693,0,0,0.07053941908713693,0,0,0,0.07053941908713693,0,0.07053941908713693,0,0.012825348924933987,0,0,0.07053941908713693,0,0,0,0.07016220294228594,0.07053941908713693,0.07053941908713693,0",-1
"1,1,-1,1,1,-1,1,-1,1,0,1,-1,-1,0,0,-1,1,1,0,-1,1,0,1,-1,-1,-1,1,0,-1,-1,0,1,-1,1,0,1,0,1,0,-1,-1,0,-1,-1,1,0,0,0,-1","0,0,0,0,0,0,0,0,0,0.0710811821922933,0,0,0,0.0710811821922933,0.0710811821922933,0,0,0,0.0710811821922933,0,0,0.0710811821922933,0,0,0,0,0,0.0710811821922933,0,0,0.0710811821922933,0,0,0,0.0710811821922933,0,0.0710811821922933,0,0.0710811821922933,0,0,0.07594463150018706,0,0,0,0.0710811821922933,0.0710811821922933,0.0710811821922933,0",1
"1,1,-1,1,1,-1,1,-1,1,0,1,-1,-1,0,0,-1,1,1,0,-1,1,0,1,-1,-1,-1,1,0,-1,-1,0,1,-1,1,0,1,0,1,0,-1,-1,1,-1,-1,1,0,0,0,-1","0,0,0,0,0,0,0,0,0,0.07732342007434945,0,0,0,0.12602230483271376,0.07695167286245354,0,0,0,0.07695167286245354,0,0,0.011524163568773234,0,0,0,0,0,0.07695167286245354,0,0,0.07732342007434945,0,0,0,0.12565055762081784,0,0.12565055762081784,0,0.011524163568773234,0,0,0,0,0,0,0.07695167286245354,0.011524163568773234,0.12565055762081784,0",-1
"0,0,0,0,0,0,0,0,0,0,0,0,0,0,0,0,0,0,0,0,0,0,0,0,0,0,0,0,0,0,0,0,0,0,0,0,0,0,0,0,0,0,0,0,0,0,0,0,0","0.0012239902080783353,0.028151774785801713,0.024071807425540596,0.0277437780497756,0.026111791105671155,0.0012239902080783353,0.023663810689514484,0.024071807425540596,0.023663810689514484,0.023663810689514484,0.023255813953488372,0.028151774785801713,0.026111791105671155,0.0012239902080783353,0.02284781721746226,0.023663810689514484,0.021215830273357814,0.023663810689514484,0.028151774785801713,0.028151774785801713,0.0012239902080783353,0.0012239902080783353,0.023663810689514484,0.023663810689514484,0.023663810689514484,0.0012239902080783353,0.026111791105671155,0.021623827009383926,0.0012239902080783353,0.0012239902080783353,0.024071807425540596,0.024071807425540596,0.023663810689514484,0.023663810689514484,0.028151774785801713,0.028559771521827825,0.022439820481436147,0.024071807425540596,0.028151774785801713,0.024071807425540596,0.023663810689514484,0.02529579763361893,0.0012239902080783353,0.024071807425540596,0.022031823745410038,0.021623827009383926,0.021623827009383926,0.026519787841697267,0.028151774785801713",1
"0,0,0,0,0,0,0,0,0,0,0,0,0,0,0,0,0,0,0,0,0,0,0,0,0,0,0,0,0,0,0,0,0,0,0,1,0,0,0,0,0,0,0,0,0,0,0,0,0","0.014670896114195083,0.014670896114195083,0.01506740681998414,0.014670896114195083,0.014670896114195083,0.014670896114195083,0.014670896114195083,0.01506740681998414,0.01506740681998414,0.014670896114195083,0.11379857256145916,0.11379857256145916,0.014670896114195083,0.014670896114195083,0.014670896114195083,0.01506740681998414,0.014670896114195083,0.014670896114195083,0.014670896114195083,0.014670896114195083,0.014670896114195083,0.014670896114195083,0.014670896114195083,0.10666137985725614,0.01506740681998414,0.014670896114195083,0.01506740681998414,0.014670896114195083,0.014670896114195083,0.014670896114195083,0.01506740681998414,0.01506740681998414,0.014670896114195083,0.014670896114195083,0.014670896114195083,0,0.01506740681998414,0.01506740681998414,0.01506740681998414,0.014670896114195083,0.014670896114195083,0.014670896114195083,0.014670896114195083,0.014670896114195083,0.01506740681998414,0.014670896114195083,0.01506740681998414,0.014670896114195083,0.01506740681998414",-1
"0,0,0,0,0,0,0,0,0,0,-1,0,0,0,0,0,0,0,0,0,0,0,0,0,0,0,0,0,0,0,0,0,0,0,0,1,0,0,0,0,0,0,0,0,0,0,0,0,0","0.034306569343065696,0.034306569343065696,0.02408759124087591,0.02335766423357664,0.030656934306569343,0.00145985401459854,0.03102189781021898,0.029562043795620437,0.00145985401459854,0.032846715328467155,0,0.025912408759124088,0.028832116788321167,0.00145985401459854,0.00145985401459854,0.025547445255474453,0.00145985401459854,0.00145985401459854,0.00145985401459854,0.03467153284671533,0.00145985401459854,0.032846715328467155,0.025182481751824817,0.029197080291970802,0.03102189781021898,0.02846715328467153,0.03576642335766423,0.03576642335766423,0.02664233576642336,0.00145985401459854,0.027007299270072994,0.03467153284671533,0.00145985401459854,0.00145985401459854,0.029562043795620437,0,0.00145985401459854,0.00145985401459854,0.03394160583941606,0.00145985401459854,0.025912408759124088,0.032846715328467155,0.031386861313868614,0.035036496350364967,0.034306569343065696,0.02737226277372263,0.030656934306569343,0.00145985401459854,0.0354014598540146",1
"0,0,0,0,0,0,0,0,0,0,-1,0,0,0,0,0,0,0,0,0,0,0,0,0,0,0,1,0,0,0,0,0,0,0,0,1,0,0,0,0,0,0,0,0,0,0,0,0,0","0.01763322884012539,0.01763322884012539,0.01763322884012539,0.017241379310344827,0.01763322884012539,0.01763322884012539,0.01763322884012539,0.01763322884012539,0.01763322884012539,0.01763322884012539,0,0.01763322884012539,0.01763322884012539,0.11598746081504702,0.01763322884012539,0.01763322884012539,0.01763322884012539,0.017241379310344827,0.01763322884012539,0.01763322884012539,0.01763322884012539,0.01763322884012539,0.01763322884012539,0.01763322884012539,0.01763322884012539,0.01763322884012539,0,0.109717868338558,0.01763322884012539,0.017241379310344827,0.01763322884012539,0.01763322884012539,0.01763322884012539,0.01763322884012539,0.01763322884012539,0,0.01763322884012539,0.01763322884012539,0.01763322884012539,0.01763322884012539,0.01763322884012539,0.01763322884012539,0.01763322884012539,0.017241379310344827,0.01763322884012539,0.01763322884012539,0.01763322884012539,0.01763322884012539,0.01763322884012539",-1
"0,0,0,0,0,0,0,0,0,0,-1,0,0,-1,0,0,0,0,0,0,0,0,0,0,0,0,1,0,0,0,0,0,0,0,0,1,0,0,0,0,0,0,0,0,0,0,0,0,0","0.030534351145038167,0.0014540167211922936,0.027989821882951654,0.025081788440567066,0.0014540167211922936,0.032351872046528535,0.03307888040712468,0.032351872046528535,0.0014540167211922936,0.026899309342057434,0,0.03380588876772083,0.0014540167211922936,0,0.026535805161759362,0.030170846964740095,0.032351872046528535,0.03307888040712468,0.0014540167211922936,0.025808796801163214,0.0014540167211922936,0.02544529262086514,0.022173754998182478,0.026535805161759362,0.032351872046528535,0.022537259178480554,0,0.027626317702653582,0.02544529262086514,0.0014540167211922936,0.0014540167211922936,0.0014540167211922936,0.0014540167211922936,0.0014540167211922936,0.023264267539076698,0,0.03198836786623046,0.026535805161759362,0.03198836786623046,0.029807342784442022,0.032351872046528535,0.025081788440567066,0.031261359505634315,0.030170846964740095,0.028716830243547802,0.030534351145038167,0.027262813522355506,0.030897855325336242,0.03198836786623046",1
"0,0,0,0,0,0,0,0,0,0,-1,1,0,-1,0,0,0,0,0,0,0,0,0,0,0,0,1,0,0,0,0,0,0,0,0,1,0,0,0,0,0,0,0,0,0,0,0,0,0","0.010984699882306787,0.010984699882306787,0.010984699882306787,0.010984699882306787,0.09768536681051393,0.1012161632012554,0.07571596704590035,0.010984699882306787,0.010984699882306787,0.010984699882306787,0,0,0.010984699882306787,0,0.010984699882306787,0.010984699882306787,0.010984699882306787,0.010984699882306787,0.010984699882306787,0.010984699882306787,0.010984699882306787,0.07336210278540604,0.010984699882306787,0.07806983130639467,0.010984699882306787,0.010984699882306787,0,0.010984699882306787,0.010984699882306787,0.010984699882306787,0.010984699882306787,0.010984699882306787,0.010984699882306787,0.010984699882306787,0.010984699882306787,0,0.010984699882306787,0.010984699882306787,0.010984699882306787,0.010984699882306787,0.010984699882306787,0.08670066692820715,0.010984699882306787,0.010984699882306787,0.010984699882306787,0.010984699882306787,0.010984699882306787,0.08081600627697136,0.010984699882306787",-1
"0,0,0,0,0,-1,0,0,0,0,-1,1,0,-1,0,0,0,0,0,0,0,0,0,0,0,0,1,0,0,0,0,0,0,0,0,1,0,0,0,0,0,0,0,0,0,0,0,0,0","0.0029465930018416206,0.0029465930018416206,0.040515653775322284,0.0427255985267035,0.18158379373848987,0,0.0029465930018416206,0.0029465930018416206,0.0029465930018416206,0.0029465930018416206,0,0,0.049723756906077346,0,0.0029465930018416206,0.039779005524861875,0.04567219152854512,0.0029465930018416206,0.0029465930018416206,0.041252302025782686,0.0029465930018416206,0.0427255985267035,0.040515653775322284,0.04604051565377532,0.0029465930018416206,0.0029465930018416206,0,0.0029465930018416206,0.0029465930018416206,0.043462246777163906,0.0427255985267035,0.04456721915285451,0.04456721915285451,0.0029465930018416206,0.04604051565377532,0,0.0029465930018416206,0.0029465930018416206,0.0029465930018416206,0.0029465930018416206,0.040515653775322284,0.04604051565377532,0.0029465930018416206,0.0029465930018416206,0.0029465930018416206,0.0029465930018416206,0.0029465930018416206,0.0029465930018416206,0.04788213627992634",1
"0,0,0,0,1,-1,0,0,0,0,-1,1,0,-1,0,0,0,0,0,0,0,0,0,0,0,0,1,0,0,0,0,0,0,0,0,1,0,0,0,0,0,0,0,0,0,0,0,0,0","0.017282277194171466,0.015249068112504236,0.0193154862758387,0.015249068112504236,0,0,0.015249068112504236,0.017282277194171466,0.0193154862758387,0.021009827177228057,0,0,0.0193154862758387,0,0.015249068112504236,0.015249068112504236,0.015249068112504236,0.03659776347001017,0.015249068112504236,0.021009827177228057,0.03490342256862081,0.015249068112504236,0.015249068112504236,0.03151474076584209,0.09725516773974924,0.017282277194171466,0,0.015249068112504236,0.017282277194171466,0.015249068112504236,0.015249068112504236,0.04269739071501186,0.10267705862419518,0.015249068112504236,0.015249068112504236,0,0.015249068112504236,0.047441545238902066,0.015249068112504236,0.015249068112504236,0.017282277194171466,0.015249068112504236,0.017282277194171466,0.028126058963063368,0.017282277194171466,0.02304303625889529,0.015249068112504236,0.015249068112504236,0.02982039986445273",-1
"0,0,0,0,1,-1,0,0,0,0,-1,1,0,-1,0,0,0,0,0,0,0,0,0,0,0,0,1,0,0,0,0,0,-1,0,0,1,0,0,0,0,0,0,0,0,0,0,0,0,0","0.001448225923244026,0.001448225923244026,0.001448225923244026,0.001448225923244026,0,0,0.031498913830557564,0.03186097031136857,0.001448225923244026,0.024619840695148443,0,0,0.001448225923244026,0,0.001448225923244026,0.02570601013758146,0.031136857349746562,0.029326574945691526,0.027516292541636494,0.001448225923244026,0.001448225923244026,0.03186097031136857,0.02570601013758146,0.01955104996379435,0.001448225923244026,0.001448225923244026,0,0.03222302679217958,0.03258508327299059,0.03258508327299059,0.03258508327299059,0.001448225923244026,0,0.03258508327299059,0.031136857349746562,0,0.029326574945691526,0.03294713975380159,0.03258508327299059,0.026792179580014484,0.03186097031136857,0.001448225923244026,0.001448225923244026,0.001448225923244026,0.026792179580014484,0.2961622013034033,0.001448225923244026,0.026430123099203475,0.001448225923244026",1
"0,0,0,0,1,-1,0,0,0,0,-1,1,0,-1,0,0,0,0,0,0,0,0,0,0,0,0,1,0,0,0,0,0,-1,0,0,1,0,0,0,0,0,0,0,0,0,1,0,0,0","0.030811470408785846,0.012507626601586334,0.026845637583892617,0.016168395363026236,0,0,0.012507626601586334,0.03355704697986577,0.0363026235509457,0.030811470408785846,0,0,0.012507626601586334,0,0.039048200122025624,0.012507626601586334,0.012507626601586334,0.012507626601586334,0.012507626601586334,0.037522879804759,0.04301403294691885,0.0363026235509457,0.03233679072605247,0.0350823672971324,0.012812690665039659,0.017693715680292862,0,0.018608907870652835,0.012507626601586334,0.012507626601586334,0.039048200122025624,0.05064063453325198,0,0.030811470408785846,0.012507626601586334,0,0.012507626601586334,0.014338010982306285,0.012507626601586334,0.012507626601586334,0.0363026235509457,0.039048200122025624,0.040268456375838924,0.028065893837705917,0.029591214154972543,0,0.029591214154972543,0.040268456375838924,0.012507626601586334",-1
"0,0,0,0,1,-1,0,0,0,0,-1,1,0,-1,0,0,0,0,0,0,0,0,0,0,0,0,1,0,0,0,0,-1,-1,0,0,1,0,0,0,0,0,0,0,0,0,1,0,0,0","0.004187285877426722,0.004187285877426722,0.004187285877426722,0.004187285877426722,0,0,0.004187285877426722,0.004187285877426722,0.004187285877426722,0.004187285877426722,0,0,0.004187285877426722,0,0.004187285877426722,0.004187285877426722,0.05100875523410735,0.004187285877426722,0.08755234107346783,0.004187285877426722,0.004187285877426722,0.004187285877426722,0.004187285877426722,0.004187285877426722,0.053292729349067376,0.004187285877426722,0,0.05671869052150742,0.08222306813856109,0.004187285877426722,0.08222306813856109,0,0,0.14236771983250857,0.004187285877426722,0,0.08070041872858774,0.004187285877426722,0.05519604111153407,0.004187285877426722,0.0574800152264941,0.004187285877426722,0.004187285877426722,0.08070041872858774,0.004187285877426722,0,0.004187285877426722,0.004187285877426722,0.0574800152264941",1
"0,0,0,0,1,-1,0,0,0,0,-1,1,0,-1,0,0,0,0,0,0,0,0,0,0,0,0,1,0,0,0,0,-1,-1,1,0,1,0,0,0,0,0,0,0,0,0,1,0,0,0","0.03138222849083216,0.029971791255289138,0.013751763046544428,0.05394922425952045,0,0,0.013751763046544428,0.013751763046544428,0.013751763046544428,0.013751763046544428,0,0,0.019746121297602257,0,0.013751763046544428,0.03631875881523272,0.015867418899858956,0.08815232722143865,0.013751763046544428,0.013751763046544428,0.013751763046544428,0.013751763046544428,0.013751763046544428,0.013751763046544428,0.03314527503526093,0.12094499294781383,0,0.013751763046544428,0.013751763046544428,0.0232722143864598,0.013751763046544428,0,0,0,0.019746121297602257,0,0.052538787023977435,0.013751763046544428,0.013751763046544428,0.1311706629055007,0.013751763046544428,0.013751763046544428,0.013751763046544428,0.013751763046544428,0.013751763046544428,0,0.013751763046544428,0.013751763046544428,0.013751763046544428",-1
"0,0,0,0,1,-1,0,0,0,0,-1,1,0,-1,0,0,0,0,0,0,0,0,0,0,0,0,1,0,0,0,0,-1,-1,1,0,1,0,0,0,-1,0,0,0,0,0,1,0,0,0","0.0014109347442680777,0.0014109347442680777,0.020811287477954146,0.024691358024691357,0,0,0.0014109347442680777,0.027160493827160494,0.0014109347442680777,0.0014109347442680777,0,0,0.021516754850088183,0,0.024691358024691357,0.0014109347442680777,0.0014109347442680777,0.0014109347442680777,0.0014109347442680777,0.022574955908289243,0.0014109347442680777,0.0014109347442680777,0.0014109347442680777,0.027865961199294534,0.0014109347442680777,0.0014109347442680777,0,0.0014109347442680777,0.0014109347442680777,0.0014109347442680777,0.6497354497354497,0,0,0,0.024691358024691357,0,0.022574955908289243,0.0014109347442680777,0.0014109347442680777,0,0.0236331569664903,0.0014109347442680777,0.0014109347442680777,0.021869488536155203,0.02892416225749559,0,0.0014109347442680777,0.0014109347442680777,0.026807760141093474",1
"0,0,0,0,1,-1,0,0,0,0,-1,1,0,-1,0,0,0,0,0,0,0,0,0,0,0,0,1,0,0,0,1,-1,-1,1,0,1,0,0,0,-1,0,0,0,0,0,1,0,0,0","0.031816070599163956,0.028797027403622853,0.023687877380399444,0.023687877380399444,0,0,0.03344170924291686,0.025545750116117046,0.020204366000928935,0.02206223873664654,0,0,0.03344170924291686,0,0.03344170924291686,0.020204366000928935,0.020204366000928935,0.04528564793311658,0.031816070599163956,0.023687877380399444,0.020204366000928935,0.020204366000928935,0.018346493265211334,0.025313516024152345,0.050859266140269394,0.020204366000928935,0,0.035067347886669764,0.023687877380399444,0.02206223873664654,0,0,0,0,0.020204366000928935,0,0.02717138875986995,0.04946586158848119,0.035067347886669764,0,0.035067347886669764,0.02717138875986995,0.02717138875986995,0.025545750116117046,0.028797027403622853,0,0.020204366000928935,0.025545750116117046,0.025313516024152345",-1
"0,0,0,0,1,-1,0,0,0,0,-1,1,0,-1,0,0,0,0,0,0,0,0,0,0,-1,0,1,0,0,0,1,-1,-1,1,0,1,0,0,0,-1,0,0,0,0,0,1,0,0,0","0.028315946348733235,0.0018628912071535022,0.0018628912071535022,0.030178837555886736,0,0,0.0018628912071535022,0.026825633383010434,0.0018628912071535022,0.026825633383010434,0,0,0.0018628912071535022,0,0.0018628912071535022,0.0018628912071535022,0.027943368107302535,0.0018628912071535022,0.029806259314456036,0.0018628912071535022,0.029061102831594635,0.0018628912071535022,0.0018628912071535022,0.5875558867362146,0,0.027943368107302535,0,0.0018628912071535022,0.030551415797317436,0.0018628912071535022,0,0,0,0,0.03166915052160954,0,0.0018628912071535022,0.029061102831594635,0.0018628912071535022,0,0.0018628912071535022,0.026825633383010434,0.0018628912071535022,0.0018628912071535022,0.0018628912071535022,0,0.028315946348733235,0.0018628912071535022,0.0018628912071535022",1
"0,0,0,0,1,-1,0,0,0,0,-1,1,0,-1,0,0,0,0,0,0,0,0,0,1,-1,0,1,0,0,0,1,-1,-1,1,0,1,0,0,0,-1,0,0,0,0,0,1,0,0,0","0.02720751916893396,0.02918624783576552,0.021271333168439276,0.021271333168439276,0,0,0.02720751916893396,0.023250061835270838,0.021271333168439276,0.030917635419243136,0,0,0.030917635419243136,0,0.0252287905021024,0.023250061835270838,0.0252287905021024,0.05144694533762058,0.0252287905021024,0.021271333168439276,0.023250061835270838,0.0252287905021024,0.0252287905021024,0,0,0.023250061835270838,0,0.02918624783576552,0.0252287905021024,0.0252287905021024,0,0,0,0,0.02918624783576552,0,0.0252287905021024,0.1157556270096463,0.023250061835270838,0,0.030917635419243136,0.03809052683650754,0.021271333168439276,0.0328963640860747,0.0328963640860747,0,0.023250061835270838,0.0252287905021024,0.021271333168439276",-1
"0,0,0,0,1,-1,0,0,0,0,-1,1,0,-1,0,0,0,0,0,0,0,0,0,1,-1,0,1,0,0,0,1,-1,-1,1,0,1,0,-1,0,-1,0,0,0,0,0,1,0,0,0","0.03236797274275979,0.002385008517887564,0.002385008517887564,0.032708688245315164,0,0,0.002385008517887564,0.031686541737649065,0.028620102214650767,0.03236797274275979,0,0,0.034412265758091996,0,0.002385008517887564,0.032708688245315164,0.03100511073253833,0.03100511073253833,0.029982964224872233,0.002385008517887564,0.027938671209540033,0.03339011925042589,0.002385008517887564,0,0,0.002385008517887564,0,0.03339011925042589,0.002385008517887564,0.03645655877342419,0,0,0,0,0.002385008517887564,0,0.3948892674616695,0,0.002385008517887564,0,0.031686541737649065,0.002385008517887564,0.002385008517887564,0.034412265758091996,0.002385008517887564,0,0.02759795570698467,0.002385008517887564,0.029982964224872233",1
"0,0,0,0,1,-1,0,0,0,0,-1,1,0,-1,0,0,0,0,0,0,0,0,0,1,-1,0,1,0,0,0,1,-1,-1,1,0,1,1,-1,0,-1,0,0,0,0,0,1,0,0,0","0.023711055969120487,0.026192445547284258,0.026192445547284258,0.023986765922249794,0,0,0.026192445547284258,0.023711055969120487,0.023711055969120487,0.023711055969120487,0,0,0.026192445547284258,0,0.02839812517231872,0.023711055969120487,0.023711055969120487,0.12131237937689551,0.023711055969120487,0.026192445547284258,0.02839812517231872,0.02839812517231872,0.023711055969120487,0,0,0.030603804797353185,0,0.026192445547284258,0.026192445547284258,0.023986765922249794,0,0,0,0,0.023711055969120487,0,0,0,0.023711055969120487,0,0.030603804797353185,0.026192445547284258,0.026192445547284258,0.041080783016266886,0.09870416322029225,0,0.023986765922249794,0.023986765922249794,0.023711055969120487",-1
"0,0,0,0,1,-1,0,0,0,0,-1,1,0,-1,0,0,0,-1,0,0,0,0,0,1,-1,0,1,0,0,0,1,-1,-1,1,0,1,1,-1,0,-1,0,0,0,0,0,1,0,0,0","0.0024063251976624267,0.03300103128222757,0.033344792024750776,0.027500859401856308,0,0,0.029907184599518737,0.0024063251976624267,0.029907184599518737,0.03128222756961155,0,0,0.03231350979718116,0,0.029219663114472327,0.0024063251976624267,0.4259195599862496,0,0.030250945342041938,0.03196974905465796,0.0024063251976624267,0.0024063251976624267,0.034376074252320386,0,0,0.0024063251976624267,0,0.028875902371949123,0.030938466827088347,0.0024063251976624267,0,0,0,0,0.0024063251976624267,0,0,0,0.0024063251976624267,0,0.0024063251976624267,0.028188380886902717,0.026469577174286697,0.03300103128222757,0.027500859401856308,0,0.0024063251976624267,0.0024063251976624267,0.027157098659333103",1
"0,0,0,0,1,-1,0,0,0,0,-1,1,0,-1,0,0,1,-1,0,0,0,0,0,1,-1,0,1,0,0,0,1,-1,-1,1,0,1,1,-1,0,-1,0,0,0,0,0,1,0,0,0","0.03424103531949312,0.03424103531949312,0.02669183068212456,0.04286869776220006,0,0,0.07764896198436236,0.0412510110541925,0.02669183068212456,0.03424103531949312,0,0,0.02453491507144783,0,0.03424103531949312,0.02453491507144783,0,0,0.046373685629549743,0.02453491507144783,0.02453491507144783,0.02453491507144783,0.030466433000808844,0,0,0.028579131841466703,0,0.030466433000808844,0.022377999460771097,0.02669183068212456,0,0,0,0,0.08061472094904287,0,0,0,0.028579131841466703,0,0.032353734160150985,0.02453491507144783,0.022377999460771097,0.04799137233755729,0.022377999460771097,0,0.022377999460771097,0.02669183068212456,0.032353734160150985",-1
"0,0,0,0,1,-1,0,0,0,0,-1,1,0,-1,0,0,1,-1,0,0,0,0,0,1,-1,0,1,0,0,0,1,-1,-1,1,-1,1,1,-1,0,-1,0,0,0,0,0,1,0,0,0","0.001444043321299639,0.4790613718411552,0.025631768953068592,0.025631768953068592,0,0,0.001444043321299639,0.02527075812274368,0.022743682310469315,0.02527075812274368,0,0,0.023826714801444042,0,0.025992779783393503,0.023465703971119134,0,0,0.025631768953068592,0.001444043321299639,0.023104693140794223,0.022743682310469315,0.021660649819494584,0,0,0.001444043321299639,0,0.023104693140794223,0.001444043321299639,0.022382671480144403,0,0,0,0,0,0,0,0,0.024187725631768953,0,0.001444043321299639,0.025992779783393503,0.025631768953068592,0.023826714801444042,0.023465703971119134,0,0.001444043321299639,0.025631768953068592,0.025631768953068592",1
"0,1,0,0,1,-1,0,0,0,0,-1,1,0,-1,0,0,1,-1,0,0,0,0,0,1,-1,0,1,0,0,0,1,-1,-1,1,-1,1,1,-1,0,-1,0,0,0,0,0,1,0,0,0","0.03211371413529876,0,0.036588575941037114,0.05159252434851277,0,0,0.027375625164516977,0.029744669649907872,0.03895762042642801,0.05343511450381679,0,0,0.03211371413529876,0,0.036588575941037114,0.034482758620689655,0,0,0.036588575941037114,0.03895762042642801,0.027375625164516977,0.036588575941037114,0.03211371413529876,0,0,0.027375625164516977,0,0.03211371413529876,0.027375625164516977,0.029744669649907872,0,0,0,0,0,0,0,0,0.036588575941037114,0,0.036588575941037114,0.03211371413529876,0.05343511450381679,0.04948670702816531,0.027375625164516977,0,0.029744669649907872,0.03685180310608055,0.036588575941037114",-1
"0,1,0,0,1,-1,0,0,0,-1,-1,1,0,-1,0,0,1,-1,0,0,0,0,0,1,-1,0,1,0,0,0,1,-1,-1,1,-1,1,1,-1,0,-1,0,0,0,0,0,1,0,0,0","0.04035874439461883,0,0.04110612855007474,0.00523168908819133,0,0,0.00523168908819133,0.04035874439461883,0.00523168908819133,0,0,0,0.00523168908819133,0,0.3815396113602392,0.035127055306427506,0,0,0.00523168908819133,0.00523168908819133,0.03923766816143498,0.04110612855007474,0.03923766816143498,0,0,0.045216741405082216,0,0.00523168908819133,0.04110612855007474,0.00523168908819133,0,0,0,0,0,0,0,0,0.03774289985052317,0,0.00523168908819133,0.04110612855007474,0.033632286995515695,0.00523168908819133,0.035127055306427506,0,0.045216741405082216,0.00523168908819133,0.00523168908819133",1
"0,1,0,0,1,-1,0,0,0,-1,-1,1,0,-1,1,0,1,-1,0,0,0,0,0,1,-1,0,1,0,0,0,1,-1,-1,1,-1,1,1,-1,0,-1,0,0,0,0,0,1,0,0,0","0.015736766809728183,0,0.0117310443490701,0.010014306151645207,0,0,0.010014306151645207,0.0732474964234621,0.013161659513590844,0,0,0,0.04864091559370529,0,0,0.5184549356223176,0,0,0.017167381974248927,0.010014306151645207,0.018311874105865523,0.050929899856938486,0.010014306151645207,0,0,0.010014306151645207,0,0.017167381974248927,0.0117310443490701,0.010014306151645207,0,0,0,0,0,0,0,0,0.018311874105865523,0,0.015736766809728183,0.010014306151645207,0.0234620886981402,0.015736766809728183,0.018311874105865523,0,0.013161659513590844,0.015736766809728183,0.013161659513590844",-1
"0,1,0,0,1,-1,0,0,0,-1,-1,1,0,-1,1,-1,1,-1,0,0,0,0,0,1,-1,0,1,0,0,0,1,-1,-1,1,-1,1,1,-1,0,-1,0,0,0,0,0,1,0,0,0","0.020293911826452064,0,0.002332633543270352,0.002332633543270352,0,0,0.020293911826452064,0.002332633543270352,0.002332633543270352,0,0,0,0.002332633543270352,0,0,0,0,0,0.002332633543270352,0.019127595054816888,0.002332633543270352,0.002332633543270352,0.02239328201539538,0,0,0.002332633543270352,0,0.002332633543270352,0.002332633543270352,0.002332633543270352,0,0,0,0,0,0,0,0,0.002332633543270352,0,0.002332633543270352,0.01749475157452764,0.002332633543270352,0.8245859575460696,0.002332633543270352,0,0.01959412176347096,0.002332633543270352,0.0165616981572195",1
"0,1,0,0,1,-1,0,0,0,-1,-1,1,0,-1,1,-1,1,-1,0,0,0,0,0,1,-1,0,1,0,0,0,1,-1,-1,1,-1,1,1,-1,0,-1,0,0,0,1,0,1,0,0,0","0.015637997005489936,0,0.016968890367659292,0.016303443686574614,0,0,0.01829978372982865,0.018798868740642155,0.6265180502412244,0,0,0,0.016303443686574614,0,0,0,0,0,0.016968890367659292,0.014307103643320579,0.014972550324405257,0.0136416569622359,0.01014806188654134,0,0,0.021959740475794378,0,0.015637997005489936,0.01763433704874397,0.0071535518216602895,0,0,0,0,0,0,0,0,0.015637997005489936,0,0.01829978372982865,0.014307103643320579,0.01829978372982865,0,0.015637997005489936,0,0.023290633837963735,0.016303443686574614,0.016968890367659292",-1
"0,1,0,0,1,-1,0,0,-1,-1,-1,1,0,-1,1,-1,1,-1,0,0,0,0,0,1,-1,0,1,0,0,0,1,-1,-1,1,-1,1,1,-1,0,-1,0,0,0,1,0,1,0,0,0","0.04052538843504725,0,0.017139195899407336,0.0177799135031235,0,0,0.0177799135031235,0.018580810507768702,0,0,0,0,0.0177799135031235,0,0,0,0,0,0.12702226493672913,0.016498478295691173,0.01505686368732981,0.03988467083133109,0.11629024507448342,0,0,0.028511933365369214,0,0.018580810507768702,0.03924395322761493,0.017139195899407336,0,0,0,0,0,0,0,0,0.017139195899407336,0,0.018580810507768702,0.3208393400608682,0.01505686368732981,0,0.0177799135031235,0,0.028511933365369214,0.018580810507768702,0.01569758129104597",1
"0,1,0,0,1,-1,0,0,-1,-1,-1,1,0,-1,1,-1,1,-1,0,0,0,0,0,1,-1,0,1,0,0,0,1,-1,-1,1,-1,1,1,-1,0,-1,0,1,0,1,0,1,0,0,0","0.0022316447221602323,0,0.0022316447221602323,0.0022316447221602323,0,0,0.0022316447221602323,0.874581566614595,0,0,0,0,0.0022316447221602323,0,0,0,0,0,0.0022316447221602323,0.0022316447221602323,0.0022316447221602323,0.020084802499442087,0.01874581566614595,0,0,0.0022316447221602323,0,0.015621513055121624,0.0022316447221602323,0.014728855166257531,0,0,0,0,0,0,0,0,0.0022316447221602323,0,0.0022316447221602323,0,0.0022316447221602323,0,0.020531131443874136,0,0.0022316447221602323,0.0022316447221602323,0.0022316447221602323",-1
"0,1,0,0,1,-1,0,-1,-1,-1,-1,1,0,-1,1,-1,1,-1,0,0,0,0,0,1,-1,0,1,0,0,0,1,-1,-1,1,-1,1,1,-1,0,-1,0,1,0,1,0,1,0,0,0","0.022038136917786808,0,0.03141606752110034,0.022038136917786808,0,0,0.08940293841825571,0,0,0,0,0,0.026883401062832137,0,0,0,0,0,0.11331666145670521,0.023601125351672397,0.026883401062832137,0.025320412628946545,0.023601125351672397,0,0,0.045326664582682086,0,0.022038136917786808,0.026883401062832137,0.022038136917786808,0,0,0,0,0,0,0,0,0.028446389496717725,0,0.04266958424507659,0,0.023601125351672397,0,0.025320412628946545,0,0.16317599249765552,0.17067833698030635,0.025320412628946545",1
"0,1,0,0,1,-1,0,-1,-1,-1,-1,1,0,-1,1,-1,1,-1,0,0,0,0,0,1,-1,0,1,0,0,0,1,-1,-1,1,-1,1,1,-1,0,-1,0,1,0,1,0,1,0,1,0","0.0011198208286674132,0,0.011478163493840985,0.013717805151175811,0,0,0.0011198208286674132,0,0,0,0,0,0.012877939529675251,0,0,0,0,0,0.2673572228443449,0.0011198208286674132,0.012597984322508398,0.012038073908174692,0.011478163493840985,0,0,0.013437849944008958,0,0.0011198208286674132,0.0011198208286674132,0.010078387458006719,0,0,0,0,0,0,0,0,0.012877939529675251,0,0.5870660694288914,0,0.013717805151175811,0,0.0011198208286674132,0,0.0011198208286674132,0,0.013437849944008958",-1
"0,0,0,0,0,0,0,0,0,0,0,0,0,0,0,0,0,0,0,0,0,0,0,0,0,0,0,0,0,0,0,0,0,0,0,0,0,0,0,0,0,0,0,0,0,0,0,0,0","0.0028559771521827824,0.0028559771521827824,0.0028559771521827824,0.0028559771521827824,0.0028559771521827824,0.049367605059159526,0.0028559771521827824,0.0028559771521827824,0.04732762137902897,0.0028559771521827824,0.0028559771521827824,0.0028559771521827824,0.0032639738882088943,0.0028559771521827824,0.0028559771521827824,0.04079967360261118,0.041207670338637294,0.0554875560995512,0.0028559771521827824,0.0028559771521827824,0.04691962464300286,0.0028559771521827824,0.039575683394532844,0.04365565075479396,0.05711954304365565,0.0032639738882088943,0.049367605059159526,0.0028559771521827824,0.0028559771521827824,0.04202366381068951,0.0028559771521827824,0.057935536515707875,0.050999592003263976,0.0028559771521827824,0.0028559771521827824,0.050999592003263976,0.049775601795185635,0.0028559771521827824,0.0028559771521827824,0.0028559771521827824,0.0028559771521827824,0.044471644226846185,0.05467156262749898,0.0028559771521827824,0.044471644226846185,0.04732762137902897,0.0028559771521827824,0.0028559771521827824,0.0028559771521827824",-1
"0,0,0,0,0,0,0,0,0,0,0,0,0,0,0,0,0,0,0,0,0,0,0,0,0,0,0,0,0,0,0,-1,0,0,0,0,0,0,0,0,0,0,0,0,0,0,0,0,0","0.05782575173477255,0.005782575173477255,0.005782575173477255,0.005782575173477255,0.005782575173477255,0.005782575173477255,0.005782575173477255,0.005782575173477255,0.005782575173477255,0.005782575173477255,0.07247494217424827,0.06746337702390132,0.005782575173477255,0.005782575173477255,0.005782575173477255,0.06399383191981496,0.058982266769468,0.005782575173477255,0.005782575173477255,0.005782575173477255,0.005782575173477255,0.06553585196607556,0.05782575173477255,0.005782575173477255,0.005782575173477255,0.06476484194294525,0.005782575173477255,0.07401696222050887,0.005782575173477255,0.005782575173477255,0.005782575173477255,0,0.07517347725520432,0.005782575173477255,0.005782575173477255,0.005782575173477255,0.005782575173477255,0.005782575173477255,0.005782575173477255,0.005782575173477255,0.0597532767925983,0.005782575173477255,0.005782575173477255,0.005782575173477255,0.005782575173477255,0.005782575173477255,0.07401696222050887,0.005782575173477255,0.005782575173477255",1
"0,0,0,0,0,0,0,0,0,0,0,0,0,0,0,0,0,0,0,0,0,0,0,0,0,0,0,0,0,0,0,-1,1,0,0,0,0,0,0,0,0,0,0,0,0,0,0,0,0","0.04984894259818731,0.0037764350453172208,0.0037764350453172208,0.05173716012084592,0.0037764350453172208,0.04305135951661632,0.04229607250755287,0.0037764350453172208,0.0037764350453172208,0.04229607250755287,0.04833836858006042,0.0037764350453172208,0.0037764350453172208,0.0037764350453172208,0.04229607250755287,0.04380664652567976,0.0037764350453172208,0.0037764350453172208,0.0037764350453172208,0.0037764350453172208,0.044939577039274925,0.0037764350453172208,0.0037764350453172208,0.0037764350453172208,0.0037764350453172208,0.061555891238670696,0.0037764350453172208,0.0037764350453172208,0.04305135951661632,0.0037764350453172208,0.0037764350453172208,0,0,0.0037764350453172208,0.0037764350453172208,0.0411631419939577,0.04305135951661632,0.0037764350453172208,0.05022658610271903,0.06306646525679759,0.04758308157099698,0.0037764350453172208,0.0037764350453172208,0.0037764350453172208,0.0037764350453172208,0.04229607250755287,0.05060422960725076,0.0037764350453172208,0.04305135951661632",-1
"0,0,0,0,0,0,0,0,0,0,0,0,0,0,0,0,0,0,0,0,0,0,0,0,0,0,0,0,0,0,0,-1,1,0,0,0,0,0,0,-1,0,0,0,0,0,0,0,0,0","0.008012209080503624,0.008012209080503624,0.008012209080503624,0.008012209080503624,0.008012209080503624,0.07516215185043876,0.008012209080503624,0.008012209080503624,0.008012209080503624,0.008012209080503624,0.008012209080503624,0.008012209080503624,0.008012209080503624,0.008012209080503624,0.008012209080503624,0.008012209080503624,0.07134681419305608,0.008012209080503624,0.008012209080503624,0.08012209080503624,0.008012209080503624,0.07134681419305608,0.008012209080503624,0.008012209080503624,0.008012209080503624,0.008012209080503624,0.008012209080503624,0.008012209080503624,0.008012209080503624,0.008012209080503624,0.08889736741701641,0,0,0.008012209080503624,0.008012209080503624,0.008012209080503624,0.008012209080503624,0.07210988172453262,0.09118657001144602,0,0.008012209080503624,0.008012209080503624,0.008012209080503624,0.0770698206791301,0.008012209080503624,0.07630675314765356,0.008012209080503624,0.008012209080503624,0.008012209080503624",1
"0,0,0,0,0,0,0,0,0,0,0,0,0,0,0,0,0,0,0,0,0,0,0,0,0,0,0,0,0,0,0,-1,1,0,0,0,0,0,1,-1,0,0,0,0,0,0,0,0,0","0.06050482553823311,0.006310319227913883,0.05753526354862658,0.0716406829992576,0.006310319227913883,0.006310319227913883,0.05753526354862658,0.006310319227913883,0.006310319227913883,0.06050482553823311,0.06829992576095026,0.006310319227913883,0.05939123979213066,0.006310319227913883,0.006310319227913883,0.006310319227913883,0.006310319227913883,0.006310319227913883,0.006310319227913883,0.006310319227913883,0.006310319227913883,0.006310319227913883,0.006310319227913883,0.006310319227913883,0.006310319227913883,0.006310319227913883,0.006310319227913883,0.006310319227913883,0.006310319227913883,0.006310319227913883,0.06570155902004454,0,0,0.006310319227913883,0.006310319227913883,0.006310319227913883,0.05939123979213066,0.05864884929472903,0,0,0.060133630289532294,0.006310319227913883,0.05753526354862658,0.006310319227913883,0.006310319227913883,0.061247216035634745,0.006310319227913883,0.006310319227913883,0.006310319227913883",-1
"0,0,0,-1,0,0,0,0,0,0,0,0,0,0,0,0,0,0,0,0,0,0,0,0,0,0,0,0,0,0,0,-1,1,0,0,0,0,0,1,-1,0,0,0,0,0,0,0,0,0","0.045300113250283124,0.04718761796904492,0.0033975084937712344,0,0.04794261985654964,0.0033975084937712344,0.0033975084937712344,0.0033975084937712344,0.0033975084937712344,0.05473763684409211,0.0033975084937712344,0.04303510758776897,0.05473763684409211,0.0033975084937712344,0.04718761796904492,0.0033975084937712344,0.0033975084937712344,0.0033975084937712344,0.046055115137787844,0.05549263873159683,0.05285013212533032,0.0033975084937712344,0.0033975084937712344,0.045300113250283124,0.0033975084937712344,0.0033975084937712344,0.044167610419026046,0.046055115137787844,0.0033975084937712344,0.04907512268780672,0.0033975084937712344,0,0,0.0033975084937712344,0.0033975084937712344,0.0033975084937712344,0.0033975084937712344,0.0033975084937712344,0,0,0.04983012457531144,0.0033975084937712344,0.0033975084937712344,0.04303510758776897,0.0033975084937712344,0.045300113250283124,0.0033975084937712344,0.04983012457531144,0.04794261985654964",1
"0,0,0,-1,0,0,0,0,0,0,0,0,0,0,0,0,0,0,0,1,0,0,0,0,0,0,0,0,0,0,0,-1,1,0,0,0,0,0,1,-1,0,0,0,0,0,0,0,0,0","0.008448540706605223,0.008448540706605223,0.008448540706605223,0,0.008448540706605223,0.008448540706605223,0.12557603686635946,0.008448540706605223,0.06643625192012288,0.008448540706605223,0.008448540706605223,0.008448540706605223,0.008448540706605223,0.08563748079877112,0.008448540706605223,0.008448540706605223,0.008448540706605223,0.008448540706605223,0.008448540706605223,0,0.06144393241167435,0.06105990783410138,0.008448540706605223,0.06336405529953917,0.06105990783410138,0.008448540706605223,0.008448540706605223,0.008448540706605223,0.008448540706605223,0.008448540706605223,0.008448540706605223,0,0,0.008448540706605223,0.008448540706605223,0.008448540706605223,0.008448540706605223,0.06566820276497695,0,0,0.008448540706605223,0.06758832565284179,0.008448540706605223,0.008448540706605223,0.008448540706605223,0.008448540706605223,0.008448540706605223,0.008448540706605223,0.06336405529953917",-1
"0,0,0,-1,0,0,-1,0,0,0,0,0,0,0,0,0,0,0,0,1,0,0,0,0,0,0,0,0,0,0,0,-1,1,0,0,0,0,0,1,-1,0,0,0,0,0,0,0,0,0","0.0039497307001795335,0.0039497307001795335,0.0039497307001795335,0,0.46929982046678637,0.04775583482944345,0,0.0039497307001795335,0.0039497307001795335,0.0039497307001795335,0.0039497307001795335,0.0039497307001795335,0.0039497307001795335,0.0039497307001795335,0.04991023339317774,0.0039497307001795335,0.05062836624775584,0.0039497307001795335,0.0039497307001795335,0,0.0039497307001795335,0.0039497307001795335,0.0039497307001795335,0.0039497307001795335,0.0039497307001795335,0.0039497307001795335,0.04057450628366248,0.04524236983842011,0.04057450628366248,0.0039497307001795335,0.0039497307001795335,0,0,0.0039497307001795335,0.0039497307001795335,0.04129263913824058,0.0039497307001795335,0.0039497307001795335,0,0,0.04057450628366248,0.04775583482944345,0.0039497307001795335,0.0039497307001795335,0.0039497307001795335,0.0039497307001795335,0.0039497307001795335,0.0039497307001795335,0.0039497307001795335",1
"0,0,0,-1,1,0,-1,0,0,0,0,0,0,0,0,0,0,0,0,1,0,0,0,0,0,0,0,0,0,0,0,-1,1,0,0,0,0,0,1,-1,0,0,0,0,0,0,0,0,0","0.014604354753053638,0.014604354753053638,0.02575677110993096,0,0,0.0161975570897504,0,0.02575677110993096,0.014604354753053638,0.02867764206054169,0.0844397238449283,0.014604354753053638,0.01964949548592671,0.016463090812533193,0.016463090812533193,0.014604354753053638,0.014604354753053638,0.08682952734997344,0.01964949548592671,0,0.018056293149229952,0.014604354753053638,0.03027084439723845,0.02575677110993096,0.03717472118959108,0.03717472118959108,0.016463090812533193,0.0161975570897504,0.016463090812533193,0.014604354753053638,0.02867764206054169,0,0,0.018056293149229952,0.02575677110993096,0.016463090812533193,0.014604354753053638,0.016463090812533193,0,0,0.03027084439723845,0.016463090812533193,0.018056293149229952,0.014604354753053638,0.022835900159320233,0.07966011683483802,0.014604354753053638,0.014604354753053638,0.014604354753053638",-1
"0,0,0,-1,1,0,-1,0,0,0,0,0,0,0,0,0,0,-1,0,1,0,0,0,0,0,0,0,0,0,0,0,-1,1,0,0,0,0,0,1,-1,0,0,0,0,0,0,0,0,0","0.002511661284535343,0.039468963042698244,0.040545389307499104,0,0,0.002511661284535343,0,0.03659849300322928,0.002511661284535343,0.03911015428776462,0.038751345532831,0.03767491926803014,0.002511661284535343,0.041263006817366346,0.002511661284535343,0.03767491926803014,0.03229278794402583,0,0.04305705059203445,0,0.04198062432723358,0.03588087549336204,0.035163257983494796,0.041263006817366346,0.002511661284535343,0.03552206673842842,0.03911015428776462,0.002511661284535343,0.041263006817366346,0.002511661284535343,0.039468963042698244,0,0,0.002511661284535343,0.002511661284535343,0.03803372802296376,0.041263006817366346,0.0369573017581629,0,0,0.040186580552565486,0.002511661284535343,0.034086831718693936,0.002511661284535343,0.002511661284535343,0.03911015428776462,0.03659849300322928,0.002511661284535343,0.002511661284535343",1
"0,0,0,-1,1,0,-1,0,0,0,0,0,0,0,0,0,0,-1,1,1,0,0,0,0,0,0,0,0,0,0,0,-1,1,0,0,0,0,0,1,-1,0,0,0,0,0,0,0,0,0","0.09453700116234018,0.015110422316931422,0.014722975590856257,0,0,0.014722975590856257,0,0.014722975590856257,0.014722975590856257,0.015110422316931422,0.014722975590856257,0.014722975590856257,0.014722975590856257,0.014722975590856257,0.015110422316931422,0.014722975590856257,0.014722975590856257,0,0,0,0.014722975590856257,0.014722975590856257,0.014722975590856257,0.14451762882603642,0.04726850058117009,0.10461061604029447,0.014722975590856257,0.014722975590856257,0.014722975590856257,0.014722975590856257,0.014722975590856257,0,0,0.014722975590856257,0.014722975590856257,0.014722975590856257,0.014722975590856257,0.014722975590856257,0,0,0.014722975590856257,0.014722975590856257,0.04184424641611778,0.07981402557148393,0.014722975590856257,0.014722975590856257,0.015110422316931422,0.014722975590856257,0.014722975590856257",-1
"0,0,0,-1,1,0,-1,0,0,0,0,0,0,0,0,0,0,-1,1,1,0,0,0,-1,0,0,0,0,0,0,0,-1,1,0,0,0,0,0,1,-1,0,0,0,0,0,0,0,0,0","0.0014109347442680777,0.0014109347442680777,0.02433862433862434,0,0,0.02821869488536155,0,0.0014109347442680777,0.0014109347442680777,0.0014109347442680777,0.0014109347442680777,0.5918871252204585,0.025749559082892417,0.0014109347442680777,0.027513227513227514,0.02892416225749559,0.0014109347442680777,0,0,0,0.02962962962962963,0.0014109347442680777,0.0014109347442680777,0,0.0014109347442680777,0.0014109347442680777,0.0014109347442680777,0.0014109347442680777,0.02857142857142857,0.025396825396825397,0.0014109347442680777,0,0,0.0014109347442680777,0.02892416225749559,0.022574955908289243,0.0014109347442680777,0.026807760141093474,0,0,0.026455026455026454,0.0014109347442680777,0.026102292768959437,0.026455026455026454,0.0014109347442680777,0.0014109347442680777,0.0014109347442680777,0.0014109347442680777,0.0014109347442680777",1
"0,0,0,-1,1,0,-1,0,0,0,0,1,0,0,0,0,0,-1,1,1,0,0,0,-1,0,0,0,0,0,0,0,-1,1,0,0,0,0,0,1,-1,0,0,0,0,0,0,0,0,0","0.02608065684617242,0.025839169282781935,0.02608065684617242,0,0,0.025839169282781935,0,0.025839169282781935,0.02608065684617242,0.02608065684617242,0.02608065684617242,0,0.02608065684617242,0.02608065684617242,0.02608065684617242,0.025839169282781935,0.02608065684617242,0,0,0,0.02608065684617242,0.025839169282781935,0.02608065684617242,0,0.025839169282781935,0.05047090074861145,0.02608065684617242,0.02608065684617242,0.02608065684617242,0.02608065684617242,0.025839169282781935,0,0,0.02825404491668679,0.02608065684617242,0.025839169282781935,0.02608065684617242,0.02825404491668679,0,0,0.02608065684617242,0.025839169282781935,0.02608065684617242,0.02608065684617242,0.03042743298720116,0.025839169282781935,0.02608065684617242,0.02608065684617242,0.03042743298720116",-1
"0,0,0,-1,1,0,-1,0,0,0,0,1,0,0,0,0,0,-1,1,1,0,0,0,-1,0,-1,0,0,0,0,0,-1,1,0,0,0,0,0,1,-1,0,0,0,0,0,0,0,0,0","0.0014964459408903852,0.026936026936026935,0.02132435465768799,0,0,0.027310138421249533,0,0.01870557426112982,0.0014964459408903852,0.021698466142910586,0.0014964459408903852,0,0.01870557426112982,0.0014964459408903852,0.023943135054246164,0.019079685746352413,0.0014964459408903852,0,0,0,0.0014964459408903852,0.021698466142910586,0.02356902356902357,0,0.0205761316872428,0,0.4605312383090161,0.02132435465768799,0.0014964459408903852,0.0014964459408903852,0.028058361391694726,0,0,0.024317246539468762,0.02356902356902357,0.022820800598578377,0.0014964459408903852,0.02132435465768799,0,0,0.023943135054246164,0.024317246539468762,0.024317246539468762,0.021698466142910586,0.0014964459408903852,0.02319491208380097,0.0014964459408903852,0.019079685746352413,0.0014964459408903852",1
"0,0,0,-1,1,0,-1,0,0,0,0,1,0,0,0,0,0,-1,1,1,0,0,0,-1,0,-1,1,0,0,0,0,-1,1,0,0,0,0,0,1,-1,0,0,0,0,0,0,0,0,0","0.028409090909090908,0.02813852813852814,0.028409090909090908,0,0,0.02813852813852814,0,0.02813852813852814,0.02813852813852814,0.02813852813852814,0.02813852813852814,0,0.02813852813852814,0.02813852813852814,0.028409090909090908,0.028409090909090908,0.02813852813852814,0,0,0,0.028409090909090908,0.02813852813852814,0.028409090909090908,0,0.028409090909090908,0,0,0.028409090909090908,0.02813852813852814,0.028409090909090908,0.028409090909090908,0,0,0.028409090909090908,0.028409090909090908,0.02813852813852814,0.028409090909090908,0.02813852813852814,0,0,0.028409090909090908,0.028409090909090908,0.028409090909090908,0.028409090909090908,0.03814935064935065,0.028409090909090908,0.02813852813852814,0.028409090909090908,0.02813852813852814",-1
"0,0,0,-1,1,0,-1,0,0,0,0,1,0,0,0,0,0,-1,1,1,0,0,0,-1,0,-1,1,0,0,0,0,-1,1,0,0,0,0,0,1,-1,0,0,0,0,-1,0,0,0,0","0.04219409282700422,0.024165707710011506,0.04219409282700422,0,0,0.021480629075565784,0,0.022247794399693134,0.0011507479861910242,0.0011507479861910242,0.02608362102032988,0,0.04219409282700422,0.04219409282700422,0.02608362102032988,0.02608362102032988,0.026467203682393557,0,0,0,0.025700038358266206,0.024932873034138856,0.026467203682393557,0,0.04257767548906789,0,0,0.026467203682393557,0.023014959723820484,0.04219409282700422,0.0011507479861910242,0,0,0.026467203682393557,0.04219409282700422,0.0011507479861910242,0.04219409282700422,0.04219409282700422,0,0,0.04219409282700422,0.04219409282700422,0.02608362102032988,0.04219409282700422,0,0.04219409282700422,0.04219409282700422,0.026467203682393557,0.02608362102032988",1
"0,0,0,-1,1,0,-1,0,0,0,0,1,0,0,0,0,0,-1,1,1,0,0,0,-1,1,-1,1,0,0,0,0,-1,1,0,0,0,0,0,1,-1,0,0,0,0,-1,0,0,0,0","0.032583397982932506,0.02017067494181536,0.020558572536850273,0,0,0.020558572536850273,0,0.022885958107059737,0.027928626842513578,0.032583397982932506,0.038789759503491075,0,0.03452288595810706,0.032583397982932506,0.030256012412723042,0.032583397982932506,0.020558572536850273,0,0,0,0.030256012412723042,0.053141970519782776,0.02560124127230411,0,0,0,0,0.022885958107059737,0.02560124127230411,0.036850271528316526,0.032583397982932506,0,0,0.022885958107059737,0.038789759503491075,0.02560124127230411,0.032583397982932506,0.038789759503491075,0,0,0.038789759503491075,0.020558572536850273,0.02560124127230411,0.036850271528316526,0,0.047323506594259115,0.02560124127230411,0.020558572536850273,0.032583397982932506",-1
"0,0,0,-1,1,0,-1,0,0,0,0,1,0,0,0,0,0,-1,1,1,0,-1,0,-1,1,-1,1,0,0,0,0,-1,1,0,0,0,0,0,1,-1,0,0,0,0,-1,0,0,0,0","0.02495201535508637,0.0011516314779270633,0.0011516314779270633,0,0,0.09328214971209213,0,0.026487523992322456,0.0011516314779270633,0.09366602687140115,0.0011516314779270633,0,0.026487523992322456,0.0011516314779270633,0.0011516314779270633,0.0011516314779270633,0.0011516314779270633,0,0,0,0.026487523992322456,0,0.0011516314779270633,0,0,0,0,0.026487523992322456,0.0011516314779270633,0.025719769673704415,0.09328214971209213,0,0,0.026487523992322456,0.09328214971209213,0.09328214971209213,0.026487523992322456,0.09328214971209213,0,0,0.0011516314779270633,0.0011516314779270633,0.09328214971209213,0.0011516314779270633,0,0.09328214971209213,0.0011516314779270633,0.0011516314779270633,0.026487523992322456",1
"0,0,0,-1,1,0,-1,0,0,1,0,1,0,0,0,0,0,-1,1,1,0,-1,0,-1,1,-1,1,0,0,0,0,-1,1,0,0,0,0,0,1,-1,0,0,0,0,-1,0,0,0,0","0.029119056395134537,0.023221525985993367,0.025064504238849983,0,0,0.025064504238849983,0,0.04017692591227424,0.016586804275709546,0,0.023221525985993367,0,0.016586804275709546,0.016586804275709546,0.023221525985993367,0.021009952082565425,0.021009952082565425,0,0,0,0.025064504238849983,0,0.030962034647991153,0,0,0,0,0.023221525985993367,0.025064504238849983,0.018798378179137487,0.02727607814227792,0,0,0.023221525985993367,0.029119056395134537,0.018798378179137487,0.016586804275709546,0.029119056395134537,0,0,0.016586804275709546,0.016586804275709546,0.016586804275709546,0.023221525985993367,0,0.3140434942867674,0.023221525985993367,0.016586804275709546,0.025064504238849983",-1
"0,0,0,-1,1,0,-1,0,0,1,0,1,0,0,0,0,0,-1,1,1,0,-1,0,-1,1,-1,1,0,0,0,0,-1,1,0,0,0,0,0,1,-1,0,0,0,0,-1,-1,0,0,0","0.0012040939193257074,0.0012040939193257074,0.0012040939193257074,0,0,0.017760385310054184,0,0.0012040939193257074,0.0012040939193257074,0,0.0012040939193257074,0,0.0012040939193257074,0.0012040939193257074,0.0012040939193257074,0.0012040939193257074,0.0012040939193257074,0,0,0,0.0012040939193257074,0,0.0012040939193257074,0,0,0,0,0.0012040939193257074,0.0012040939193257074,0.021372667068031308,0.0012040939193257074,0,0,0.022275737507525588,0.0012040939193257074,0.0012040939193257074,0.021673690547862733,0.8651414810355208,0,0,0.0012040939193257074,0.022877784467188442,0.0012040939193257074,0.0012040939193257074,0,0,0.0012040939193257074,0.0012040939193257074,0.0012040939193257074",1
"0,0,0,-1,1,0,-1,0,0,1,0,1,0,0,0,0,0,-1,1,1,0,-1,0,-1,1,-1,1,0,0,0,0,-1,1,0,0,0,0,1,1,-1,0,0,0,0,-1,-1,0,0,0","0.030308699719363893,0.030308699719363893,0.0323666978484565,0,0,0.030308699719363893,0,0.030308699719363893,0.03012160898035547,0,0.030308699719363893,0,0.030308699719363893,0.030308699719363893,0.03012160898035547,0.030308699719363893,0.030308699719363893,0,0,0,0.03012160898035547,0,0.030308699719363893,0,0,0,0,0.03461178671655753,0.030308699719363893,0.030308699719363893,0.03012160898035547,0,0,0.03012160898035547,0.0323666978484565,0.030308699719363893,0.030308699719363893,0,0,0,0.030308699719363893,0.0323666978484565,0.030308699719363893,0.08063610851262862,0,0,0.030308699719363893,0.08718428437792329,0.03461178671655753",-1
"0,0,0,-1,1,0,-1,0,0,1,0,1,0,0,0,0,0,-1,1,1,0,-1,0,-1,1,-1,1,0,0,0,0,-1,1,0,0,0,0,1,1,-1,0,0,0,0,-1,-1,0,-1,0","0.021443158611300205,0.021443158611300205,0.021443158611300205,0,0,0.021443158611300205,0,0.13444520081688224,0.018039482641252554,0,0.02110279101429544,0,0.020762423417290673,0.02110279101429544,0.0013614703880190605,0.021443158611300205,0.020762423417290673,0,0,0,0.021443158611300205,0,0.020762423417290673,0,0,0,0,0.02110279101429544,0.020762423417290673,0.020762423417290673,0.13444520081688224,0,0,0.0013614703880190605,0.021443158611300205,0.02042205582028591,0.02110279101429544,0,0,0,0.01906058543226685,0.02110279101429544,0.02110279101429544,0.13444520081688224,0,0,0.134785568413887,0,0.02110279101429544",1
"0,0,0,-1,1,0,-1,0,0,1,0,1,0,0,0,0,0,-1,1,1,0,-1,0,-1,1,-1,1,0,0,0,0,-1,1,0,0,0,0,1,1,-1,0,0,0,0,-1,-1,1,-1,0","0.029627047751829907,0.03241547577553154,0.03834088532589752,0,0,0.03555245730219589,0,0.029627047751829907,0.029627047751829907,0,0.029627047751829907,0,0.03241547577553154,0.029627047751829907,0.029627047751829907,0.03241547577553154,0.03555245730219589,0,0,0,0.03555245730219589,0,0.029627047751829907,0,0,0,0,0.03555245730219589,0.03555245730219589,0.03555245730219589,0.043569187870338096,0,0,0.029627047751829907,0.03555245730219589,0.03241547577553154,0.029627047751829907,0,0,0,0.03241547577553154,0.029627047751829907,0.03241547577553154,0.13489020564656676,0,0,0,0,0.043569187870338096",-1
"0,0,0,-1,1,0,-1,0,0,1,0,1,0,0,0,0,0,-1,1,1,0,-1,0,-1,1,-1,1,0,0,0,0,-1,1,0,0,0,0,1,1,-1,0,0,0,-1,-1,-1,1,-1,0","0.0017476406850751485,0.0017476406850751485,0.0017476406850751485,0,0,0.0017476406850751485,0,0.0017476406850751485,0.0017476406850751485,0,0.02516602586508214,0,0.0017476406850751485,0.0017476406850751485,0.0017476406850751485,0.02516602586508214,0.0017476406850751485,0,0,0,0.02376791331702202,0,0.0017476406850751485,0,0,0,0,0.0017476406850751485,0.02481649772806711,0.0223698007689619,0.03704998252359315,0,0,0.02376791331702202,0.76371897937784,0.0017476406850751485,0.0017476406850751485,0,0,0,0.0017476406850751485,0.0017476406850751485,0.02446696959105208,0,0,0,0,0,0.0017476406850751485",1
"0,0,0,-1,1,0,-1,0,0,1,0,1,0,0,0,0,0,-1,1,1,0,-1,0,-1,1,-1,1,0,0,0,0,-1,1,0,1,0,0,1,1,-1,0,0,0,-1,-1,-1,1,-1,0","0.02703862660944206,0.023819742489270386,0.2004291845493562,0,0,0.02832618025751073,0,0.016738197424892704,0.023819742489270386,0,0.06974248927038626,0,0.02145922746781116,0.0203862660944206,0.02145922746781116,0.02145922746781116,0.016738197424892704,0,0,0,0.02145922746781116,0,0.022746781115879827,0,0,0,0,0.0871244635193133,0.0203862660944206,0.016738197424892704,0.049570815450643776,0,0,0.0203862660944206,0,0.023819742489270386,0.018025751072961373,0,0,0,0.16995708154506436,0.022746781115879827,0.014163090128755365,0,0,0,0,0,0.02145922746781116",-1
"0,0,-1,-1,1,0,-1,0,0,1,0,1,0,0,0,0,0,-1,1,1,0,-1,0,-1,1,-1,1,0,0,0,0,-1,1,0,1,0,0,1,1,-1,0,0,0,-1,-1,-1,1,-1,0","0.0017595307917888563,0.0017595307917888563,0,0,0,0.0017595307917888563,0,0.0017595307917888563,0.0017595307917888563,0,0.0017595307917888563,0,0.0017595307917888563,0.0017595307917888563,0.029618768328445746,0.0017595307917888563,0.0017595307917888563,0,0,0,0.01964809384164223,0,0.0017595307917888563,0,0,0,0,0.0017595307917888563,0.0017595307917888563,0.0017595307917888563,0.0017595307917888563,0,0,0.884457478005865,0,0.031085043988269796,0.0017595307917888563,0,0,0,0.0017595307917888563,0.0017595307917888563,0.0017595307917888563,0,0,0,0,0,0.0017595307917888563",1
"0,0,-1,-1,1,0,-1,0,0,1,0,1,0,0,0,0,0,-1,1,1,0,-1,0,-1,1,-1,1,0,0,0,0,-1,1,1,1,0,0,1,1,-1,0,0,0,-1,-1,-1,1,-1,0","0.015838339705079193,0.014381940651738576,0,0,0,0.01711268887675223,0,0.02239213544511196,0.014381940651738576,0,0.05406881485527035,0,0.01711268887675223,0.014381940651738576,0.015838339705079193,0.014381940651738576,0.014381940651738576,0,0,0,0.018569087930092845,0,0.014381940651738576,0,0,0,0,0.014381940651738576,0.018569087930092845,0.014381940651738576,0.015838339705079193,0,0,0,0,0.014381940651738576,0.014381940651738576,0,0,0,0.6176952484980884,0.014381940651738576,0.014381940651738576,0,0,0,0,0,0.014381940651738576",-1
"0,0,-1,-1,1,0,-1,0,0,1,0,1,0,0,0,0,0,-1,1,1,0,-1,0,-1,1,-1,1,0,0,0,0,-1,1,1,1,0,0,1,1,-1,-1,0,0,-1,-1,-1,1,-1,0","0.0035769034236075624,0.01822517458695282,0,0,0,0.0035769034236075624,0,0.0035769034236075624,0.019076818259240333,0,0.01771418838358031,0,0.0035769034236075624,0.01771418838358031,0.0035769034236075624,0.020098790665985352,0.0035769034236075624,0,0,0,0.0035769034236075624,0,0.02060977686935786,0,0,0,0,0.016862544711292796,0.0035769034236075624,0.020098790665985352,0.0035769034236075624,0,0,0,0,0.0035769034236075624,0.00800545051950264,0,0,0,0,0.0035769034236075624,0.0035769034236075624,0,0,0,0,0,0.7986714358712315",1
"0,0,-1,-1,1,0,-1,0,0,1,0,1,0,0,0,0,0,-1,1,1,0,-1,0,-1,1,-1,1,0,0,0,0,-1,1,1,1,0,0,1,1,-1,-1,0,0,-1,-1,-1,1,-1,1","0.013113839285714286,0.007254464285714286,0,0,0,0.009905133928571428,0,0.0107421875,0.009068080357142858,0,0.0107421875,0,0.009068080357142858,0.012416294642857142,0.009905133928571428,0.009068080357142858,0.011579241071428572,0,0,0,0.0107421875,0,0.011579241071428572,0,0,0,0,0.0107421875,0.011579241071428572,0.009905133928571428,0.012416294642857142,0,0,0,0,0.013950892857142858,0.013950892857142858,0,0,0,0,0.7663225446428571,0.025948660714285716,0,0,0,0,0,0",-1
"0,0,-1,-1,1,0,-1,0,0,1,0,1,0,0,0,0,0,-1,1,1,0,-1,0,-1,1,-1,1,0,0,0,0,-1,1,1,1,0,0,1,1,-1,-1,-1,0,-1,-1,-1,1,-1,1","0.02897278314310799,0.019064342154772356,0,0,0,0.08064718424683306,0,0.08190141728333124,0.07788787156653706,0,0.017182992600025086,0,0.017182992600025086,0.01818637902922363,0.03298632885990217,0.09206070487896652,0.05004389815627744,0,0,0,0.10134202934905305,0,0.04490154270663489,0,0,0,0,0.019942305280321083,0.03674902796939671,0.019064342154772356,0.08403361344537816,0,0,0,0,0.08403361344537816,0.07387432584974288,0,0,0,0,0,0.019942305280321083,0,0,0,0,0,0",1
"0,0,-1,-1,1,0,-1,0,0,1,0,1,0,0,0,0,0,-1,1,1,1,-1,0,-1,1,-1,1,0,0,0,0,-1,1,1,1,0,0,1,1,-1,-1,-1,0,-1,-1,-1,1,-1,1","0.013681970203709334,0.0012161751292186075,0,0,0,0.012465795074490726,0,0.0012161751292186075,0.012465795074490726,0,0.012465795074490726,0,0.0012161751292186075,0.013681970203709334,0.012161751292186074,0.0012161751292186075,0.0012161751292186075,0,0,0,0,0,0.013377926421404682,0,0,0,0,0.012465795074490726,0.0012161751292186075,0.0012161751292186075,0.013681970203709334,0,0,0,0,0.0012161751292186075,0.014290057768318638,0,0,0,0,0,0.8595317725752508,0,0,0,0,0,0",-1
"0,0,0,0,0,0,0,0,0,0,0,0,0,0,0,0,0,0,0,0,0,0,0,0,0,0,0,0,0,0,0,0,0,0,0,0,0,0,0,0,0,0,0,0,0,0,0,0,0","0.04039167686658507,0.03182374541003672,0.0016319869441044472,0.041207670338637294,0.0016319869441044472,0.0016319869441044472,0.0016319869441044472,0.0016319869441044472,0.03182374541003672,0.03182374541003672,0.0016319869441044472,0.041207670338637294,0.0016319869441044472,0.0016319869441044472,0.04324765401876785,0.039575683394532844,0.03835169318645451,0.0016319869441044472,0.03508771929824561,0.0016319869441044472,0.0016319869441044472,0.037943696450428395,0.03019175846593227,0.032639738882088945,0.04243166054671563,0.028559771521827825,0.0016319869441044472,0.04202366381068951,0.0016319869441044472,0.041207670338637294,0.0016319869441044472,0.0016319869441044472,0.046103631170950635,0.02937576499388005,0.0016319869441044472,0.0016319869441044472,0.033047735618115054,0.0016319869441044472,0.0016319869441044472,0.031415748674010605,0.02733578131374949,0.0016319869441044472,0.044879640962872294,0.044879640962872294,0.0016319869441044472,0.0016319869441044472,0.0416156670746634,0.0016319869441044472,0.03427172582619339",1
"0,0,0,0,0,0,0,0,0,0,0,0,0,0,0,0,0,0,0,0,0,0,0,0,0,0,0,0,0,0,0,0,1,0,0,0,0,0,0,0,0,0,0,0,0,0,0,0,0","0.01091617933723197,0.01091617933723197,0.01091617933723197,0.01091617933723197,0.01091617933723197,0.01091617933723197,0.01091617933723197,0.01091617933723197,0.01091617933723197,0.01091617933723197,0.10058479532163743,0.08382066276803118,0.08499025341130605,0.01091617933723197,0.01091617933723197,0.01091617933723197,0.01091617933723197,0.09590643274853801,0.01091617933723197,0.01091617933723197,0.01091617933723197,0.01091617933723197,0.01091617933723197,0.01091617933723197,0.01091617933723197,0.09239766081871345,0.08382066276803118,0.01091617933723197,0.01091617933723197,0.01091617933723197,0.01091617933723197,0.01091617933723197,0,0.01091617933723197,0.01091617933723197,0.01091617933723197,0.01091617933723197,0.01091617933723197,0.01091617933723197,0.01091617933723197,0.01091617933723197,0.01091617933723197,0.01091617933723197,0.01091617933723197,0.01091617933723197,0.01091617933723197,0.01091617933723197,0.01091617933723197,0.01091617933723197",-1
"0,0,0,0,0,0,0,0,0,0,-1,0,0,0,0,0,0,0,0,0,0,0,0,0,0,0,0,0,0,0,0,0,1,0,0,0,0,0,0,0,0,0,0,0,0,0,0,0,0","0.03688675765400221,0.039468830689782367,0.036517890077462194,0.031722611582441905,0.03430468461822206,0.03762449280708226,0.0018443378827001106,0.031722611582441905,0.0018443378827001106,0.0018443378827001106,0,0.06307635558834379,0.04020656584286241,0.0018443378827001106,0.0018443378827001106,0.0018443378827001106,0.0383622279601623,0.04057543341940244,0.0018443378827001106,0.0018443378827001106,0.0018443378827001106,0.0018443378827001106,0.0018443378827001106,0.033566949465142014,0.0018443378827001106,0.0018443378827001106,0.040944300995942456,0.0383622279601623,0.033198081888601995,0.028402803393581703,0.029140538546661748,0.03799336038362228,0,0.0018443378827001106,0.0018443378827001106,0.03762449280708226,0.0018443378827001106,0.03578015492438215,0.03688675765400221,0.0018443378827001106,0.03873109553670232,0.0018443378827001106,0.0018443378827001106,0.03762449280708226,0.0018443378827001106,0.04020656584286241,0.0018443378827001106,0.03282921431206197,0.02950940612320177",1
"0,0,0,0,0,0,0,0,0,0,-1,1,0,0,0,0,0,0,0,0,0,0,0,0,0,0,0,0,0,0,0,0,1,0,0,0,0,0,0,0,0,0,0,0,0,0,0,0,0","0.017523809523809525,0.019809523809523808,0.017523809523809525,0.017523809523809525,0.04038095238095238,0.017523809523809525,0.017523809523809525,0.017523809523809525,0.017523809523809525,0.017523809523809525,0,0,0.017523809523809525,0.019809523809523808,0.017523809523809525,0.017523809523809525,0.017523809523809525,0.017523809523809525,0.017523809523809525,0.017523809523809525,0.017523809523809525,0.022095238095238095,0.017523809523809525,0.017523809523809525,0.017523809523809525,0.017523809523809525,0.017523809523809525,0.017523809523809525,0.017523809523809525,0.017523809523809525,0.112,0.017523809523809525,0,0.017523809523809525,0.017523809523809525,0.02438095238095238,0.045714285714285714,0.017523809523809525,0.022476190476190476,0.017523809523809525,0.04038095238095238,0.017523809523809525,0.017523809523809525,0.017523809523809525,0.017523809523809525,0.017523809523809525,0.022095238095238095,0.017523809523809525,0.017523809523809525",-1
"0,0,0,0,0,0,0,0,0,0,-1,1,0,0,0,0,0,0,0,0,0,0,0,0,0,0,0,0,0,0,-1,0,1,0,0,0,0,0,0,0,0,0,0,0,0,0,0,0,0","0.02728264823572208,0.03055656602400873,0.0261913423062932,0.0010913059294288831,0.02400873044743543,0.021462349945434705,0.032375409239723534,0.032739177882866496,0.024736267733721354,0.02437249909057839,0,0,0.0261913423062932,0.02400873044743543,0.025100036376864313,0.0261913423062932,0.03346671516915242,0.028010185522008003,0.0010913059294288831,0.032739177882866496,0.022189887231720627,0.0010913059294288831,0.0010913059294288831,0.021462349945434705,0.0261913423062932,0.0010913059294288831,0.0010913059294288831,0.022189887231720627,0.032375409239723534,0.032739177882866496,0,0.032375409239723534,0,0.0010913059294288831,0.0261913423062932,0.029465260094579847,0.021462349945434705,0.025463805020007276,0.0261913423062932,0.026555110949436158,0.0010913059294288831,0.026555110949436158,0.028010185522008003,0.032375409239723534,0.031647871953437615,0.0010913059294288831,0.032375409239723534,0.029101491451436885,0.025827573663150236",1
"0,0,0,0,0,0,0,0,0,0,-1,1,0,0,0,0,1,0,0,0,0,0,0,0,0,0,0,0,0,0,-1,0,1,0,0,0,0,0,0,0,0,0,0,0,0,0,0,0,0","0.0423861852433281,0.017660910518053376,0.017660910518053376,0.01726844583987441,0.017660910518053376,0.01726844583987441,0.01726844583987441,0.022370486656200943,0.017660910518053376,0.026687598116169546,0,0,0.017660910518053376,0.017660910518053376,0.017660910518053376,0.01726844583987441,0,0.0423861852433281,0.017660910518053376,0.10361067503924647,0.02197802197802198,0.01726844583987441,0.017660910518053376,0.01726844583987441,0.031004709576138146,0.017660910518053376,0.01726844583987441,0.017660910518053376,0.017660910518053376,0.017660910518053376,0,0.017660910518053376,0,0.017660910518053376,0.017660910518053376,0.017660910518053376,0.017660910518053376,0.04042386185243328,0.01726844583987441,0.020015698587127158,0.05337519623233909,0.017660910518053376,0.01726844583987441,0.01726844583987441,0.017660910518053376,0.017660910518053376,0.017660910518053376,0.01726844583987441,0.01726844583987441",-1
"0,0,0,0,0,0,0,0,0,0,-1,1,0,0,0,0,1,0,0,-1,0,0,0,0,0,0,0,0,0,0,-1,0,1,0,0,0,0,0,0,0,0,0,0,0,0,0,0,0,0","0.02866593164277839,0.023153252480705624,0.023153252480705624,0.02352076442484381,0.03123851525174568,0.01947813303932378,0.02388827636898199,0.029033443586916573,0.0011025358324145535,0.02682837192208747,0,0,0.019845644983461964,0.024255788313120176,0.01800808526277104,0.019845644983461964,0,0.02940095553105476,0.04336640940830577,0,0.02940095553105476,0.0011025358324145535,0.0011025358324145535,0.022418228592429253,0.0260933480338111,0.0213156927600147,0.02940095553105476,0.02462330025725836,0.03123851525174568,0.02940095553105476,0,0.02352076442484381,0,0.0011025358324145535,0.03123851525174568,0.031606027195883866,0.029033443586916573,0.0011025358324145535,0.030503491363469314,0.023153252480705624,0.030871003307607496,0.023153252480705624,0.029033443586916573,0.023153252480705624,0.023153252480705624,0.03123851525174568,0.020948180815876516,0.023153252480705624,0.023153252480705624",1
"0,0,0,0,0,0,0,0,0,0,-1,1,0,0,0,0,1,0,1,-1,0,0,0,0,0,0,0,0,0,0,-1,0,1,0,0,0,0,0,0,0,0,0,0,0,0,0,0,0,0","0.020186335403726708,0.020186335403726708,0.022903726708074536,0.020186335403726708,0.027562111801242236,0.025232919254658384,0.020186335403726708,0.020186335403726708,0.020186335403726708,0.020186335403726708,0,0,0.020186335403726708,0.020186335403726708,0.036490683229813664,0.025232919254658384,0,0.020186335403726708,0,0,0.02251552795031056,0.020186335403726708,0.020186335403726708,0.020186335403726708,0.020186335403726708,0.038431677018633544,0.022903726708074536,0.020186335403726708,0.020186335403726708,0.020186335403726708,0,0.020186335403726708,0,0.020186335403726708,0.020186335403726708,0.034161490683229816,0.020186335403726708,0.020186335403726708,0.022903726708074536,0.054736024844720496,0.036490683229813664,0.020186335403726708,0.022903726708074536,0.020186335403726708,0.027562111801242236,0.020186335403726708,0.032220496894409936,0.020186335403726708,0.022903726708074536",-1
"0,0,0,0,0,0,0,0,0,0,-1,1,0,0,0,0,1,0,1,-1,0,0,0,0,0,0,0,0,0,0,-1,0,1,0,0,0,0,0,0,-1,0,0,0,0,0,0,0,0,0","0.0015384615384615385,0.032692307692307694,0.026923076923076925,0.032692307692307694,0.0015384615384615385,0.03230769230769231,0.03346153846153846,0.032692307692307694,0.0015384615384615385,0.02346153846153846,0,0,0.03192307692307692,0.026153846153846153,0.03346153846153846,0.024615384615384615,0,0.0015384615384615385,0,0,0.0015384615384615385,0.02653846153846154,0.0015384615384615385,0.0015384615384615385,0.032692307692307694,0.0015384615384615385,0.0015384615384615385,0.031538461538461536,0.0015384615384615385,0.03307692307692308,0,0.027307692307692307,0,0.025384615384615384,0.0015384615384615385,0.021538461538461538,0.02846153846153846,0.03423076923076923,0.25961538461538464,0,0.02923076923076923,0.03192307692307692,0.0015384615384615385,0.0015384615384615385,0.032692307692307694,0.03076923076923077,0.0015384615384615385,0.0015384615384615385,0.0015384615384615385",1
"0,0,0,0,0,0,0,0,0,0,-1,1,0,0,0,0,1,0,1,-1,0,0,0,0,0,0,0,0,0,0,-1,0,1,0,0,0,0,0,1,-1,0,0,0,0,0,0,0,0,0","0.023923444976076555,0.026156299840510367,0.023604465709728868,0.023604465709728868,0.03572567783094099,0.023923444976076555,0.023923444976076555,0.023604465709728868,0.023604465709728868,0.023923444976076555,0,0,0.023923444976076555,0.023923444976076555,0.023923444976076555,0.023604465709728868,0,0.026156299840510367,0,0,0.023923444976076555,0.026156299840510367,0.023604465709728868,0.023604465709728868,0.026156299840510367,0.026156299840510367,0.023923444976076555,0.026156299840510367,0.023923444976076555,0.023923444976076555,0,0.028708133971291867,0,0.023923444976076555,0.023923444976076555,0.023604465709728868,0.023604465709728868,0.023604465709728868,0,0,0.03125996810207336,0.023923444976076555,0.023604465709728868,0.023604465709728868,0.03349282296650718,0.023923444976076555,0.023923444976076555,0.023923444976076555,0.023923444976076555",-1
"0,0,0,0,-1,0,0,0,0,0,-1,1,0,0,0,0,1,0,1,-1,0,0,0,0,0,0,0,0,0,0,-1,0,1,0,0,0,0,0,1,-1,0,0,0,0,0,0,0,0,0","0.001554605518849592,0.023707734162456275,0.03070345899727944,0.03225806451612903,0,0.03381267003497863,0.03109211037699184,0.026039642440730666,0.024485036921881073,0.033035367275553826,0,0,0.03381267003497863,0.03070345899727944,0.001554605518849592,0.02487368830159347,0,0.03264671589584143,0,0,0.03109211037699184,0.027982899339292655,0.02876020209871745,0.03342401865526622,0.02876020209871745,0.027205596579867857,0.031869413136416634,0.028371550719005052,0.023707734162456275,0.025262339681305868,0,0.03225806451612903,0,0.023707734162456275,0.027205596579867857,0.001554605518849592,0.029926156237854645,0.028371550719005052,0,0,0.03148076175670424,0.028371550719005052,0.001554605518849592,0.02876020209871745,0.029926156237854645,0.03109211037699184,0.02681694520015546,0.001554605518849592,0.03070345899727944",1
"0,0,0,0,-1,1,0,0,0,0,-1,1,0,0,0,0,1,0,1,-1,0,0,0,0,0,0,0,0,0,0,-1,0,1,0,0,0,0,0,1,-1,0,0,0,0,0,0,0,0,0","0.023538642604943115,0.023538642604943115,0.023538642604943115,0.023538642604943115,0,0,0.023538642604943115,0.023538642604943115,0.023538642604943115,0.023538642604943115,0,0,0.023538642604943115,0.023538642604943115,0.023538642604943115,0.023538642604943115,0,0.023538642604943115,0,0,0.023538642604943115,0.023538642604943115,0.023538642604943115,0.023538642604943115,0.025107885445272655,0.12475480580619851,0.023538642604943115,0.023538642604943115,0.023538642604943115,0.023538642604943115,0,0.023538642604943115,0,0.023538642604943115,0.023538642604943115,0.023538642604943115,0.023538642604943115,0.023538642604943115,0,0,0.023538642604943115,0.023538642604943115,0.02628481757551981,0.023538642604943115,0.023538642604943115,0.023538642604943115,0.023538642604943115,0.023538642604943115,0.023538642604943115",-1
"0,0,0,0,-1,1,0,0,0,0,-1,1,0,0,0,0,1,0,1,-1,0,0,0,0,0,-1,0,0,0,0,-1,0,1,0,0,0,0,0,1,-1,0,0,0,0,0,0,0,0,0","0.003236245954692557,0.003236245954692557,0.03595828838547285,0.03380079108234448,0,0,0.03595828838547285,0.037396619920891765,0.003236245954692557,0.032362459546925564,0,0,0.003236245954692557,0.03559870550161812,0.03128371089536138,0.037396619920891765,0,0.038475368572455954,0,0,0.042430780294857966,0.03164329377921611,0.042071197411003236,0.003236245954692557,0.06868033081625315,0,0.038475368572455954,0.003236245954692557,0.030564545127651922,0.04566702624955052,0,0.03559870550161812,0,0.003236245954692557,0.003236245954692557,0.003236245954692557,0.037756202804746494,0.03308162531463502,0,0,0.029485796476087737,0.038475368572455954,0.034879539733908664,0.03128371089536138,0.03595828838547285,0.003236245954692557,0.039554117224020136,0.030564545127651922,0.003236245954692557",1
"0,0,0,0,-1,1,0,0,0,0,-1,1,0,0,0,0,1,0,1,-1,0,0,0,0,1,-1,0,0,0,0,-1,0,1,0,0,0,0,0,1,-1,0,0,0,0,0,0,0,0,0","0.0018832391713747645,0.0018832391713747645,0.0018832391713747645,0.0018832391713747645,0,0,0.0018832391713747645,0.0018832391713747645,0.0018832391713747645,0.0018832391713747645,0,0,0.0018832391713747645,0.0018832391713747645,0.0018832391713747645,0.0018832391713747645,0,0.0018832391713747645,0,0,0.0018832391713747645,0.0018832391713747645,0.0018832391713747645,0.0018832391713747645,0,0,0.0018832391713747645,0.0018832391713747645,0.0018832391713747645,0.0018832391713747645,0,0.9340866290018832,0,0.0018832391713747645,0.0018832391713747645,0.0018832391713747645,0.0018832391713747645,0.0018832391713747645,0,0,0.0018832391713747645,0.0018832391713747645,0.0018832391713747645,0.0018832391713747645,0.0018832391713747645,0.0018832391713747645,0.0018832391713747645,0.0018832391713747645,0.0018832391713747645",-1
"0,0,0,0,-1,1,0,0,0,0,-1,1,0,0,0,0,1,0,1,-1,0,0,0,0,1,-1,0,0,0,0,-1,-1,1,0,0,0,0,0,1,-1,0,0,0,0,0,0,0,0,0","0.04428715874620829,0.021435793731041455,0.03417593528816987,0.02487360970677452,0,0,0.023053589484327605,0.021435793731041455,0.03417593528816987,0.021435793731041455,0,0,0.01961577350859454,0.023053589484327605,0.021435793731041455,0.04570273003033367,0,0.03114256825075834,0,0,0.15955510616784632,0.021435793731041455,0.038624873609706775,0.01961577350859454,0,0,0.023053589484327605,0.021435793731041455,0.01961577350859454,0.038624873609706775,0,0,0,0.01961577350859454,0.021435793731041455,0.01961577350859454,0.021435793731041455,0.01961577350859454,0,0,0.01961577350859454,0.01961577350859454,0.01961577350859454,0.021435793731041455,0.01961577350859454,0.028109201213346816,0.01961577350859454,0.021435793731041455,0.021435793731041455",1
"0,0,0,0,-1,1,0,0,0,0,-1,1,0,0,0,0,1,0,1,-1,1,0,0,0,1,-1,0,0,0,0,-1,-1,1,0,0,0,0,0,1,-1,0,0,0,0,0,0,0,0,0","0.001228878648233487,0.001228878648233487,0.001228878648233487,0.023655913978494623,0,0,0.024270353302611368,0.001228878648233487,0.001228878648233487,0.001228878648233487,0,0,0.001228878648233487,0.5339477726574501,0.001228878648233487,0.001228878648233487,0,0.001228878648233487,0,0,0,0.001228878648233487,0.001228878648233487,0.001228878648233487,0,0,0.3453149001536098,0.001228878648233487,0.001228878648233487,0.001228878648233487,0,0,0,0.0141321044546851,0.001228878648233487,0.001228878648233487,0.001228878648233487,0.001228878648233487,0,0,0.001228878648233487,0.001228878648233487,0.001228878648233487,0.001228878648233487,0.024270353302611368,0.001228878648233487,0.001228878648233487,0.001228878648233487,0.001228878648233487",-1
"0,0,0,0,-1,1,0,0,0,0,-1,1,0,-1,0,0,1,0,1,-1,1,0,0,0,1,-1,0,0,0,0,-1,-1,1,0,0,0,0,0,1,-1,0,0,0,0,0,0,0,0,0","0.02996432818073722,0.02996432818073722,0.029726516052318668,0.02996432818073722,0,0,0.029726516052318668,0.02996432818073722,0.02996432818073722,0.02996432818073722,0,0,0.029726516052318668,0,0.029726516052318668,0.02996432818073722,0,0.02996432818073722,0,0,0,0.02996432818073722,0.02996432818073722,0.02996432818073722,0,0,0.02996432818073722,0.029726516052318668,0.029726516052318668,0.039239001189060645,0,0,0,0.02996432818073722,0.029726516052318668,0.034720570749108205,0.02996432818073722,0.029726516052318668,0,0,0.02996432818073722,0.029726516052318668,0.02996432818073722,0.02996432818073722,0.02996432818073722,0.029726516052318668,0.02996432818073722,0.029726516052318668,0.029726516052318668",1
"0,0,0,0,-1,1,0,0,0,0,-1,1,0,-1,0,0,1,0,1,-1,1,0,0,0,1,-1,0,0,0,1,-1,-1,1,0,0,0,0,0,1,-1,0,0,0,0,0,0,0,0,0","0.025826053930877325,0.08355488036460311,0.08355488036460311,0.001139384732244588,0,0,0.02544625902012913,0.025826053930877325,0.025826053930877325,0.025066464109380935,0,0,0.025826053930877325,0,0.0189897455374098,0.025826053930877325,0,0.02544625902012913,0,0,0,0.025826053930877325,0.025826053930877325,0.08355488036460311,0,0,0.025066464109380935,0.02544625902012913,0.02544625902012913,0,0,0,0,0.023927079377136347,0.001139384732244588,0.08355488036460311,0.08355488036460311,0.02544625902012913,0,0,0.02544625902012913,0.001139384732244588,0.001139384732244588,0.025066464109380935,0.025826053930877325,0.025066464109380935,0.023927079377136347,0.02544625902012913,0.025826053930877325",-1
"0,-1,0,0,-1,1,0,0,0,0,-1,1,0,-1,0,0,1,0,1,-1,1,0,0,0,1,-1,0,0,0,1,-1,-1,1,0,0,0,0,0,1,-1,0,0,0,0,0,0,0,0,0","0.011156563778356266,0,0.011156563778356266,0.011156563778356266,0,0,0.011156563778356266,0.011156563778356266,0.011156563778356266,0.011156563778356266,0,0,0.011156563778356266,0,0.011156563778356266,0.011156563778356266,0,0.011156563778356266,0,0,0,0.011528449237634809,0.011156563778356266,0.011156563778356266,0,0,0.011156563778356266,0.011528449237634809,0.011156563778356266,0,0,0,0,0.011156563778356266,0.011156563778356266,0.011156563778356266,0.6634436593529193,0.011528449237634809,0,0,0.011156563778356266,0.011528449237634809,0.011156563778356266,0.011156563778356266,0.011156563778356266,0.011156563778356266,0.011156563778356266,0.011528449237634809,0.011156563778356266",1
"0,-1,0,0,-1,1,0,0,0,0,-1,1,0,-1,0,0,1,0,1,-1,1,0,0,0,1,-1,0,0,0,1,-1,-1,1,0,0,0,1,0,1,-1,0,0,0,0,0,0,0,0,0","0.028208744710860368,0,0.06064880112834979,0.02914903620122238,0,0,0.021626704278326282,0.022802068641278796,0.02703338034790785,0.030324400564174896,0,0,0.02374236013164081,0,0.010578279266572637,0.02914903620122238,0,0.02914903620122238,0,0,0,0.024917724494593323,0.12929007992477667,0.03338034790785143,0,0,0.03220498354489892,0.02609308885754584,0.03432063939821345,0,0,0,0,0.043253408556652564,0.06323460272684532,0.021626704278326282,0,0.01692524682651622,0,0,0.03244005641748942,0.02374236013164081,0.021626704278326282,0.018100611189468735,0.05876821814762576,0.02609308885754584,0.010578279266572637,0.03549600376116596,0.03549600376116596",-1
"0,-1,0,0,-1,1,0,0,0,0,-1,1,0,-1,0,0,1,0,1,-1,1,0,-1,0,1,-1,0,0,0,1,-1,-1,1,0,0,0,1,0,1,-1,0,0,0,0,0,0,0,0,0","0.0013240648791790798,0,0.0013240648791790798,0.013240648791790799,0,0,0.0013240648791790798,0.0013240648791790798,0.0013240648791790798,0.0013240648791790798,0,0,0.0013240648791790798,0,0.015226746110559417,0.0013240648791790798,0,0.0013240648791790798,0,0,0,0.0013240648791790798,0,0.925190334326382,0,0,0.0013240648791790798,0.0013240648791790798,0.0013240648791790798,0,0,0,0,0.0013240648791790798,0.0013240648791790798,0.0013240648791790798,0,0.0013240648791790798,0,0,0.0013240648791790798,0.013240648791790799,0.0013240648791790798,0.0013240648791790798,0.0013240648791790798,0.0013240648791790798,0.0013240648791790798,0.0013240648791790798,0.0013240648791790798",1
"0,-1,0,0,-1,1,0,0,0,0,-1,1,0,-1,0,0,1,0,1,-1,1,0,-1,1,1,-1,0,0,0,1,-1,-1,1,0,0,0,1,0,1,-1,0,0,0,0,0,0,0,0,0","0.03569394342130245,0,0.03569394342130245,0.03569394342130245,0,0,0.03569394342130245,0.03569394342130245,0.03569394342130245,0.03588380482247959,0,0,0.03569394342130245,0,0.03569394342130245,0.03569394342130245,0,0.03569394342130245,0,0,0,0.03569394342130245,0,0,0,0,0.03588380482247959,0.03569394342130245,0.03569394342130245,0,0,0,0,0.03569394342130245,0.03569394342130245,0.03569394342130245,0,0.03569394342130245,0,0,0.03569394342130245,0.03569394342130245,0.03569394342130245,0.03569394342130245,0.03569394342130245,0.03569394342130245,0.03569394342130245,0.03569394342130245,0.03588380482247959",-1
"0,-1,0,0,-1,1,0,0,0,-1,-1,1,0,-1,0,0,1,0,1,-1,1,0,-1,1,1,-1,0,0,0,1,-1,-1,1,0,0,0,1,0,1,-1,0,0,0,0,0,0,0,0,0","0.0371900826446281,0,0.0371900826446281,0.03681442524417731,0,0,0.0371900826446281,0.0371900826446281,0.03681442524417731,0,0,0,0.0371900826446281,0,0.03681442524417731,0.0371900826446281,0,0.03681442524417731,0,0,0,0.0371900826446281,0,0,0,0,0.0371900826446281,0.0371900826446281,0.03681442524417731,0,0,0,0,0.03681442524417731,0.03681442524417731,0.0371900826446281,0,0.0371900826446281,0,0,0.03681442524417731,0.0371900826446281,0.0371900826446281,0.0371900826446281,0.03681442524417731,0.0371900826446281,0.03681442524417731,0.0371900826446281,0.03681442524417731",1
"1,-1,0,0,-1,1,0,0,0,-1,-1,1,0,-1,0,0,1,0,1,-1,1,0,-1,1,1,-1,0,0,0,1,-1,-1,1,0,0,0,1,0,1,-1,0,0,0,0,0,0,0,0,0","0,0,0.0384764865915274,0.0384764865915274,0,0,0.0384764865915274,0.038087835211815003,0.0384764865915274,0,0,0,0.0384764865915274,0,0.0384764865915274,0.0384764865915274,0,0.0384764865915274,0,0,0,0.0384764865915274,0,0,0,0,0.0384764865915274,0.0384764865915274,0.0384764865915274,0,0,0,0,0.0384764865915274,0.0384764865915274,0.0384764865915274,0,0.0384764865915274,0,0,0.0384764865915274,0.0384764865915274,0.0384764865915274,0.0384764865915274,0.0384764865915274,0.0384764865915274,0.0384764865915274,0.0384764865915274,0.0384764865915274",-1
"1,-1,-1,0,-1,1,0,0,0,-1,-1,1,0,-1,0,0,1,0,1,-1,1,0,-1,1,1,-1,0,0,0,1,-1,-1,1,0,0,0,1,0,1,-1,0,0,0,0,0,0,0,0,0","0,0,0,0.040015540015540016,0,0,0.040015540015540016,0.040015540015540016,0.040015540015540016,0,0,0,0.039627039627039624,0,0.040015540015540016,0.040015540015540016,0,0.040015540015540016,0,0,0,0.040015540015540016,0,0,0,0,0.040015540015540016,0.040015540015540016,0.040015540015540016,0,0,0,0,0.040015540015540016,0.040015540015540016,0.040015540015540016,0,0.040015540015540016,0,0,0.040015540015540016,0.040015540015540016,0.040015540015540016,0.040015540015540016,0.040015540015540016,0.040015540015540016,0.040015540015540016,0.040015540015540016,0.040015540015540016",1
"1,-1,-1,1,-1,1,0,0,0,-1,-1,1,0,-1,0,0,1,0,1,-1,1,0,-1,1,1,-1,0,0,0,1,-1,-1,1,0,0,0,1,0,1,-1,0,0,0,0,0,0,0,0,0","0,0,0,0,0,0,0.04148894920511826,0.04187669639395114,0.04187669639395114,0,0,0,0.04148894920511826,0,0.04187669639395114,0.04148894920511826,0,0.04148894920511826,0,0,0,0.04187669639395114,0,0,0,0,0.04187669639395114,0.04148894920511826,0.04187669639395114,0,0,0,0,0.04187669639395114,0.04187669639395114,0.04187669639395114,0,0.04148894920511826,0,0,0.04148894920511826,0.04187669639395114,0.04187669639395114,0.04148894920511826,0.04148894920511826,0.04148894920511826,0.04148894920511826,0.04148894920511826,0.04148894920511826",-1
"1,-1,-1,1,-1,1,0,-1,0,-1,-1,1,0,-1,0,0,1,0,1,-1,1,0,-1,1,1,-1,0,0,0,1,-1,-1,1,0,0,0,1,0,1,-1,0,0,0,0,0,0,0,0,0","0,0,0,0,0,0,0.043713733075435204,0,0.043713733075435204,0,0,0,0.04332688588007737,0,0.043713733075435204,0.04332688588007737,0,0.04332688588007737,0,0,0,0.04332688588007737,0,0,0,0,0.043713733075435204,0.04332688588007737,0.04332688588007737,0,0,0,0,0.04332688588007737,0.043713733075435204,0.043713733075435204,0,0.04332688588007737,0,0,0.043713733075435204,0.04332688588007737,0.04332688588007737,0.04332688588007737,0.04332688588007737,0.04332688588007737,0.043713733075435204,0.043713733075435204,0.04332688588007737",1
"1,-1,-1,1,-1,1,1,-1,0,-1,-1,1,0,-1,0,0,1,0,1,-1,1,0,-1,1,1,-1,0,0,0,1,-1,-1,1,0,0,0,1,0,1,-1,0,0,0,0,0,0,0,0,0","0,0,0,0,0,0,0,0,0.04554226167502894,0,0,0,0.04554226167502894,0,0.04554226167502894,0.04515631030490158,0,0.04515631030490158,0,0,0,0.04554226167502894,0,0,0,0,0.04554226167502894,0.04515631030490158,0.04554226167502894,0,0,0,0,0.04554226167502894,0.04554226167502894,0.04554226167502894,0,0.04554226167502894,0,0,0.04515631030490158,0.04515631030490158,0.04554226167502894,0.04554226167502894,0.04554226167502894,0.04554226167502894,0.04554226167502894,0.04554226167502894,0.04554226167502894",-1
"1,-1,-1,1,-1,1,1,-1,-1,-1,-1,1,0,-1,0,0,1,0,1,-1,1,0,-1,1,1,-1,0,0,0,1,-1,-1,1,0,0,0,1,0,1,-1,0,0,0,0,0,0,0,0,0","0,0,0,0,0,0,0,0,0,0,0,0,0.047362341162880246,0,0.047747400847131305,0.047362341162880246,0,0.047362341162880246,0,0,0,0.047362341162880246,0,0,0,0,0.047362341162880246,0.047747400847131305,0.047747400847131305,0,0,0,0,0.047362341162880246,0.047747400847131305,0.047747400847131305,0,0.047362341162880246,0,0,0.047747400847131305,0.047747400847131305,0.047747400847131305,0.047747400847131305,0.047747400847131305,0.047747400847131305,0.047747400847131305,0.047747400847131305,0.047747400847131305",1
"1,-1,-1,1,-1,1,1,-1,-1,-1,-1,1,0,-1,1,0,1,0,1,-1,1,0,-1,1,1,-1,0,0,0,1,-1,-1,1,0,0,0,1,0,1,-1,0,0,0,0,0,0,0,0,0","0,0,0,0,0,0,0,0,0,0,0,0,0.04992319508448541,0,0,0.04992319508448541,0,0.04992319508448541,0,0,0,0.04992319508448541,0,0,0,0,0.04992319508448541,0.050307219662058374,0.050307219662058374,0,0,0,0,0.04992319508448541,0.04992319508448541,0.04992319508448541,0,0.04992319508448541,0,0,0.04992319508448541,0.04992319508448541,0.04992319508448541,0.04992319508448541,0.04992319508448541,0.050307219662058374,0.04992319508448541,0.050307219662058374,0.04992319508448541",-1
"1,-1,-1,1,-1,1,1,-1,-1,-1,-1,1,0,-1,1,0,1,0,1,-1,1,0,-1,1,1,-1,0,-1,0,1,-1,-1,1,0,0,0,1,0,1,-1,0,0,0,0,0,0,0,0,0","0,0,0,0,0,0,0,0,0,0,0,0,0.05245022970903522,0,0,0.052833078101071976,0,0.05245022970903522,0,0,0,0.052833078101071976,0,0,0,0,0.05245022970903522,0,0.052833078101071976,0,0,0,0,0.05245022970903522,0.052833078101071976,0.05245022970903522,0,0.052833078101071976,0,0,0.052833078101071976,0.052833078101071976,0.052833078101071976,0.05245022970903522,0.05245022970903522,0.05245022970903522,0.052833078101071976,0.05245022970903522,0.05245022970903522",1
"1,-1,-1,1,-1,1,1,-1,-1,-1,-1,1,0,-1,1,1,1,0,1,-1,1,0,-1,1,1,-1,0,-1,0,1,-1,-1,1,0,0,0,1,0,1,-1,0,0,0,0,0,0,0,0,0","0,0,0,0,0,0,0,0,0,0,0,0,0.055725190839694655,0,0,0,0,0.05534351145038168,0,0,0,0.05534351145038168,0,0,0,0,0.055725190839694655,0,0.05534351145038168,0,0,0,0,0.055725190839694655,0.055725190839694655,0.05534351145038168,0,0.055725190839694655,0,0,0.055725190839694655,0.05534351145038168,0.055725190839694655,0.055725190839694655,0.05534351145038168,0.055725190839694655,0.05534351145038168,0.05534351145038168,0.055725190839694655",-1
"1,-1,-1,1,-1,1,1,-1,-1,-1,-1,1,-1,-1,1,1,1,0,1,-1,1,0,-1,1,1,-1,0,-1,0,1,-1,-1,1,0,0,0,1,0,1,-1,0,0,0,0,0,0,0,0,0","0,0,0,0,0,0,0,0,0,0,0,0,0,0,0,0,0,0.058577405857740586,0,0,0,0.058577405857740586,0,0,0,0,0.058577405857740586,0,0.05895777862305059,0,0,0,0,0.058577405857740586,0.05895777862305059,0.05895777862305059,0,0.05895777862305059,0,0,0.058577405857740586,0.05895777862305059,0.05895777862305059,0.05895777862305059,0.05895777862305059,0.05895777862305059,0.058577405857740586,0.05895777862305059,0.05895777862305059",1
"1,-1,-1,1,-1,1,1,-1,-1,-1,-1,1,-1,-1,1,1,1,0,1,-1,1,0,-1,1,1,-1,0,-1,1,1,-1,-1,1,0,0,0,1,0,1,-1,0,0,0,0,0,0,0,0,0","0,0,0,0,0,0,0,0,0,0,0,0,0,0,0,0,0,0.06252368321333839,0,0,0,0.06252368321333839,0,0,0,0,0.06252368321333839,0,0,0,0,0,0,0.06252368321333839,0.06252368321333839,0.06252368321333839,0,0.06252368321333839,0,0,0.06252368321333839,0.06252368321333839,0.06252368321333839,0.06252368321333839,0.06252368321333839,0.06252368321333839,0.062144751799924215,0.06252368321333839,0.06252368321333839",-1
"1,-1,-1,1,-1,1,1,-1,-1,-1,-1,1,-1,-1,1,1,1,-1,1,-1,1,0,-1,1,1,-1,0,-1,1,1,-1,-1,1,0,0,0,1,0,1,-1,0,0,0,0,0,0,0,0,0","0,0,0,0,0,0,0,0,0,0,0,0,0,0,0,0,0,0,0,0,0,0.06641509433962264,0,0,0,0,0.06679245283018868,0,0,0,0,0,0,0.06679245283018868,0.06679245283018868,0.06679245283018868,0,0.06641509433962264,0,0,0.06679245283018868,0.06679245283018868,0.06679245283018868,0.06679245283018868,0.06641509433962264,0.06679245283018868,0.06641509433962264,0.06679245283018868,0.06641509433962264",1
"1,-1,-1,1,-1,1,1,-1,-1,-1,-1,1,-1,-1,1,1,1,-1,1,-1,1,0,-1,1,1,-1,1,-1,1,1,-1,-1,1,0,0,0,1,0,1,-1,0,0,0,0,0,0,0,0,0","0,0,0,0,0,0,0,0,0,0,0,0,0,0,0,0,0,0,0,0,0,0.07134810364250845,0,0,0,0,0,0,0,0,0,0,0,0.07134810364250845,0.07134810364250845,0.07134810364250845,0,0.07172361997746902,0,0,0.07134810364250845,0.07134810364250845,0.07172361997746902,0.07134810364250845,0.07134810364250845,0.07134810364250845,0.07172361997746902,0.07134810364250845,0.07134810364250845",-1
"1,-1,-1,1,-1,1,1,-1,-1,-1,-1,1,-1,-1,1,1,1,-1,1,-1,1,0,-1,1,1,-1,1,-1,1,1,-1,-1,1,0,0,0,1,-1,1,-1,0,0,0,0,0,0,0,0,0","0,0,0,0,0,0,0,0,0,0,0,0,0,0,0,0,0,0,0,0,0,0.0720687079910381,0,0,0,0,0,0,0,0,0,0,0,0.07766990291262135,0.07766990291262135,0.07804331590739358,0,0,0,0,0.07804331590739358,0.07766990291262135,0.07766990291262135,0.07766990291262135,0.07804331590739358,0.0720687079910381,0.07804331590739358,0.07766990291262135,0.07766990291262135",1
"1,-1,-1,1,-1,1,1,-1,-1,-1,-1,1,-1,-1,1,1,1,-1,1,-1,1,0,-1,1,1,-1,1,-1,1,1,-1,-1,1,0,0,1,1,-1,1,-1,0,0,0,0,0,0,0,0,0","0,0,0,0,0,0,0,0,0,0,0,0,0,0,0,0,0,0,0,0,0,0.0585836114200964,0,0,0,0,0,0,0,0,0,0,0,0.0585836114200964,0.0585836114200964,0,0,0,0,0,0.06303299962921764,0.0585836114200964,0.11308861698183166,0.2918057100482017,0.0585836114200964,0.0585836114200964,0.0585836114200964,0.06340378197997776,0.0585836114200964",-1
"1,-1,-1,1,-1,1,1,-1,-1,-1,-1,1,-1,-1,1,1,1,-1,1,-1,1,0,-1,1,1,-1,1,-1,1,1,-1,-1,1,0,0,1,1,-1,1,-1,0,0,0,-1,0,0,0,0,0","0,0,0,0,0,0,0,0,0,0,0,0,0,0,0,0,0,0,0,0,0,0.008852258852258852,0,0,0,0,0,0,0,0,0,0,0,0.008852258852258852,0.008852258852258852,0,0,0,0,0,0.008547008547008548,0.008852258852258852,0.913003663003663,0,0.008852258852258852,0.007936507936507936,0.008852258852258852,0.008547008547008548,0.008852258852258852",1
"0,0,0,0,0,0,0,0,0,0,0,0,0,0,0,0,0,0,0,0,0,0,0,0,0,0,0,0,0,0,0,0,0,0,0,0,0,0,0,0,0,0,0,0,0,0,0,0,0","0.0346797225622195,0.03427172582619339,0.03590371277029784,0.0016319869441044472,0.028559771521827825,0.04079967360261118,0.02733578131374949,0.03019175846593227,0.04039167686658507,0.0277437780497756,0.03631170950632395,0.03182374541003672,0.0016319869441044472,0.0016319869441044472,0.028967768257853937,0.0277437780497756,0.0016319869441044472,0.0016319869441044472,0.0016319869441044472,0.04079967360261118,0.03182374541003672,0.028151774785801713,0.0016319869441044472,0.031007751937984496,0.028967768257853937,0.0016319869441044472,0.03386372909016728,0.0277437780497756,0.0016319869441044472,0.0016319869441044472,0.029783761729906162,0.0416156670746634,0.037943696450428395,0.0016319869441044472,0.02937576499388005,0.0016319869441044472,0.03223174214606283,0.0016319869441044472,0.0016319869441044472,0.0016319869441044472,0.029783761729906162,0.028967768257853937,0.037943696450428395,0.0016319869441044472,0.025703794369645042,0.028559771521827825,0.0016319869441044472,0.0016319869441044472,0.0016319869441044472",-1
"0,0,0,0,0,0,0,0,0,0,0,0,0,0,0,0,0,0,0,0,0,0,0,0,0,0,0,0,0,0,0,-1,0,0,0,0,0,0,0,0,0,0,0,0,0,0,0,0,0","0.008613938919342208,0.008613938919342208,0.008613938919342208,0.07126076742364917,0.00822239624119029,0.00822239624119029,0.00822239624119029,0.00822239624119029,0.06734534064212999,0.00822239624119029,0.008613938919342208,0.00822239624119029,0.00822239624119029,0.00822239624119029,0.008613938919342208,0.008613938919342208,0.008613938919342208,0.00822239624119029,0.07126076742364917,0.008613938919342208,0.00822239624119029,0.008613938919342208,0.00822239624119029,0.008613938919342208,0.008613938919342208,0.008613938919342208,0.008613938919342208,0.008613938919342208,0.008613938919342208,0.08183241973375098,0.008613938919342208,0,0.09240407204385279,0.008613938919342208,0.008613938919342208,0.008613938919342208,0.0779169929522318,0.008613938919342208,0.07243539545810493,0.06812842599843383,0.00822239624119029,0.00822239624119029,0.008613938919342208,0.008613938919342208,0.008613938919342208,0.06734534064212999,0.00822239624119029,0.00822239624119029,0.008613938919342208",1
"0,0,0,0,0,0,0,0,0,0,0,0,0,0,0,0,0,0,0,0,0,0,0,0,0,0,0,0,0,0,0,-1,1,0,0,0,0,0,0,0,0,0,0,0,0,0,0,0,0","0.0029750836742283376,0.0029750836742283376,0.0029750836742283376,0.04722945332837486,0.044998140572703606,0.04537002603198215,0.0029750836742283376,0.0029750836742283376,0.0029750836742283376,0.0029750836742283376,0.0029750836742283376,0.0029750836742283376,0.04425436965414652,0.0029750836742283376,0.04127928597991819,0.049460766084046114,0.04425436965414652,0.050948307921160285,0.0029750836742283376,0.0029750836742283376,0.0029750836742283376,0.04537002603198215,0.046113796950539236,0.046113796950539236,0.0029750836742283376,0.05169207883971737,0.04425436965414652,0.04165117143919673,0.046113796950539236,0.04834510970621049,0.0029750836742283376,0,0,0.0029750836742283376,0.0029750836742283376,0.0029750836742283376,0.0029750836742283376,0.0029750836742283376,0.0029750836742283376,0.0029750836742283376,0.0029750836742283376,0.0029750836742283376,0.0029750836742283376,0.0029750836742283376,0.0029750836742283376,0.04276682781703235,0.04425436965414652,0.04537002603198215,0.049832651543324655",-1
"0,0,0,0,0,0,0,0,0,0,0,0,0,0,0,0,0,0,0,0,0,0,0,0,0,-1,0,0,0,0,0,-1,1,0,0,0,0,0,0,0,0,0,0,0,0,0,0,0,0","0.007327419976860779,0.06594677979174701,0.007327419976860779,0.060933281912842266,0.007327419976860779,0.06787504820671038,0.007327419976860779,0.007327419976860779,0.007327419976860779,0.007327419976860779,0.06401851137678365,0.007327419976860779,0.007327419976860779,0.007327419976860779,0.007327419976860779,0.007327419976860779,0.07250289240262245,0.06671808715773235,0.007327419976860779,0.007327419976860779,0.007327419976860779,0.007327419976860779,0.007327419976860779,0.007327419976860779,0.007327419976860779,0,0.007327419976860779,0.007327419976860779,0.05900501349787891,0.07443116081758581,0.007327419976860779,0,0,0.007327419976860779,0.007327419976860779,0.007327419976860779,0.007327419976860779,0.007327419976860779,0.0802159660624759,0.007327419976860779,0.007327419976860779,0.007327419976860779,0.06209024296182029,0.007327419976860779,0.007327419976860779,0.007327419976860779,0.007327419976860779,0.007327419976860779,0.06980331662167373",1
"0,0,0,0,0,0,0,0,0,0,0,0,0,0,0,0,0,0,0,0,0,0,0,0,0,-1,0,0,0,0,0,-1,1,0,0,0,0,0,1,0,0,0,0,0,0,0,0,0,0","0.034923019151333085,0.029665790461885094,0.0015020653398422831,0.03529853548629366,0.0015020653398422831,0.03417198648141194,0.0015020653398422831,0.03680060082613594,0.0015020653398422831,0.027788208787082238,0.030416823131806235,0.03454750281637251,0.0015020653398422831,0.0015020653398422831,0.0015020653398422831,0.0015020653398422831,0.0015020653398422831,0.0015020653398422831,0.025910627112279386,0.0015020653398422831,0.0015020653398422831,0.0015020653398422831,0.029665790461885094,0.0015020653398422831,0.03529853548629366,0,0.033796470146451374,0.033796470146451374,0.0015020653398422831,0.025159594442358244,0.2016522718738265,0,0,0.0015020653398422831,0.0334209538114908,0.0015020653398422831,0.20127675553886595,0.0015020653398422831,0,0.0015020653398422831,0.0015020653398422831,0.02403304543747653,0.0015020653398422831,0.0015020653398422831,0.031167855801727377,0.02365752910251596,0.0015020653398422831,0.0015020653398422831,0.0015020653398422831",-1
"0,0,0,0,0,0,0,0,0,0,0,0,0,0,0,0,0,0,0,0,0,0,0,0,0,-1,0,0,0,0,-1,-1,1,0,0,0,0,0,1,0,0,0,0,0,0,0,0,0,0","0.021383227530905446,0.021383227530905446,0.024056130972268625,0.021383227530905446,0.021383227530905446,0.021383227530905446,0.021717340461075842,0.021383227530905446,0.021383227530905446,0.021717340461075842,0.021383227530905446,0.021717340461075842,0.021717340461075842,0.021717340461075842,0.024056130972268625,0.021383227530905446,0.021717340461075842,0.021383227530905446,0.021717340461075842,0.021383227530905446,0.024056130972268625,0.021383227530905446,0.021383227530905446,0.021717340461075842,0.021383227530905446,0,0.03942532576010692,0.021383227530905446,0.03508185766789175,0.03508185766789175,0,0,0,0.021383227530905446,0.021383227530905446,0.021717340461075842,0.021717340461075842,0.021383227530905446,0,0.021717340461075842,0.021717340461075842,0.021717340461075842,0.021383227530905446,0.021717340461075842,0.021383227530905446,0.021717340461075842,0.021717340461075842,0.021383227530905446,0.021717340461075842",1
"0,0,0,0,0,0,0,0,0,0,0,0,0,0,0,0,0,0,0,0,0,0,0,0,0,-1,1,0,0,0,-1,-1,1,0,0,0,0,0,1,0,0,0,0,0,0,0,0,0,0","0.02912621359223301,0.03145631067961165,0.0011650485436893205,0.03223300970873787,0.02330097087378641,0.0229126213592233,0.029514563106796118,0.0011650485436893205,0.022135922330097087,0.024854368932038837,0.019805825242718445,0.029902912621359225,0.03300970873786408,0.0011650485436893205,0.028737864077669904,0.03223300970873787,0.029902912621359225,0.0229126213592233,0.02912621359223301,0.03378640776699029,0.03300970873786408,0.022524271844660194,0.0011650485436893205,0.02796116504854369,0.02446601941747573,0,0,0.0341747572815534,0.02912621359223301,0.0011650485436893205,0,0,0,0.02796116504854369,0.029514563106796118,0.033398058252427185,0.03300970873786408,0.0011650485436893205,0,0.022524271844660194,0.023689320388349516,0.03378640776699029,0.02912621359223301,0.029514563106796118,0.022524271844660194,0.029902912621359225,0.029514563106796118,0.0011650485436893205,0.0011650485436893205",-1
"0,0,0,0,0,0,0,0,0,0,0,0,0,0,0,0,0,0,0,0,0,0,0,0,0,-1,1,-1,0,0,-1,-1,1,0,0,0,0,0,1,0,0,0,0,0,0,0,0,0,0","0.02513747054202671,0.020816967792615867,0.018067556952081697,0.020816967792615867,0.018067556952081697,0.018067556952081697,0.025530243519245877,0.018067556952081697,0.018067556952081697,0.018067556952081697,0.018067556952081697,0.018067556952081697,0.02945797329143755,0.022780832678711706,0.018067556952081697,0.018067556952081697,0.018067556952081697,0.02945797329143755,0.04359780047132757,0.06873527101335428,0.037706205813040065,0.018067556952081697,0.018067556952081697,0.10761979575805185,0.020816967792615867,0,0,0,0.018067556952081697,0.018067556952081697,0,0,0,0.018067556952081697,0.018067556952081697,0.018067556952081697,0.018067556952081697,0.020816967792615867,0,0.018067556952081697,0.018067556952081697,0.018067556952081697,0.020816967792615867,0.018067556952081697,0.018067556952081697,0.018067556952081697,0.018067556952081697,0.018067556952081697,0.018067556952081697",1
"0,0,0,0,0,0,0,0,0,0,0,0,0,0,0,0,0,0,0,0,0,0,0,1,0,-1,1,-1,0,0,-1,-1,1,0,0,0,0,0,1,0,0,0,0,0,0,0,0,0,0","0.031833150384193196,0.031467252103915114,0.03000365898280278,0.031467252103915114,0.0014635931211123307,0.029637760702524697,0.03329674350530552,0.026344676180021953,0.03293084522502744,0.030369557263080865,0.02561287961946579,0.031467252103915114,0.03110135382363703,0.03256494694474936,0.031833150384193196,0.0014635931211123307,0.0014635931211123307,0.020490303695572632,0.03256494694474936,0.03329674350530552,0.03293084522502744,0.030735455543358946,0.030369557263080865,0,0.031467252103915114,0,0,0,0.03329674350530552,0.0014635931211123307,0,0,0,0.030369557263080865,0.03219904866447128,0.031467252103915114,0.03110135382363703,0.029637760702524697,0,0.025246981339187707,0.022685693377241127,0.031467252103915114,0.025246981339187707,0.0014635931211123307,0.029637760702524697,0.0014635931211123307,0.0014635931211123307,0.0014635931211123307,0.024149286498353458",-1
"0,0,0,0,0,0,-1,0,0,0,0,0,0,0,0,0,0,0,0,0,0,0,0,1,0,-1,1,-1,0,0,-1,-1,1,0,0,0,0,0,1,0,0,0,0,0,0,0,0,0,0","0.0199921599372795,0.0199921599372795,0.0199921599372795,0.0199921599372795,0.0199921599372795,0.022736181889455115,0,0.0199921599372795,0.0199921599372795,0.022736181889455115,0.0199921599372795,0.022736181889455115,0.0199921599372795,0.022736181889455115,0.0199921599372795,0.0199921599372795,0.0199921599372795,0.0199921599372795,0.0199921599372795,0.1093688749509996,0.0199921599372795,0.0199921599372795,0.022736181889455115,0,0.0199921599372795,0,0,0,0.0199921599372795,0.027440219521756175,0,0,0,0.022736181889455115,0.0199921599372795,0.0199921599372795,0.0199921599372795,0.0199921599372795,0,0.0199921599372795,0.0199921599372795,0.0199921599372795,0.10427283418267345,0.0199921599372795,0.0199921599372795,0.0199921599372795,0.0199921599372795,0.022736181889455115,0.0199921599372795",1
"0,0,0,0,0,0,-1,0,0,0,0,0,0,0,0,0,0,0,0,1,0,0,0,1,0,-1,1,-1,0,0,-1,-1,1,0,0,0,0,0,1,0,0,0,0,0,0,0,0,0,0","0.00291970802919708,0.00291970802919708,0.00291970802919708,0.042335766423357665,0.00291970802919708,0.041970802919708027,0,0.00291970802919708,0.00291970802919708,0.00291970802919708,0.04416058394160584,0.00291970802919708,0.00291970802919708,0.00291970802919708,0.00291970802919708,0.00291970802919708,0.00291970802919708,0.00291970802919708,0.5335766423357664,0,0.00291970802919708,0.00291970802919708,0.04781021897810219,0,0.00291970802919708,0,0,0,0.00291970802919708,0.00291970802919708,0,0,0,0.03722627737226277,0.00291970802919708,0.043795620437956206,0.00291970802919708,0.00291970802919708,0,0.0354014598540146,0.00291970802919708,0.00291970802919708,0.00291970802919708,0.00291970802919708,0.043795620437956206,0.04525547445255475,0.00291970802919708,0.00291970802919708,0.00291970802919708",-1
"0,0,0,0,0,0,-1,0,0,0,0,0,0,0,0,0,0,0,-1,1,0,0,0,1,0,-1,1,-1,0,0,-1,-1,1,0,0,0,0,0,1,0,0,0,0,0,0,0,0,0,0","0.019877675840978593,0.021916411824668705,0.028797145769622834,0.023700305810397553,0.027013251783893986,0.12334352701325178,0,0.018093781855249746,0.0254841997961264,0.021916411824668705,0.018093781855249746,0.023700305810397553,0.10295616717635066,0.019877675840978593,0.018093781855249746,0.021916411824668705,0.018093781855249746,0.019877675840978593,0,0,0.01783893985728848,0.023700305810397553,0.018093781855249746,0,0.030326197757390417,0,0,0,0.0254841997961264,0.021916411824668705,0,0,0,0.019877675840978593,0.0254841997961264,0.019877675840978593,0.0254841997961264,0.019877675840978593,0,0.019877675840978593,0.021916411824668705,0.021916411824668705,0.019877675840978593,0.019877675840978593,0.019877675840978593,0.018093781855249746,0.019877675840978593,0.018093781855249746,0.019877675840978593",1
"0,0,0,0,0,1,-1,0,0,0,0,0,0,0,0,0,0,0,-1,1,0,0,0,1,0,-1,1,-1,0,0,-1,-1,1,0,0,0,0,0,1,0,0,0,0,0,0,0,0,0,0","0.027146250424160162,0.02816423481506617,0.027824906684764165,0.021038344078724125,0.025449609772650154,0,0,0.02680692229385816,0.0013573125212080082,0.0013573125212080082,0.028503562945368172,0.0013573125212080082,0.5286732270105192,0.0013573125212080082,0.0013573125212080082,0.027146250424160162,0.0013573125212080082,0.0013573125212080082,0,0,0.0013573125212080082,0.027485578554462164,0.02816423481506617,0,0.0013573125212080082,0,0,0,0.0013573125212080082,0.0013573125212080082,0,0,0,0.025788937902952155,0.02477095351204615,0.028842891075670174,0.0013573125212080082,0.025788937902952155,0,0.0013573125212080082,0.0013573125212080082,0.025449609772650154,0.0013573125212080082,0.0013573125212080082,0.019341703427214117,0.0013573125212080082,0.0013573125212080082,0.027824906684764165,0.0013573125212080082",-1
"0,0,0,0,0,1,-1,0,0,0,0,0,-1,0,0,0,0,0,-1,1,0,0,0,1,0,-1,1,-1,0,0,-1,-1,1,0,0,0,0,0,1,0,0,0,0,0,0,0,0,0,0","0.027598209845847838,0.029835902536051714,0.027598209845847838,0.027598209845847838,0.027598209845847838,0,0,0.027598209845847838,0.027598209845847838,0.027598209845847838,0.027598209845847838,0.027598209845847838,0,0.027598209845847838,0.027598209845847838,0.027598209845847838,0.027598209845847838,0.027598209845847838,0,0,0.027598209845847838,0.02734957732471407,0.027598209845847838,0,0.027598209845847838,0,0,0,0.027598209845847838,0.03232222774738936,0,0,0,0.027598209845847838,0.02734957732471407,0.027598209845847838,0.027598209845847838,0.027598209845847838,0,0.027598209845847838,0.027598209845847838,0.027598209845847838,0.027598209845847838,0.027598209845847838,0.027598209845847838,0.027598209845847838,0.027598209845847838,0.027598209845847838,0.027598209845847838",1
"0,0,0,0,0,1,-1,0,0,0,0,0,-1,0,0,0,0,0,-1,1,0,0,0,1,0,-1,1,-1,0,1,-1,-1,1,0,0,0,0,0,1,0,0,0,0,0,0,0,0,0,0","0.02813102119460501,0.023506743737957612,0.02466281310211946,0.02697495183044316,0.02003853564547206,0,0,0.0015414258188824663,0.028516377649325627,0.022350674373795763,0.027360308285163778,0.028901734104046242,0,0.018497109826589597,0.028516377649325627,0.028901734104046242,0.028901734104046242,0.029672447013487476,0,0,0.028901734104046242,0.0015414258188824663,0.027745664739884393,0,0.024277456647398842,0,0,0,0.027360308285163778,0,0,0,0,0.028516377649325627,0.024277456647398842,0.027360308285163778,0.16493256262042388,0.02813102119460501,0,0.025433526011560695,0.027745664739884393,0.027745664739884393,0.025048169556840076,0.028901734104046242,0.019267822736030827,0.020809248554913295,0.028901734104046242,0.02697495183044316,0.019653179190751446",-1
"0,0,0,0,0,1,-1,0,0,0,0,0,-1,0,0,0,0,0,-1,1,0,0,0,1,0,-1,1,-1,0,1,-1,-1,1,0,0,0,-1,0,1,0,0,0,0,0,0,0,0,0,0","0.029371112646855563,0.03178991015894955,0.02902557014512785,0.02902557014512785,0.03455425017277125,0,0,0.02902557014512785,0.02902557014512785,0.03178991015894955,0.02626123013130615,0.03939184519695923,0,0.02902557014512785,0.02626123013130615,0.029371112646855563,0.02902557014512785,0.02626123013130615,0,0,0.02626123013130615,0.03178991015894955,0.02626123013130615,0,0.02626123013130615,0,0,0,0.02626123013130615,0,0,0,0,0.02626123013130615,0.03178991015894955,0.036973047684865236,0,0.02626123013130615,0,0.02902557014512785,0.02902557014512785,0.02626123013130615,0.036973047684865236,0.02626123013130615,0.03455425017277125,0.02902557014512785,0.02626123013130615,0.02626123013130615,0.02902557014512785",1
"0,0,0,0,0,1,-1,0,0,0,0,1,-1,0,0,0,0,0,-1,1,0,0,0,1,0,-1,1,-1,0,1,-1,-1,1,0,0,0,-1,0,1,0,0,0,0,0,0,0,0,0,0","0.027121270825261525,0.08756296009298721,0.027121270825261525,0.001162340178225494,0.08756296009298721,0,0,0.027121270825261525,0.02673382409918636,0.001162340178225494,0.027121270825261525,0,0,0.001162340178225494,0.027121270825261525,0.02673382409918636,0.02673382409918636,0.02750871755133669,0,0,0.027121270825261525,0.02673382409918636,0.0263463773731112,0,0.0263463773731112,0,0,0,0.02673382409918636,0,0,0,0,0.02673382409918636,0.001162340178225494,0.08756296009298721,0,0.0263463773731112,0,0.02557148392096087,0.02673382409918636,0.001162340178225494,0.08756296009298721,0.027121270825261525,0.027121270825261525,0.02673382409918636,0.02673382409918636,0.027121270825261525,0.027121270825261525",-1
"0,-1,0,0,0,1,-1,0,0,0,0,1,-1,0,0,0,0,0,-1,1,0,0,0,1,0,-1,1,-1,0,1,-1,-1,1,0,0,0,-1,0,1,0,0,0,0,0,0,0,0,0,0","0.018188567186340016,0,0.024870081662954714,0.031180400890868598,0.03303637713437268,0,0,0.031180400890868598,0.028953229398663696,0.028953229398663696,0.018188567186340016,0,0,0.03711952487008166,0.028953229398663696,0.018188567186340016,0.024870081662954714,0.05159613956941351,0,0,0.022642910170749816,0.04083147735708983,0.03711952487008166,0,0.034892353377876766,0,0,0,0.020415738678544914,0,0,0,0,0.036748329621380846,0.020415738678544914,0.11878247958426132,0,0.018188567186340016,0,0.04083147735708983,0.020415738678544914,0.020415738678544914,0.03711952487008166,0.04083147735708983,0.020415738678544914,0.027097253155159613,0.020415738678544914,0.018188567186340016,0.028953229398663696",1
"0,-1,0,0,0,1,-1,0,0,0,0,1,-1,0,0,0,0,0,-1,1,0,0,0,1,0,-1,1,-1,0,1,-1,-1,1,0,0,1,-1,0,1,0,0,0,0,0,0,0,0,0,0","0.0014342058085335247,0,0.0014342058085335247,0.0014342058085335247,0.0014342058085335247,0,0,0.02187163858013625,0.0014342058085335247,0.0014342058085335247,0.0014342058085335247,0,0,0.0014342058085335247,0.0014342058085335247,0.0014342058085335247,0.0014342058085335247,0.37755467909645035,0,0,0.0014342058085335247,0.0014342058085335247,0.0014342058085335247,0,0.0014342058085335247,0,0,0,0.0014342058085335247,0,0,0,0,0.017210469702402295,0.0014342058085335247,0,0,0.0014342058085335247,0,0.0014342058085335247,0.0014342058085335247,0.0014342058085335247,0.5134456794550017,0.01577626389386877,0.0014342058085335247,0.0014342058085335247,0.0014342058085335247,0.0014342058085335247,0.01828612405880244",-1
"0,0,0,0,0,0,0,0,0,0,0,0,0,0,0,0,0,0,0,0,0,0,0,0,0,0,0,0,0,0,0,0,0,0,0,0,0,0,0,0,0,0,0,0,0,0,0,0,0","0.0024479804161566705,0.042839657282741736,0.04202366381068951,0.044063647490820076,0.0024479804161566705,0.0024479804161566705,0.04039167686658507,0.0024479804161566705,0.044063647490820076,0.0024479804161566705,0.0024479804161566705,0.0024479804161566705,0.0024479804161566705,0.039575683394532844,0.042839657282741736,0.0024479804161566705,0.0024479804161566705,0.0024479804161566705,0.0024479804161566705,0.0024479804161566705,0.0024479804161566705,0.0024479804161566705,0.0024479804161566705,0.0024479804161566705,0.0024479804161566705,0.0024479804161566705,0.04732762137902897,0.04324765401876785,0.0024479804161566705,0.0024479804161566705,0.04773561811505508,0.042839657282741736,0.05222358221134231,0.0024479804161566705,0.041207670338637294,0.037943696450428395,0.037943696450428395,0.0024479804161566705,0.05467156262749898,0.03427172582619339,0.0024479804161566705,0.0024479804161566705,0.04039167686658507,0.04039167686658507,0.0024479804161566705,0.04202366381068951,0.03875968992248062,0.03712770297837617,0.0024479804161566705",1
"0,0,0,0,0,0,0,0,0,0,0,0,0,0,0,0,0,0,0,0,0,0,0,0,0,0,0,0,0,0,0,0,0,0,0,0,0,0,1,0,0,0,0,0,0,0,0,0,0","0.013534416086620264,0.013534416086620264,0.013534416086620264,0.013534416086620264,0.013534416086620264,0.013147718484145398,0.013534416086620264,0.013534416086620264,0.013534416086620264,0.013147718484145398,0.18213457076566125,0.013147718484145398,0.013534416086620264,0.013147718484145398,0.013534416086620264,0.013147718484145398,0.013534416086620264,0.013534416086620264,0.013534416086620264,0.013534416086620264,0.013534416086620264,0.013534416086620264,0.013534416086620264,0.013534416086620264,0.013147718484145398,0.013147718484145398,0.013147718484145398,0.013534416086620264,0.013534416086620264,0.013147718484145398,0.013534416086620264,0.11755607115235886,0.013147718484145398,0.013534416086620264,0.013534416086620264,0.013534416086620264,0.013534416086620264,0.013534416086620264,0,0.013147718484145398,0.013534416086620264,0.013147718484145398,0.013147718484145398,0.013147718484145398,0.09744779582366589,0.013534416086620264,0.013147718484145398,0.013534416086620264,0.013147718484145398",-1
"0,0,0,0,0,0,0,0,0,0,-1,0,0,0,0,0,0,0,0,0,0,0,0,0,0,0,0,0,0,0,0,0,0,0,0,0,0,0,1,0,0,0,0,0,0,0,0,0,0","0.003761969904240766,0.051641586867305064,0.003761969904240766,0.003761969904240766,0.003761969904240766,0.003761969904240766,0.003761969904240766,0.003761969904240766,0.003761969904240766,0.003761969904240766,0,0.34644322845417236,0.08960328317373462,0.003761969904240766,0.04958960328317374,0.003761969904240766,0.06121751025991792,0.003761969904240766,0.003761969904240766,0.003761969904240766,0.003761969904240766,0.051641586867305064,0.003761969904240766,0.049247606019151846,0.003761969904240766,0.003761969904240766,0.05437756497948017,0.003761969904240766,0.003761969904240766,0.0560875512995896,0.003761969904240766,0.003761969904240766,0.05095759233926129,0.003761969904240766,0.003761969904240766,0.003761969904240766,0.003761969904240766,0.003761969904240766,0,0.003761969904240766,0.003761969904240766,0.003761969904240766,0.003761969904240766,0.003761969904240766,0.003761969904240766,0.003761969904240766,0.003761969904240766,0.003761969904240766,0.003761969904240766",1
"0,0,0,0,0,0,0,0,0,0,-1,1,0,0,0,0,0,0,0,0,0,0,0,0,0,0,0,0,0,0,0,0,0,0,0,0,0,0,1,0,0,0,0,0,0,0,0,0,0","0.01471012402653591,0.01471012402653591,0.01471012402653591,0.01471012402653591,0.09835592731468128,0.01471012402653591,0.01471012402653591,0.01471012402653591,0.01990193250648976,0.01471012402653591,0,0,0.016440726853187194,0.01471012402653591,0.01471012402653591,0.01471012402653591,0.01471012402653591,0.021632535333141044,0.01471012402653591,0.01471012402653591,0.01471012402653591,0.01471012402653591,0.024805307182001732,0.016440726853187194,0.0922988174214018,0.01471012402653591,0.016440726853187194,0.01471012402653591,0.016440726853187194,0.016440726853187194,0.01471012402653591,0.05191808479953851,0.01471012402653591,0.021632535333141044,0.01471012402653591,0.01471012402653591,0.024805307182001732,0.016440726853187194,0,0.01442169022209403,0.01990193250648976,0.01471012402653591,0.01471012402653591,0.01471012402653591,0.08508797231035477,0.01471012402653591,0.01471012402653591,0.01471012402653591,0.01471012402653591",-1
"0,0,0,0,-1,0,0,0,0,0,-1,1,0,0,0,0,0,0,0,0,0,0,0,0,0,0,0,0,0,0,0,0,0,0,0,0,0,0,1,0,0,0,0,0,0,0,0,0,0","0.03755364806866953,0.03862660944206009,0.034334763948497854,0.00178826895565093,0,0.0407725321888412,0.00178826895565093,0.03683834048640915,0.00178826895565093,0.03755364806866953,0,0,0.04184549356223176,0.00178826895565093,0.029685264663805437,0.032904148783977114,0.04113018597997139,0.033977110157367665,0.034334763948497854,0.04184549356223176,0.00178826895565093,0.03755364806866953,0.02861230329041488,0.030400572246065807,0.030400572246065807,0.02682403433476395,0.00178826895565093,0.03755364806866953,0.00178826895565093,0.03683834048640915,0.0357653791130186,0.032904148783977114,0.02861230329041488,0.00178826895565093,0.032188841201716736,0.02861230329041488,0.00178826895565093,0.033619456366237484,0,0.00178826895565093,0.00178826895565093,0.00178826895565093,0.00178826895565093,0.0357653791130186,0.00178826895565093,0.00178826895565093,0.032546494992846925,0.00178826895565093,0.00178826895565093",1
"0,0,0,0,-1,0,0,0,0,0,-1,1,1,0,0,0,0,0,0,0,0,0,0,0,0,0,0,0,0,0,0,0,0,0,0,0,0,0,1,0,0,0,0,0,0,0,0,0,0","0.01671200932763311,0.017100660707345512,0.017100660707345512,0.10066070734551108,0,0.017100660707345512,0.18694131364166341,0.017100660707345512,0.01671200932763311,0.01671200932763311,0,0,0,0.01671200932763311,0.01671200932763311,0.01671200932763311,0.01671200932763311,0.01671200932763311,0.017100660707345512,0.01671200932763311,0.017100660707345512,0.01671200932763311,0.017100660707345512,0.017100660707345512,0.017100660707345512,0.017100660707345512,0.01671200932763311,0.017100660707345512,0.017100660707345512,0.01671200932763311,0.017100660707345512,0.01671200932763311,0.017100660707345512,0.017100660707345512,0.01671200932763311,0.017100660707345512,0.01671200932763311,0.0194325689856199,0,0.017100660707345512,0.01671200932763311,0.017100660707345512,0.01671200932763311,0.01671200932763311,0.01671200932763311,0.017100660707345512,0.017100660707345512,0.01671200932763311,0.01671200932763311",-1
"0,0,0,0,-1,0,-1,0,0,0,-1,1,1,0,0,0,0,0,0,0,0,0,0,0,0,0,0,0,0,0,0,0,0,0,0,0,0,0,1,0,0,0,0,0,0,0,0,0,0","0.0381211708645337,0.039482641252552755,0.002722940776038121,0.03267528931245745,0,0.5190605854322669,0,0.03301565690946222,0.002722940776038121,0.002722940776038121,0,0,0,0.002722940776038121,0.002722940776038121,0.04322668481960518,0.04697072838665759,0.002722940776038121,0.002722940776038121,0.002722940776038121,0.002722940776038121,0.002722940776038121,0.002722940776038121,0.002722940776038121,0.002722940776038121,0.002722940776038121,0.002722940776038121,0.03369639210347175,0.03267528931245745,0.002722940776038121,0.002722940776038121,0.002722940776038121,0.002722940776038121,0.002722940776038121,0.03369639210347175,0.002722940776038121,0.002722940776038121,0.002722940776038121,0,0.002722940776038121,0.002722940776038121,0.002722940776038121,0.002722940776038121,0.030973451327433628,0.002722940776038121,0.031994554118447927,0.002722940776038121,0.002722940776038121,0.002722940776038121",1
"0,0,0,0,-1,1,-1,0,0,0,-1,1,1,0,0,0,0,0,0,0,0,0,0,0,0,0,0,0,0,0,0,0,0,0,0,0,0,0,1,0,0,0,0,0,0,0,0,0,0","0.020336429826763747,0.0803414511674617,0.021842832036153653,0.015315089128797388,0,0,0,0.02786844087371328,0.020336429826763747,0.017072558373085613,0,0,0,0.017072558373085613,0.015315089128797388,0.015315089128797388,0.015315089128797388,0.030881245292493097,0.015315089128797388,0.026613105699221692,0.017072558373085613,0.015315089128797388,0.015315089128797388,0.015315089128797388,0.026613105699221692,0.025106703489831784,0.02937484308310319,0.017072558373085613,0.032387647501883006,0.020336429826763747,0.025106703489831784,0.04443886517700226,0.030881245292493097,0.01883002761737384,0.07557117750439367,0.020336429826763747,0.025106703489831784,0.01883002761737384,0,0.01883002761737384,0.020336429826763747,0.01883002761737384,0.02786844087371328,0.017072558373085613,0.01883002761737384,0.015315089128797388,0.020336429826763747,0.015315089128797388,0.015315089128797388",-1
"0,-1,0,0,-1,1,-1,0,0,0,-1,1,1,0,0,0,0,0,0,0,0,0,0,0,0,0,0,0,0,0,0,0,0,0,0,0,0,0,1,0,0,0,0,0,0,0,0,0,0","0.02087081684059014,0,0.0010795250089960418,0.06729039222741993,0,0,0,0.0010795250089960418,0.02734796689456639,0.019791291831594098,0,0,0,0.0010795250089960418,0.029147175242893127,0.029147175242893127,0.025548758546239655,0.0010795250089960418,0.029147175242893127,0.06693055055775458,0.029147175242893127,0.021230658510255487,0.0010795250089960418,0.026988125224901044,0.021590500179920834,0.0010795250089960418,0.030226700251889168,0.029507016912558474,0.029507016912558474,0.02986685858222382,0.030586541921554515,0.030586541921554515,0.06729039222741993,0.0010795250089960418,0.0010795250089960418,0.026628283555235697,0.028067650233897085,0.020510975170924792,0,0.020151133501259445,0.021230658510255487,0.029147175242893127,0.020510975170924792,0.02482907520690896,0.02087081684059014,0.029147175242893127,0.029507016912558474,0.02986685858222382,0.029147175242893127",1
"0,-1,0,1,-1,1,-1,0,0,0,-1,1,1,0,0,0,0,0,0,0,0,0,0,0,0,0,0,0,0,0,0,0,0,0,0,0,0,0,1,0,0,0,0,0,0,0,0,0,0","0.0230449565545901,0,0.02040045334340763,0,0,0,0,0.027956176803928975,0.0230449565545901,0.02040045334340763,0,0,0,0.02040045334340763,0.02040045334340763,0.02568945976577257,0.02040045334340763,0.03475632791839819,0.0230449565545901,0.0230449565545901,0.027956176803928975,0.02040045334340763,0.02040045334340763,0.02568945976577257,0.032489610880241784,0.02040045334340763,0.0230449565545901,0.0230449565545901,0.0230449565545901,0.02040045334340763,0.02040045334340763,0.07215715904797884,0.027956176803928975,0.02040045334340763,0.02568945976577257,0.0230449565545901,0.02568945976577257,0.0230449565545901,0,0.0230449565545901,0.02040045334340763,0.0230449565545901,0.02040045334340763,0.043067623724971665,0.02040045334340763,0.027956176803928975,0.02040045334340763,0.02040045334340763,0.0230449565545901",-1
"0,-1,0,1,-1,1,-1,0,0,0,-1,1,1,0,0,0,0,0,0,0,0,0,0,0,0,0,0,0,0,0,0,-1,0,0,0,0,0,0,1,0,0,0,0,0,0,0,0,0,0","0.003770739064856712,0,0.003770739064856712,0,0,0,0,0.003770739064856712,0.053167420814479636,0.05467571644042232,0,0,0,0.07767722473604827,0.003770739064856712,0.003770739064856712,0.003770739064856712,0.003770739064856712,0.003770739064856712,0.003770739064856712,0.003770739064856712,0.003770739064856712,0.07918552036199095,0.003770739064856712,0.003770739064856712,0.07918552036199095,0.003770739064856712,0.05392156862745098,0.003770739064856712,0.05392156862745098,0.05467571644042232,0,0.07767722473604827,0.07767722473604827,0.003770739064856712,0.003770739064856712,0.003770739064856712,0.003770739064856712,0,0.07918552036199095,0.003770739064856712,0.003770739064856712,0.05542986425339366,0.003770739064856712,0.05467571644042232,0.003770739064856712,0.05467571644042232,0.003770739064856712,0.003770739064856712",1
"0,-1,0,1,-1,1,-1,0,0,0,-1,1,1,0,0,0,0,0,0,0,0,0,1,0,0,0,0,0,0,0,0,-1,0,0,0,0,0,0,1,0,0,0,0,0,0,0,0,0,0","0.013847305389221557,0,0.013847305389221557,0,0,0,0,0.013847305389221557,0.013847305389221557,0.04940119760479042,0,0,0,0.013847305389221557,0.014221556886227544,0.013847305389221557,0.013847305389221557,0.013847305389221557,0.013847305389221557,0.013847305389221557,0.013847305389221557,0.013847305389221557,0,0.013847305389221557,0.013847305389221557,0.09955089820359281,0.09955089820359281,0.013847305389221557,0.0344311377245509,0.013847305389221557,0.013847305389221557,0,0.013847305389221557,0.05239520958083832,0.013847305389221557,0.013847305389221557,0.013847305389221557,0.013847305389221557,0,0.08008982035928144,0.013847305389221557,0.013847305389221557,0.15456586826347304,0.014221556886227544,0.013847305389221557,0.013847305389221557,0.013847305389221557,0.013847305389221557,0.013847305389221557",-1
"0,-1,0,1,-1,1,-1,0,0,0,-1,1,1,0,0,0,0,0,0,0,0,0,1,0,0,0,0,0,0,0,0,-1,0,0,0,0,0,0,1,0,0,0,-1,0,0,0,0,0,0","0.0024339360222531293,0,0.0024339360222531293,0,0,0,0,0.0024339360222531293,0.03894297635605007,0.03824756606397774,0,0,0,0.0024339360222531293,0.0024339360222531293,0.0024339360222531293,0.0024339360222531293,0.0024339360222531293,0.0024339360222531293,0.0024339360222531293,0.0024339360222531293,0.0024339360222531293,0,0.03616133518776078,0.0024339360222531293,0.0024339360222531293,0.0024339360222531293,0.0024339360222531293,0.0024339360222531293,0.04102920723226704,0.04207232267037552,0,0.6547287899860917,0.04102920723226704,0.0024339360222531293,0.0024339360222531293,0.0024339360222531293,0.0024339360222531293,0,0.0024339360222531293,0.0024339360222531293,0.0024339360222531293,0,0.037204450625869266,0.0024339360222531293,0.0024339360222531293,0.0024339360222531293,0.0024339360222531293,0.0024339360222531293",1
"0,-1,0,1,-1,1,-1,0,0,0,-1,1,1,0,0,0,0,0,0,0,0,0,1,0,0,0,0,0,0,0,0,-1,1,0,0,0,0,0,1,0,0,0,-1,0,0,0,0,0,0","0.023234414538762366,0,0.023004370830457786,0,0,0,0,0.023004370830457786,0.021164021164021163,0.023004370830457786,0,0,0,0.07821486082355647,0.021164021164021163,0.023004370830457786,0.02507476420519899,0.030595813204508857,0.023004370830457786,0.02507476420519899,0.026915113871635612,0.021164021164021163,0,0.021164021164021163,0.026915113871635612,0.1258339084426041,0.026915113871635612,0.021164021164021163,0.028755463538072235,0.023004370830457786,0.023004370830457786,0,0,0.023004370830457786,0.02507476420519899,0.021164021164021163,0.02507476420519899,0.021164021164021163,0,0.026915113871635612,0.021164021164021163,0.021164021164021163,0,0.021164021164021163,0.021164021164021163,0.021164021164021163,0.021164021164021163,0.021164021164021163,0.02507476420519899",-1
"0,-1,0,1,-1,1,-1,0,0,0,-1,1,1,0,0,0,0,0,0,0,0,0,1,0,0,-1,0,0,0,0,0,-1,1,0,0,0,0,0,1,0,0,0,-1,0,0,0,0,0,0","0.023240371845949535,0,0.0016600265604249668,0,0,0,0,0.0016600265604249668,0.018260292164674636,0.018260292164674636,0,0,0,0.021248339973439574,0.0016600265604249668,0.0016600265604249668,0.0016600265604249668,0.0016600265604249668,0.024236387782204515,0.5803452855245684,0.029880478087649404,0.0016600265604249668,0,0.028552456839309428,0.030212483399734397,0,0.0016600265604249668,0.0016600265604249668,0.0016600265604249668,0.030212483399734397,0.027888446215139442,0,0,0.0016600265604249668,0.0016600265604249668,0.0016600265604249668,0.02556440903054449,0.0016600265604249668,0,0.0199203187250996,0.025232403718459494,0.02257636122177955,0,0.0016600265604249668,0.022244355909694556,0.0016600265604249668,0.022244355909694556,0.0016600265604249668,0.0016600265604249668",1
"0,-1,0,1,-1,1,-1,0,0,0,-1,1,1,0,0,0,0,0,0,1,0,0,1,0,0,-1,0,0,0,0,0,-1,1,0,0,0,0,0,1,0,0,0,-1,0,0,0,0,0,0","0.024679639297579496,0,0.024679639297579496,0,0,0,0,0.026815377313716183,0.024679639297579496,0.024679639297579496,0,0,0,0.024679639297579496,0.024679639297579496,0.026815377313716183,0.026815377313716183,0.026815377313716183,0.024679639297579496,0,0.02895111532985287,0.026815377313716183,0,0.02444233507356431,0.024679639297579496,0,0.12861888941623162,0.026815377313716183,0.026815377313716183,0.024679639297579496,0.03512102515424775,0,0,0.024679639297579496,0.03512102515424775,0.02895111532985287,0.02895111532985287,0.026815377313716183,0,0.024679639297579496,0.02895111532985287,0.024679639297579496,0,0.024679639297579496,0.026815377313716183,0.024679639297579496,0.024679639297579496,0.024679639297579496,0.024679639297579496",-1
"0,-1,0,1,-1,1,-1,0,0,0,-1,1,1,0,0,0,0,0,0,1,0,0,1,0,0,-1,-1,0,0,0,0,-1,1,0,0,0,0,0,1,0,0,0,-1,0,0,0,0,0,0","0.006646726487205052,0,0.006646726487205052,0,0,0,0,0.04519774011299435,0.006646726487205052,0.044200731139913595,0,0,0,0.006646726487205052,0.049518112329677635,0.006646726487205052,0.006646726487205052,0.049518112329677635,0.006646726487205052,0,0.03988035892323031,0.006646726487205052,0,0.08773678963110668,0.05915586573612496,0,0,0.006646726487205052,0.006646726487205052,0.006646726487205052,0.0511797939514789,0,0,0.006646726487205052,0.04852110335659687,0.006646726487205052,0.044200731139913595,0.006646726487205052,0,0.045862412761714856,0.049518112329677635,0.006646726487205052,0,0.047856430707876374,0.05018278497839814,0.05217680292455965,0.04519774011299435,0.042539049518112326,0.047856430707876374",1
"0,-1,0,1,-1,1,-1,0,0,0,-1,1,1,0,0,0,0,0,0,1,0,0,1,1,0,-1,-1,0,0,0,0,-1,1,0,0,0,0,0,1,0,0,0,-1,0,0,0,0,0,0","0.0014641288433382138,0,0.0014641288433382138,0,0,0,0,0.02232796486090776,0.0014641288433382138,0.0014641288433382138,0,0,0,0.0014641288433382138,0.0014641288433382138,0.0014641288433382138,0.0014641288433382138,0.0014641288433382138,0.0014641288433382138,0,0.0014641288433382138,0.0014641288433382138,0,0,0.0014641288433382138,0,0,0.0014641288433382138,0.0014641288433382138,0.0014641288433382138,0.866398243045388,0,0,0.0014641288433382138,0.0014641288433382138,0.0014641288433382138,0.027818448023426062,0.0014641288433382138,0,0.016105417276720352,0.0014641288433382138,0.0014641288433382138,0,0.027818448023426062,0.0014641288433382138,0.0014641288433382138,0.0014641288433382138,0.0014641288433382138,0.0014641288433382138",-1
"0,-1,0,1,-1,1,-1,0,0,0,-1,1,1,0,0,0,0,0,0,1,0,0,1,1,0,-1,-1,0,0,0,-1,-1,1,0,0,0,0,0,1,0,0,0,-1,0,0,0,0,0,0","0.03163771712158809,0,0.03163771712158809,0,0,0,0,0.03163771712158809,0.03163771712158809,0.03163771712158809,0,0,0,0.03163771712158809,0.03163771712158809,0.03163771712158809,0.03163771712158809,0.03163771712158809,0.03163771712158809,0,0.03163771712158809,0.03143093465674111,0,0,0.03163771712158809,0,0,0.03163771712158809,0.03391232423490488,0.04880066170388751,0,0,0,0.03163771712158809,0.03163771712158809,0.03163771712158809,0.03163771712158809,0.03163771712158809,0,0.03163771712158809,0.03163771712158809,0.03163771712158809,0,0.03163771712158809,0.03163771712158809,0.03163771712158809,0.03163771712158809,0.03163771712158809,0.03163771712158809",1
"0,-1,0,1,-1,1,-1,0,0,0,-1,1,1,0,0,0,0,0,0,1,0,0,1,1,0,-1,-1,0,0,1,-1,-1,1,0,0,0,0,0,1,0,0,0,-1,0,0,0,0,0,0","0.021433850702143386,0,0.021433850702143386,0,0,0,0,0.02475979305247598,0.023651145602365115,0.0014781966001478197,0,0,0,0.0014781966001478197,0.0014781966001478197,0.02180339985218034,0.02180339985218034,0.022912047302291204,0.0014781966001478197,0,0.016999260901699925,0.020694752402069475,0,0,0.01958610495195861,0,0,0.0014781966001478197,0.01736881005173688,0,0,0,0,0.023651145602365115,0.0014781966001478197,0.02032520325203252,0.27753141167775314,0.022912047302291204,0,0.02106430155210643,0.02328159645232816,0.0014781966001478197,0,0.27753141167775314,0.01736881005173688,0.0014781966001478197,0.023651145602365115,0.024390243902439025,0.02402069475240207",-1
"0,-1,0,1,-1,1,-1,0,0,0,-1,1,1,0,0,0,0,0,0,1,0,0,1,1,0,-1,-1,0,0,1,-1,-1,1,0,0,0,-1,0,1,0,0,0,-1,0,0,0,0,0,0","0.03445065176908752,0,0.03445065176908752,0,0,0,0,0.03445065176908752,0.03445065176908752,0.03445065176908752,0,0,0,0.03445065176908752,0.03445065176908752,0.03445065176908752,0.03445065176908752,0.03445065176908752,0.03445065176908752,0,0.03445065176908752,0.03445065176908752,0,0,0.03476101800124146,0,0,0.03476101800124146,0.03476101800124146,0,0,0,0,0.03445065176908752,0.03445065176908752,0.03445065176908752,0,0.03445065176908752,0,0.03445065176908752,0.03445065176908752,0.03445065176908752,0,0.03445065176908752,0.03445065176908752,0.03445065176908752,0.03445065176908752,0.03445065176908752,0.03445065176908752",1
"0,-1,0,1,-1,1,-1,0,0,0,-1,1,1,0,0,0,0,0,0,1,0,0,1,1,1,-1,-1,0,0,1,-1,-1,1,0,0,0,-1,0,1,0,0,0,-1,0,0,0,0,0,0","0.03560371517027864,0,0.03560371517027864,0,0,0,0,0.03560371517027864,0.03560371517027864,0.035990712074303405,0,0,0,0.03560371517027864,0.035990712074303405,0.03560371517027864,0.035990712074303405,0.035990712074303405,0.035990712074303405,0,0.03560371517027864,0.03560371517027864,0,0,0,0,0,0.03560371517027864,0.03560371517027864,0,0,0,0,0.03560371517027864,0.03560371517027864,0.03560371517027864,0,0.03560371517027864,0,0.03560371517027864,0.03560371517027864,0.035990712074303405,0,0.03560371517027864,0.03560371517027864,0.03560371517027864,0.035990712074303405,0.035990712074303405,0.03560371517027864",-1
"0,-1,0,1,-1,1,-1,0,0,-1,-1,1,1,0,0,0,0,0,0,1,0,0,1,1,1,-1,-1,0,0,1,-1,-1,1,0,0,0,-1,0,1,0,0,0,-1,0,0,0,0,0,0","0.036632891660171474,0,0.03702260327357755,0,0,0,0,0.03702260327357755,0.03702260327357755,0,0,0,0,0.03702260327357755,0.03702260327357755,0.03702260327357755,0.03702260327357755,0.036632891660171474,0.03702260327357755,0,0.04053000779423227,0.036632891660171474,0,0,0,0,0,0.03702260327357755,0.036632891660171474,0,0,0,0,0.03702260327357755,0.03702260327357755,0.03702260327357755,0,0.03702260327357755,0,0.036632891660171474,0.036632891660171474,0.03702260327357755,0,0.03702260327357755,0.03702260327357755,0.03702260327357755,0.03702260327357755,0.036632891660171474,0.036632891660171474",1
"0,-1,0,1,-1,1,-1,0,0,-1,-1,1,1,0,0,0,0,0,0,1,1,0,1,1,1,-1,-1,0,0,1,-1,-1,1,0,0,0,-1,0,1,0,0,0,-1,0,0,0,0,0,0","0.03995345228859581,0,0.03995345228859581,0,0,0,0,0.03995345228859581,0.03995345228859581,0,0,0,0,0.03995345228859581,0.03995345228859581,0.03995345228859581,0.03995345228859581,0.03995345228859581,0.03995345228859581,0,0,0.03995345228859581,0,0,0,0,0,0.03995345228859581,0.03995345228859581,0,0,0,0,0.03995345228859581,0.03995345228859581,0.03995345228859581,0,0.03995345228859581,0,0.0011636927851047323,0.03995345228859581,0.03995345228859581,0,0.03995345228859581,0.03995345228859581,0.03995345228859581,0.03995345228859581,0.03995345228859581,0.03995345228859581",-1
"-1,-1,0,1,-1,1,-1,0,0,-1,-1,1,1,0,0,0,0,0,0,1,1,0,1,1,1,-1,-1,0,0,1,-1,-1,1,0,0,0,-1,0,1,0,0,0,-1,0,0,0,0,0,0","0,0,0.023661753297129558,0,0,0,0,0.021334367726920093,0.021334367726920093,0,0,0,0,0.02094647013188518,0.021334367726920093,0.021334367726920093,0.021334367726920093,0.023661753297129558,0.023661753297129558,0,0,0.021334367726920093,0,0,0,0,0,0.45927075252133437,0.023661753297129558,0,0,0,0,0.021334367726920093,0.026377036462373934,0.023661753297129558,0,0.026377036462373934,0,0.021334367726920093,0.021334367726920093,0.021334367726920093,0,0.021334367726920093,0.021334367726920093,0.023661753297129558,0.021334367726920093,0.021334367726920093,0.026377036462373934",1
"-1,-1,0,1,-1,1,-1,0,0,-1,-1,1,1,0,0,0,0,0,0,1,1,0,1,1,1,-1,-1,1,0,1,-1,-1,1,0,0,0,-1,0,1,0,0,0,-1,0,0,0,0,0,0","0,0,0.001366120218579235,0,0,0,0,0.017486338797814208,0.001366120218579235,0,0,0,0,0.001366120218579235,0.001366120218579235,0.001366120218579235,0.01994535519125683,0.001366120218579235,0.001366120218579235,0,0,0.001366120218579235,0,0,0,0,0,0,0.001366120218579235,0,0,0,0,0.9153005464480874,0.001366120218579235,0.001366120218579235,0,0.001366120218579235,0,0.001366120218579235,0.001366120218579235,0.01994535519125683,0,0.001366120218579235,0.001366120218579235,0.001366120218579235,0.001366120218579235,0.001366120218579235,0.001366120218579235",-1
"-1,-1,0,1,-1,1,-1,0,0,-1,-1,1,1,0,0,0,0,0,0,1,1,0,1,1,1,-1,-1,1,0,1,-1,-1,1,-1,0,0,-1,0,1,0,0,0,-1,0,0,0,0,0,0","0,0,0.035181053715462506,0,0,0,0,0.035181053715462506,0.03312167496138665,0,0,0,0,0.03312167496138665,0.04153080487386305,0.035181053715462506,0.03312167496138665,0.035181053715462506,0.03312167496138665,0,0,0.035181053715462506,0,0,0,0,0,0,0.035181053715462506,0,0,0,0,0,0.03741204736571135,0.03312167496138665,0,0.03312167496138665,0,0.035181053715462506,0.2337394885876094,0.035181053715462506,0,0.03312167496138665,0.035181053715462506,0.03312167496138665,0.035181053715462506,0.03312167496138665,0.03741204736571135",1
"-1,-1,0,1,-1,1,-1,0,0,-1,-1,1,1,0,0,0,0,0,0,1,1,0,1,1,1,-1,-1,1,0,1,-1,-1,1,-1,0,0,-1,0,1,0,1,0,-1,0,0,0,0,0,0","0,0,0.0010416666666666667,0,0,0,0,0.0010416666666666667,0.0010416666666666667,0,0,0,0,0.0010416666666666667,0.011979166666666667,0.0010416666666666667,0.0010416666666666667,0.0010416666666666667,0.011979166666666667,0,0,0.0010416666666666667,0,0,0,0,0,0,0.0010416666666666667,0,0,0,0,0,0.9333333333333333,0.0010416666666666667,0,0.0010416666666666667,0,0.0010416666666666667,0,0.0010416666666666667,0,0.0010416666666666667,0.0010416666666666667,0.0010416666666666667,0.011979166666666667,0.0010416666666666667,0.013020833333333334",-1
"0,0,0,0,0,0,0,0,0,0,0,0,0,0,0,0,0,0,0,0,0,0,0,0,0,0,0,0,0,0,0,0,0,0,0,0,0,0,0,0,0,0,0,0,0,0,0,0,0","0.0016319869441044472,0.04243166054671563,0.002039983680130559,0.039575683394532844,0.0416156670746634,0.042839657282741736,0.0016319869441044472,0.0016319869441044472,0.0016319869441044472,0.04243166054671563,0.044879640962872294,0.002039983680130559,0.0016319869441044472,0.029783761729906162,0.042839657282741736,0.0016319869441044472,0.002039983680130559,0.0016319869441044472,0.041207670338637294,0.0016319869441044472,0.0416156670746634,0.0016319869441044472,0.0016319869441044472,0.0016319869441044472,0.044879640962872294,0.0016319869441044472,0.046103631170950635,0.002039983680130559,0.044471644226846185,0.002039983680130559,0.03998368013055895,0.0016319869441044472,0.04691962464300286,0.0416156670746634,0.03671970624235006,0.044471644226846185,0.03590371277029784,0.0016319869441044472,0.04243166054671563,0.002039983680130559,0.0016319869441044472,0.0016319869441044472,0.046103631170950635,0.039575683394532844,0.002039983680130559,0.0016319869441044472,0.002039983680130559,0.03549571603427173,0.002039983680130559",-1
"0,0,0,0,0,0,0,0,0,0,0,0,0,0,0,0,0,0,0,0,0,0,0,0,0,0,0,0,0,0,0,0,-1,0,0,0,0,0,0,0,0,0,0,0,0,0,0,0,0","0.004285157771717959,0.004285157771717959,0.004285157771717959,0.004285157771717959,0.004285157771717959,0.05570705103233346,0.004285157771717959,0.004285157771717959,0.004285157771717959,0.004285157771717959,0.004285157771717959,0.004285157771717959,0.004285157771717959,0.004285157771717959,0.004285157771717959,0.004285157771717959,0.004285157771717959,0.004285157771717959,0.004285157771717959,0.004285157771717959,0.004285157771717959,0.004285157771717959,0.004285157771717959,0.004285157771717959,0.004285157771717959,0.004285157771717959,0.004285157771717959,0.004285157771717959,0.004285157771717959,0.004285157771717959,0.06856252434748734,0.004285157771717959,0,0.004285157771717959,0.04596805609661083,0.004285157771717959,0.004285157771717959,0.004285157771717959,0.6412154265679781,0.004285157771717959,0.004285157771717959,0.004285157771717959,0.004285157771717959,0.004285157771717959,0.004285157771717959,0.004285157771717959,0.004285157771717959,0.004285157771717959,0.004285157771717959",1
"0,0,0,0,0,0,0,0,0,0,0,0,0,0,0,0,0,0,0,0,0,0,0,0,0,0,0,0,0,0,0,0,-1,0,0,0,0,0,1,0,0,0,0,0,0,0,0,0,0","0.0202488411807758,0.011954135154915833,0.01341790680653818,0.011954135154915833,0.02537204196145401,0.014881678458160527,0.011954135154915833,0.011954135154915833,0.011954135154915833,0.027811661380824592,0.011954135154915833,0.0202488411807758,0.011954135154915833,0.011954135154915833,0.011954135154915833,0.011954135154915833,0.011954135154915833,0.04244937789704806,0.011954135154915833,0.011954135154915833,0.011954135154915833,0.011954135154915833,0.027811661380824592,0.01341790680653818,0.011954135154915833,0.011954135154915833,0.011954135154915833,0.014881678458160527,0.011954135154915833,0.016345450109782875,0.01341790680653818,0.05318370334227861,0,0.01780922176140522,0.011954135154915833,0.01341790680653818,0.10856306416199073,0.01341790680653818,0,0.01341790680653818,0.03464259575506221,0.0729446206391803,0.011954135154915833,0.011954135154915833,0.10856306416199073,0.014881678458160527,0.011954135154915833,0.011954135154915833,0.011954135154915833",-1
"0,0,0,0,0,0,0,0,0,0,0,0,0,0,0,0,0,0,0,0,0,0,0,0,0,0,0,0,0,0,0,0,-1,0,0,0,-1,0,1,0,0,0,0,0,0,0,0,0,0","0.03759917212832011,0.040703690927906176,0.002069679199724043,0.002069679199724043,0.04035874439461883,0.002069679199724043,0.03621938599517075,0.002069679199724043,0.002069679199724043,0.002069679199724043,0.04277337012763022,0.002069679199724043,0.040013797861331496,0.002069679199724043,0.002069679199724043,0.03794411866160745,0.04277337012763022,0.002069679199724043,0.03794411866160745,0.06416005519144533,0.002069679199724043,0.002069679199724043,0.002069679199724043,0.04104863746119351,0.002069679199724043,0.002069679199724043,0.03380476026215937,0.034839599862021384,0.041393583994480856,0.041393583994480856,0.03794411866160745,0.03966885132804415,0,0.002069679199724043,0.03380476026215937,0.002069679199724043,0,0.04035874439461883,0,0.002069679199724043,0.032424974129010006,0.041393583994480856,0.03966885132804415,0.03966885132804415,0.002069679199724043,0.002069679199724043,0.002069679199724043,0.002069679199724043,0.03656433252845809",1
"0,0,0,0,0,0,0,0,0,0,0,0,0,0,0,0,0,0,0,1,0,0,0,0,0,0,0,0,0,0,0,0,-1,0,0,0,-1,0,1,0,0,0,0,0,0,0,0,0,0","0.0015145778114350624,0.0015145778114350624,0.0015145778114350624,0.0015145778114350624,0.0015145778114350624,0.0015145778114350624,0.0015145778114350624,0.0015145778114350624,0.0015145778114350624,0.0015145778114350624,0.0015145778114350624,0.0015145778114350624,0.0015145778114350624,0.0015145778114350624,0.0015145778114350624,0.0015145778114350624,0.0015145778114350624,0.0015145778114350624,0.0015145778114350624,0,0.0015145778114350624,0.0015145778114350624,0.0015145778114350624,0.0015145778114350624,0.0015145778114350624,0.0015145778114350624,0.0015145778114350624,0.0015145778114350624,0.0015145778114350624,0.0015145778114350624,0.0015145778114350624,0.9333585762968573,0,0.0015145778114350624,0.0015145778114350624,0.0015145778114350624,0,0.0015145778114350624,0,0.0015145778114350624,0.0015145778114350624,0.0015145778114350624,0.0015145778114350624,0.0015145778114350624,0.0015145778114350624,0.0015145778114350624,0.0015145778114350624,0.0015145778114350624,0.0015145778114350624",-1
"0,0,0,0,0,0,0,0,0,0,0,0,0,0,0,0,0,0,0,1,0,0,0,0,0,0,0,0,0,0,0,-1,-1,0,0,0,-1,0,1,0,0,0,0,0,0,0,0,0,0","0.01666327982117456,0.02011786222312538,0.012802275960170697,0.021133915870757976,0.018898597845966265,0.03779719569193253,0.02011786222312538,0.018898597845966265,0.01666327982117456,0.02235318024791709,0.02662060556797399,0.02011786222312538,0.03678114204429994,0.01402154033732981,0.0245884982727088,0.02662060556797399,0.025604551920341393,0.012802275960170697,0.02235318024791709,0,0.027636659215606586,0.02011786222312538,0.01767933346880715,0.021133915870757976,0.018898597845966265,0.015240804714488925,0.12842918106076,0.029668766510871775,0.011379800853485065,0.01767933346880715,0.027636659215606586,0,0,0.01402154033732981,0.02662060556797399,0.01767933346880715,0,0.015850436903068484,0,0.01767933346880715,0.012802275960170697,0.02235318024791709,0.01402154033732981,0.023369233895549686,0.011379800853485065,0.011379800853485065,0.015444015444015444,0.02235318024791709,0.0245884982727088",1
"0,0,0,0,0,0,0,0,0,0,0,0,0,0,0,0,0,0,0,1,0,0,0,0,0,0,1,0,0,0,0,-1,-1,0,0,0,-1,0,1,0,0,0,0,0,0,0,0,0,0","0.0012949174490126255,0.0012949174490126255,0.0012949174490126255,0.0012949174490126255,0.0012949174490126255,0.0012949174490126255,0.0012949174490126255,0.0012949174490126255,0.0012949174490126255,0.0012949174490126255,0.0012949174490126255,0.0012949174490126255,0.0012949174490126255,0.0012949174490126255,0.0012949174490126255,0.0012949174490126255,0.0012949174490126255,0.0012949174490126255,0.0012949174490126255,0,0.0012949174490126255,0.0012949174490126255,0.0012949174490126255,0.0012949174490126255,0.0012949174490126255,0.0012949174490126255,0,0.0012949174490126255,0.0012949174490126255,0.0012949174490126255,0.0012949174490126255,0,0,0.45840077695046944,0.0012949174490126255,0.0012949174490126255,0,0.0012949174490126255,0,0.45807704758821627,0.0012949174490126255,0.0012949174490126255,0.0012949174490126255,0.0012949174490126255,0.031725477500809326,0.0012949174490126255,0.0012949174490126255,0.0012949174490126255,0.0012949174490126255",-1
"0,0,0,0,0,0,0,0,0,0,0,0,0,0,0,0,0,0,0,1,0,0,0,0,0,0,1,0,0,0,0,-1,-1,-1,0,0,-1,0,1,0,0,0,0,0,0,0,0,0,0","0.02348993288590604,0.02348993288590604,0.02348993288590604,0.02348993288590604,0.023231801755291687,0.023231801755291687,0.02348993288590604,0.02348993288590604,0.02348993288590604,0.02348993288590604,0.023231801755291687,0.02348993288590604,0.023231801755291687,0.023231801755291687,0.023231801755291687,0.02348993288590604,0.023231801755291687,0.02348993288590604,0.02348993288590604,0,0.023231801755291687,0.02348993288590604,0.023231801755291687,0.023231801755291687,0.023231801755291687,0.02348993288590604,0,0.027878162106350027,0.034073309241094474,0.023231801755291687,0.025554981930820855,0,0,0,0.02348993288590604,0.02348993288590604,0,0.02348993288590604,0,0.023231801755291687,0.023231801755291687,0.02348993288590604,0.02348993288590604,0.02348993288590604,0.02348993288590604,0.02348993288590604,0.02348993288590604,0.02348993288590604,0.02348993288590604",1
"0,0,0,0,0,0,0,0,0,0,0,0,0,0,0,0,0,0,0,1,0,0,0,0,0,0,1,0,1,0,0,-1,-1,-1,0,0,-1,0,1,0,0,0,0,0,0,0,0,0,0","0.020841373986877652,0.026244693168660748,0.026244693168660748,0.0011578541103820917,0.026244693168660748,0.023543033577769202,0.03049015824006175,0.03049015824006175,0.027016595908915475,0.023928984947896564,0.026244693168660748,0.021227325357005018,0.0011578541103820917,0.021227325357005018,0.0011578541103820917,0.03049015824006175,0.026244693168660748,0.03434967194133539,0.03434967194133539,0,0.02547279042840602,0.03434967194133539,0.03434967194133539,0.03049015824006175,0.03049015824006175,0.023157082207641837,0,0.021227325357005018,0,0.026244693168660748,0.021227325357005018,0,0,0,0.03049015824006175,0.03434967194133539,0,0.03049015824006175,0,0.024700887688151294,0.0011578541103820917,0.025086839058278656,0.03434967194133539,0.02547279042840602,0.0011578541103820917,0.025858741798533386,0.026244693168660748,0.03049015824006175,0.03049015824006175",-1
"0,0,0,0,0,0,0,0,0,0,0,0,0,0,0,0,0,-1,0,1,0,0,0,0,0,0,1,0,1,0,0,-1,-1,-1,0,0,-1,0,1,0,0,0,0,0,0,0,0,0,0","0.023538642604943115,0.023538642604943115,0.02628481757551981,0.023538642604943115,0.023538642604943115,0.023538642604943115,0.023538642604943115,0.023538642604943115,0.023538642604943115,0.023538642604943115,0.02628481757551981,0.023538642604943115,0.023538642604943115,0.023538642604943115,0.02628481757551981,0.023538642604943115,0.023538642604943115,0,0.023538642604943115,0,0.023538642604943115,0.023538642604943115,0.023538642604943115,0.023538642604943115,0.023538642604943115,0.02628481757551981,0,0.06551588858375834,0,0.023538642604943115,0.023538642604943115,0,0,0,0.023538642604943115,0.023538642604943115,0,0.023538642604943115,0,0.02628481757551981,0.023538642604943115,0.023538642604943115,0.023538642604943115,0.023538642604943115,0.023538642604943115,0.023538642604943115,0.023538642604943115,0.02628481757551981,0.023538642604943115",1
"0,0,0,0,0,0,0,0,0,0,0,0,0,0,0,0,0,-1,0,1,0,0,0,0,0,0,1,1,1,0,0,-1,-1,-1,0,0,-1,0,1,0,0,0,0,0,0,0,0,0,0","0.030060882800608826,0.0015220700152207,0.0015220700152207,0.0015220700152207,0.0015220700152207,0.028538812785388126,0.030821917808219176,0.026255707762557076,0.0319634703196347,0.02968036529680365,0.0015220700152207,0.0015220700152207,0.023211567732115676,0.0243531202435312,0.0243531202435312,0.023211567732115676,0.0015220700152207,0,0.0015220700152207,0,0.0015220700152207,0.0015220700152207,0.0213089802130898,0.02968036529680365,0.0015220700152207,0.020167427701674276,0,0,0,0.023211567732115676,0.0319634703196347,0,0,0,0.4280821917808219,0.0015220700152207,0,0.02968036529680365,0,0.02968036529680365,0.031582952815829526,0.0015220700152207,0.0015220700152207,0.0015220700152207,0.032343987823439876,0.0015220700152207,0.0015220700152207,0.0015220700152207,0.022450532724505326",-1
"0,0,0,0,0,0,0,0,0,0,0,0,0,0,0,0,0,-1,0,1,0,0,0,0,0,0,1,1,1,0,0,-1,-1,-1,-1,0,-1,0,1,0,0,0,0,0,0,0,0,0,0","0.025926958461109564,0.02815723445776415,0.02815723445776415,0.02815723445776415,0.025926958461109564,0.02815723445776415,0.025926958461109564,0.025926958461109564,0.025926958461109564,0.025926958461109564,0.025926958461109564,0.025926958461109564,0.025926958461109564,0.025926958461109564,0.025926958461109564,0.025926958461109564,0.025926958461109564,0,0.025926958461109564,0,0.025926958461109564,0.025926958461109564,0.025926958461109564,0.025926958461109564,0.02564817396152774,0.025926958461109564,0,0,0,0.02564817396152774,0.025926958461109564,0,0,0,0,0.02815723445776415,0,0.02815723445776415,0,0.025926958461109564,0.025926958461109564,0.025926958461109564,0.02815723445776415,0.025926958461109564,0.025926958461109564,0.02564817396152774,0.025926958461109564,0.025926958461109564,0.025926958461109564",1
"0,1,0,0,0,0,0,0,0,0,0,0,0,0,0,0,0,-1,0,1,0,0,0,0,0,0,1,1,1,0,0,-1,-1,-1,-1,0,-1,0,1,0,0,0,0,0,0,0,0,0,0","0.02457098283931357,0,0.02847113884555382,0.02457098283931357,0.02847113884555382,0.02457098283931357,0.02847113884555382,0.02847113884555382,0.02847113884555382,0.02457098283931357,0.02457098283931357,0.02847113884555382,0.02847113884555382,0.028081123244929798,0.02847113884555382,0.028081123244929798,0.02847113884555382,0,0.028081123244929798,0,0.02847113884555382,0.02847113884555382,0.02847113884555382,0.02535101404056162,0.02847113884555382,0.02847113884555382,0,0,0,0.028081123244929798,0.02847113884555382,0,0,0,0,0.02847113884555382,0,0.001170046801872075,0,0.02847113884555382,0.02847113884555382,0.02847113884555382,0.02847113884555382,0.02847113884555382,0.028081123244929798,0.028081123244929798,0.028081123244929798,0.028081123244929798,0.028081123244929798",-1
"0,1,-1,0,0,0,0,0,0,0,0,0,0,0,0,0,0,-1,0,1,0,0,0,0,0,0,1,1,1,0,0,-1,-1,-1,-1,0,-1,0,1,0,0,0,0,0,0,0,0,0,0","0.027197477335435555,0,0,0.0303508080409933,0.027591643673630272,0.033504138746551046,0.027197477335435555,0.027591643673630272,0.027591643673630272,0.027197477335435555,0.027591643673630272,0.027591643673630272,0.027591643673630272,0.027591643673630272,0.027591643673630272,0.027591643673630272,0.027591643673630272,0,0.027197477335435555,0,0.027197477335435555,0.027197477335435555,0.027197477335435555,0.027197477335435555,0.027591643673630272,0.027197477335435555,0,0,0,0.027197477335435555,0.0303508080409933,0,0,0,0,0.027591643673630272,0,0.027591643673630272,0,0.027197477335435555,0.027591643673630272,0.027591643673630272,0.027591643673630272,0.027591643673630272,0.027591643673630272,0.027591643673630272,0.027591643673630272,0.027197477335435555,0.027591643673630272",1
"0,1,-1,0,0,1,0,0,0,0,0,0,0,0,0,0,0,-1,0,1,0,0,0,0,0,0,1,1,1,0,0,-1,-1,-1,-1,0,-1,0,1,0,0,0,0,0,0,0,0,0,0","0.030980392156862744,0,0,0.030980392156862744,0.03137254901960784,0,0.027058823529411764,0.030980392156862744,0.030980392156862744,0.03137254901960784,0.001176470588235294,0.023137254901960783,0.03137254901960784,0.03137254901960784,0.030980392156862744,0.030980392156862744,0.030980392156862744,0,0.030980392156862744,0,0.030980392156862744,0.030980392156862744,0.03137254901960784,0.001176470588235294,0.030980392156862744,0.030980392156862744,0,0,0,0.030980392156862744,0.030980392156862744,0,0,0,0,0.027058823529411764,0,0.030980392156862744,0,0.030980392156862744,0.027058823529411764,0.030980392156862744,0.030980392156862744,0.03137254901960784,0.027058823529411764,0.027058823529411764,0.03137254901960784,0.030980392156862744,0.030980392156862744",-1
"0,1,-1,0,-1,1,0,0,0,0,0,0,0,0,0,0,0,-1,0,1,0,0,0,0,0,0,1,1,1,0,0,-1,-1,-1,-1,0,-1,0,1,0,0,0,0,0,0,0,0,0,0","0.029065200314218383,0,0,0.029065200314218383,0,0,0.029065200314218383,0.03260015710919089,0.02945797329143755,0.029065200314218383,0.02945797329143755,0.029065200314218383,0.02945797329143755,0.029065200314218383,0.02945797329143755,0.029065200314218383,0.029065200314218383,0,0.029065200314218383,0,0.02945797329143755,0.029065200314218383,0.029065200314218383,0.029065200314218383,0.029065200314218383,0.029065200314218383,0,0,0,0.029065200314218383,0.03260015710919089,0,0,0,0,0.02945797329143755,0,0.029065200314218383,0,0.02945797329143755,0.029065200314218383,0.02945797329143755,0.029065200314218383,0.029065200314218383,0.02945797329143755,0.02945797329143755,0.02945797329143755,0.02945797329143755,0.029065200314218383",1
"0,1,-1,0,-1,1,0,1,0,0,0,0,0,0,0,0,0,-1,0,1,0,0,0,0,0,0,1,1,1,0,0,-1,-1,-1,-1,0,-1,0,1,0,0,0,0,0,0,0,0,0,0","0.032549019607843135,0,0,0.032549019607843135,0,0,0.025098039215686273,0,0.032549019607843135,0.032549019607843135,0.001176470588235294,0.025490196078431372,0.032549019607843135,0.032549019607843135,0.032549019607843135,0.032549019607843135,0.032549019607843135,0,0.032549019607843135,0,0.032549019607843135,0.032549019607843135,0.032549019607843135,0.032549019607843135,0.032549019607843135,0.032549019607843135,0,0,0,0.032549019607843135,0.032549019607843135,0,0,0,0,0.032549019607843135,0,0.032549019607843135,0,0.025490196078431372,0.032549019607843135,0.032549019607843135,0.032549019607843135,0.025490196078431372,0.032549019607843135,0.025490196078431372,0.032549019607843135,0.025490196078431372,0.032549019607843135",-1
"-1,1,-1,0,-1,1,0,1,0,0,0,0,0,0,0,0,0,-1,0,1,0,0,0,0,0,0,1,1,1,0,0,-1,-1,-1,-1,0,-1,0,1,0,0,0,0,0,0,0,0,0,0","0,0,0,0.033320266562132494,0,0,0.03018424147393179,0,0.029792238337906705,0.03018424147393179,0.03018424147393179,0.03018424147393179,0.03018424147393179,0.029792238337906705,0.03018424147393179,0.03018424147393179,0.029792238337906705,0,0.033320266562132494,0,0.036456291650333206,0.03018424147393179,0.03018424147393179,0.03018424147393179,0.03018424147393179,0.029792238337906705,0,0,0,0.029792238337906705,0.033320266562132494,0,0,0,0,0.03018424147393179,0,0.03920031360250882,0,0.03018424147393179,0.033320266562132494,0.03018424147393179,0.033320266562132494,0.029792238337906705,0.029792238337906705,0.03018424147393179,0.029792238337906705,0.03018424147393179,0.036456291650333206",1
"-1,1,-1,0,-1,1,0,1,0,0,0,0,0,0,0,0,0,-1,0,1,0,0,0,0,0,0,1,1,1,0,0,-1,-1,-1,-1,0,-1,1,1,0,0,0,0,0,0,0,0,0,0","0,0,0,0.026858699883223043,0,0,0.02646944336317633,0,0.026858699883223043,0.02646944336317633,0.020630595562475672,0.001557026080186843,0.026080186843129623,0.026858699883223043,0.02646944336317633,0.026858699883223043,0.026080186843129623,0,0.026858699883223043,0,0.026080186843129623,0.026858699883223043,0.026080186843129623,0.026080186843129623,0.15920591669910472,0.026858699883223043,0,0,0,0.026080186843129623,0.15920591669910472,0,0,0,0,0.026080186843129623,0,0,0,0.001557026080186843,0.026858699883223043,0.026858699883223043,0.026858699883223043,0.001557026080186843,0.026858699883223043,0.01985208252238225,0.026080186843129623,0.02646944336317633,0.02646944336317633",-1
"-1,1,-1,0,-1,1,0,1,0,0,0,0,0,0,0,0,0,-1,0,1,0,0,0,0,-1,0,1,1,1,0,0,-1,-1,-1,-1,0,-1,1,1,0,0,0,0,0,0,0,0,0,0","0,0,0,0.03195554011809656,0,0,0.032302882945467175,0,0.03195554011809656,0.032302882945467175,0.035428968391802707,0.03195554011809656,0.032302882945467175,0.03195554011809656,0.032302882945467175,0.03195554011809656,0.032302882945467175,0,0.03195554011809656,0,0.032302882945467175,0.03195554011809656,0.03195554011809656,0.03195554011809656,0,0.03195554011809656,0,0,0,0.03820771101076763,0.035428968391802707,0,0,0,0,0.046891281695032996,0,0,0,0.03195554011809656,0.032302882945467175,0.03195554011809656,0.035428968391802707,0.035428968391802707,0.03195554011809656,0.03195554011809656,0.032302882945467175,0.035428968391802707,0.03195554011809656",1
"-1,1,-1,0,-1,1,0,1,0,0,0,0,0,0,0,0,0,-1,0,1,0,0,0,0,-1,0,1,1,1,0,0,-1,-1,-1,-1,1,-1,1,1,0,0,0,0,0,0,0,0,0,0","0,0,0,0.023791250959324637,0,0,0.021488871834228703,0,0.1300844205679202,0.0015349194167306216,0.023023791250959325,0.02264006139677667,0.024558710667689946,0.0015349194167306216,0.024558710667689946,0.12970069071373752,0.02417498081350729,0,0.023791250959324637,0,0.024558710667689946,0.12970069071373752,0.024558710667689946,0.021488871834228703,0,0.024558710667689946,0,0,0,0.024558710667689946,0.0015349194167306216,0,0,0,0,0,0,0,0,0.0015349194167306216,0.0015349194167306216,0.02264006139677667,0.1300844205679202,0.02417498081350729,0.021872601688411358,0.023791250959324637,0.024558710667689946,0.024558710667689946,0.02340752110514198",-1
"-1,1,-1,0,-1,1,0,1,-1,0,0,0,0,0,0,0,0,-1,0,1,0,0,0,0,-1,0,1,1,1,0,0,-1,-1,-1,-1,1,-1,1,1,0,0,0,0,0,0,0,0,0,0","0,0,0,0.029171113482746355,0,0,0.032017075773746,0,0,0.035218783351120594,0.035218783351120594,0.05087157595161864,0.03806474564212024,0.03237282106012095,0.05336179295624333,0.03806474564212024,0.035218783351120594,0,0.032017075773746,0,0.04340092493774458,0.04589114194236926,0.03806474564212024,0.035218783351120594,0,0.032017075773746,0,0,0,0.032017075773746,0.035218783351120594,0,0,0,0,0,0,0,0,0.032017075773746,0.032017075773746,0.029171113482746355,0.04055496264674493,0.03806474564212024,0.032017075773746,0.035218783351120594,0.029171113482746355,0.029171113482746355,0.029171113482746355",1
"-1,1,-1,0,-1,1,0,1,-1,0,0,0,0,0,1,0,0,-1,0,1,0,0,0,0,-1,0,1,1,1,0,0,-1,-1,-1,-1,1,-1,1,1,0,0,0,0,0,0,0,0,0,0","0,0,0,0.02173084254670225,0,0,0.0015249714067861228,0,0,0.0015249714067861228,0.0015249714067861228,0.020205871139916128,0.024018299656881435,0.0015249714067861228,0,0.023255813953488372,0.024018299656881435,0,0.02134959969500572,0,0.024018299656881435,0.024018299656881435,0.024018299656881435,0.0015249714067861228,0,0.022874571101791842,0,0,0,0.0236370568051849,0.020587113991612657,0,0,0,0,0,0,0,0,0.0015249714067861228,0.26915745329775065,0.019824628288219594,0.354174609226077,0.02211208539839878,0.0015249714067861228,0.0015249714067861228,0.024018299656881435,0.023255813953488372,0.0015249714067861228",-1
"-1,1,-1,0,-1,1,0,1,-1,0,0,0,0,0,1,0,0,-1,0,1,0,0,0,0,-1,0,1,1,1,0,0,-1,-1,-1,-1,1,-1,1,1,0,0,0,-1,0,0,0,0,0,0","0,0,0,0.03790772847487511,0,0,0.03790772847487511,0,0,0.03790772847487511,0.03820158683514546,0.03820158683514546,0.03820158683514546,0.03790772847487511,0,0.03790772847487511,0.03820158683514546,0,0.03790772847487511,0,0.03820158683514546,0.03820158683514546,0.03820158683514546,0.03820158683514546,0,0.03820158683514546,0,0,0,0.03820158683514546,0.044078754040552455,0,0,0,0,0,0,0,0,0.03790772847487511,0.03820158683514546,0.03820158683514546,0,0.03820158683514546,0.03820158683514546,0.03820158683514546,0.03820158683514546,0.03820158683514546,0.041140170437848955",1
"-1,1,-1,0,-1,1,0,1,-1,0,0,0,0,0,1,0,0,-1,0,1,0,0,0,0,-1,0,1,1,1,0,1,-1,-1,-1,-1,1,-1,1,1,0,0,0,-1,0,0,0,0,0,0","0,0,0,0.021333333333333333,0,0,0.02095238095238095,0,0,0.021333333333333333,0.02095238095238095,0.021333333333333333,0.021333333333333333,0.021333333333333333,0,0.02057142857142857,0.021333333333333333,0,0.021333333333333333,0,0.12342857142857143,0.12342857142857143,0.02095238095238095,0.021333333333333333,0,0.02057142857142857,0,0,0,0.12342857142857143,0,0,0,0,0,0,0,0,0,0.02095238095238095,0.12342857142857143,0.0015238095238095239,0,0.021333333333333333,0.021333333333333333,0.02057142857142857,0.02095238095238095,0.12342857142857143,0.0015238095238095239",-1
"-1,1,-1,0,-1,1,0,1,-1,0,0,0,0,0,1,0,0,-1,0,1,-1,0,0,0,-1,0,1,1,1,0,1,-1,-1,-1,-1,1,-1,1,1,0,0,0,-1,0,0,0,0,0,0","0,0,0,0.040357142857142855,0,0,0.040357142857142855,0,0,0.040357142857142855,0.035,0.040357142857142855,0.03214285714285714,0.040357142857142855,0,0.040357142857142855,0.040357142857142855,0,0.040357142857142855,0,0,0.06285714285714286,0.035,0.03785714285714286,0,0.04321428571428571,0,0,0,0.08285714285714285,0,0,0,0,0,0,0,0,0,0.045714285714285714,0.02892857142857143,0.040357142857142855,0,0.03214285714285714,0.045714285714285714,0.035,0.02892857142857143,0.04321428571428571,0.048214285714285716",1
"-1,1,-1,0,-1,1,0,1,-1,0,0,0,0,0,1,0,0,-1,0,1,-1,0,0,0,-1,0,1,1,1,1,1,-1,-1,-1,-1,1,-1,1,1,0,0,0,-1,0,0,0,0,0,0","0,0,0,0.0014765596160944998,0,0,0.0014765596160944998,0,0,0.0014765596160944998,0.01845699520118125,0.0014765596160944998,0.0014765596160944998,0.015503875968992248,0,0.0014765596160944998,0.019195275009228498,0,0.0014765596160944998,0,0,0.5817644887412329,0.019564414913252122,0.0014765596160944998,0,0.0014765596160944998,0,0,0,0,0,0,0,0,0,0,0,0,0,0.0014765596160944998,0.019564414913252122,0.0014765596160944998,0,0.019564414913252122,0.24880029531192321,0.0014765596160944998,0.019195275009228498,0.019195275009228498,0.0014765596160944998",-1
"-1,1,-1,0,-1,1,0,1,-1,0,0,0,0,0,1,0,0,-1,0,1,-1,-1,0,0,-1,0,1,1,1,1,1,-1,-1,-1,-1,1,-1,1,1,0,0,0,-1,0,0,0,0,0,0","0,0,0,0.03527380365071534,0,0,0.045880611741489885,0,0,0.043413912185495805,0.03527380365071534,0.03527380365071534,0.04070054267390232,0.04070054267390232,0,0.048347311297483965,0.1415885545140602,0,0.045880611741489885,0,0,0,0.048347311297483965,0.03527380365071534,0,0.045880611741489885,0,0,0,0,0,0,0,0,0,0,0,0,0,0.043413912185495805,0.04070054267390232,0.03527380365071534,0,0.03823384311790824,0.043413912185495805,0.048347311297483965,0.03527380365071534,0.03823384311790824,0.03527380365071534",1
"-1,1,-1,0,-1,1,0,1,-1,0,0,0,0,0,1,0,1,-1,0,1,-1,-1,0,0,-1,0,1,1,1,1,1,-1,-1,-1,-1,1,-1,1,1,0,0,0,-1,0,0,0,0,0,0","0,0,0,0.0016377333770062235,0,0,0.0016377333770062235,0,0,0.0016377333770062235,0.015722240419259743,0.7779233540779561,0.016704880445463477,0.0016377333770062235,0,0.017359973796265967,0,0,0.0183426138224697,0,0,0,0.018015067147068457,0.01899770717327219,0,0.01899770717327219,0,0,0,0,0,0,0,0,0,0,0,0,0,0.014412053717654767,0.0016377333770062235,0.017687520471667214,0,0.018015067147068457,0.016704880445463477,0.0016377333770062235,0.018015067147068457,0.0016377333770062235,0.0016377333770062235",-1
"-1,1,-1,0,-1,1,0,1,-1,0,0,-1,0,0,1,0,1,-1,0,1,-1,-1,0,0,-1,0,1,1,1,1,1,-1,-1,-1,-1,1,-1,1,1,0,0,0,-1,0,0,0,0,0,0","0,0,0,0.4098867147270855,0,0,0.032337796086508754,0,0,0.030278063851699278,0.02615859938208033,0,0.028218331616889806,0.030278063851699278,0,0.03995880535530381,0,0,0.02615859938208033,0,0,0,0.03810504634397528,0.030278063851699278,0,0.030278063851699278,0,0,0,0,0,0,0,0,0,0,0,0,0,0.03625128733264676,0.03625128733264676,0.028218331616889806,0,0.02615859938208033,0.03625128733264676,0.030278063851699278,0.02615859938208033,0.030278063851699278,0.028218331616889806",1
"-1,1,-1,1,-1,1,0,1,-1,0,0,-1,0,0,1,0,1,-1,0,1,-1,-1,0,0,-1,0,1,1,1,1,1,-1,-1,-1,-1,1,-1,1,1,0,0,0,-1,0,0,0,0,0,0","0,0,0,0,0,0,0.0013419816595839856,0,0,0.7799150078282263,0.0125251621561172,0,0.0013419816595839856,0.0013419816595839856,0,0.0013419816595839856,0,0,0.019011406844106463,0,0,0,0.0125251621561172,0.012972489375978528,0,0.0013419816595839856,0,0,0,0,0,0,0,0,0,0,0,0,0,0.0013419816595839856,0.0013419816595839856,0.0125251621561172,0,0.0013419816595839856,0.0013419816595839856,0.12458063073138001,0.0013419816595839856,0.011183180496533215,0.0013419816595839856",-1
"-1,1,-1,1,-1,1,0,1,-1,-1,0,-1,0,0,1,0,1,-1,0,1,-1,-1,0,0,-1,0,1,1,1,1,1,-1,-1,-1,-1,1,-1,1,1,0,0,0,-1,0,0,0,0,0,0","0,0,0,0,0,0,0.01792595074551851,0,0,0,0.016920757245769812,0,0.014575305746356173,0.015748031496062992,0,0.07120120623219969,0,0,0.01792595074551851,0,0,0,0.20941531244764616,0.014575305746356173,0,0.01909867649522533,0,0,0,0,0,0,0,0,0,0,0,0,0,0.02127659574468085,0.01792595074551851,0.016920757245769812,0,0.01909867649522533,0.02027140224493215,0.01206232199698442,0.01909867649522533,0.015748031496062992,0.46021109063494725",1
"-1,1,-1,1,-1,1,0,1,-1,-1,0,-1,0,0,1,0,1,-1,0,1,-1,-1,0,0,-1,0,1,1,1,1,1,-1,-1,-1,-1,1,-1,1,1,0,0,0,-1,0,0,0,0,0,1","0,0,0,0,0,0,0.009560229445506692,0,0,0,0.0009560229445506692,0,0.0009560229445506692,0.0009560229445506692,0,0.009369024856596558,0,0,0.102868068833652,0,0,0,0.0009560229445506692,0.07112810707456979,0,0.008795411089866157,0,0,0,0,0,0,0,0,0,0,0,0,0,0.008604206500956023,0.00745697896749522,0.009369024856596558,0,0.0009560229445506692,0.6646271510516253,0.09388145315487571,0.008604206500956023,0.0009560229445506692,0",-1
"-1,1,-1,1,-1,1,0,1,-1,-1,0,-1,0,0,1,0,1,-1,0,1,-1,-1,0,0,-1,0,1,1,1,1,1,-1,-1,-1,-1,1,-1,1,1,0,0,0,-1,0,-1,0,0,0,1","0,0,0,0,0,0,0.020134228187919462,0,0,0,0.0436241610738255,0,0.020134228187919462,0.018624161073825505,0,0.018624161073825505,0,0,0.021644295302013422,0,0,0,0.018624161073825505,0.024496644295302013,0,0.024496644295302013,0,0,0,0,0,0,0,0,0,0,0,0,0,0.018624161073825505,0.026006711409395974,0.017114093959731545,0,0.47365771812080537,0,0.020134228187919462,0.21694630872483223,0.017114093959731545,0",1
"-1,1,-1,1,-1,1,0,1,-1,-1,0,-1,0,0,1,0,1,-1,0,1,-1,-1,0,0,-1,0,1,1,1,1,1,-1,-1,-1,-1,1,-1,1,1,0,0,0,-1,1,-1,0,0,0,1","0,0,0,0,0,0,0.0026375282592313487,0,0,0,0.013941220798794273,0,0.008289374529012811,0.008289374529012811,0,0.013564431047475508,0,0,0.04502637528259231,0,0,0,0.04088168801808591,0.005086661642803316,0,0.21571213262999248,0,0,0,0,0,0,0,0,0,0,0,0,0,0.003391107761868877,0.07498116051243406,0.2940844009042954,0,0,0,0.09570459683496609,0.17577241899020346,0.0026375282592313487,0",-1
"-1,1,-1,1,-1,1,0,1,-1,-1,0,-1,0,0,1,0,1,-1,0,1,-1,-1,0,0,-1,0,1,1,1,1,1,-1,-1,-1,-1,1,-1,1,1,0,0,-1,-1,1,-1,0,0,0,1","0,0,0,0,0,0,0.010872251050160613,0,0,0,0.014578700271806275,0,0.008895478131949592,0.010872251050160613,0,0.009883864591055103,0,0,0.8505065480602916,0,0,0,0.013590313812700766,0.011860637509266123,0,0.010872251050160613,0,0,0,0,0,0,0,0,0,0,0,0,0,0.012849023968371634,0.011860637509266123,0,0,0,0,0.010872251050160613,0.013590313812700766,0.008895478131949592,0",1
"-1,1,-1,1,-1,1,0,1,-1,-1,0,-1,0,0,1,0,1,-1,1,1,-1,-1,0,0,-1,0,1,1,1,1,1,-1,-1,-1,-1,1,-1,1,1,0,0,-1,-1,1,-1,0,0,0,1","0,0,0,0,0,0,0.060718502276943837,0,0,0,0.3300725248777197,0,0.033226513745994266,0.02411873840445269,0,0.06476640242874009,0,0,0,0,0,0,0.05532130207454883,0.05532130207454883,0,0.014167650531286895,0,0,0,0,0,0,0,0,0,0,0,0,0,0.011469050430089391,0.10254680384550514,0,0,0,0,0.030359251138471918,0.09984820374430764,0.1180637544273908,0",-1
"-1,1,-1,1,-1,1,0,1,-1,-1,-1,-1,0,0,1,0,1,-1,1,1,-1,-1,0,0,-1,0,1,1,1,1,1,-1,-1,-1,-1,1,-1,1,1,0,0,-1,-1,1,-1,0,0,0,1","0,0,0,0,0,0,0.0026996625421822273,0,0,0,0,0,0.015073115860517435,0.0026996625421822273,0,0.8942632170978627,0,0,0,0,0,0,0.020247469066366704,0.012598425196850394,0,0.007649043869516311,0,0,0,0,0,0,0,0,0,0,0,0,0,0.014173228346456693,0.0024746906636670418,0,0,0,0,0.005849268841394826,0.01957255343082115,0.0026996625421822273,0",1
"-1,1,-1,1,-1,1,0,1,-1,-1,-1,-1,0,0,1,1,1,-1,1,1,-1,-1,0,0,-1,0,1,1,1,1,1,-1,-1,-1,-1,1,-1,1,1,0,0,-1,-1,1,-1,0,0,0,1","0,0,0,0,0,0,0.09591584158415842,0,0,0,0,0,0.09081064356435643,0.06760519801980198,0,0,0,0,0,0,0,0,0.12732054455445543,0.09081064356435643,0,0.10612623762376237,0,0,0,0,0,0,0,0,0,0,0,0,0,0.04795792079207921,0.09591584158415842,0,0,0,0,0.08570544554455446,0.09591584158415842,0.09591584158415842,0",-1
"-1,1,-1,1,-1,1,0,1,-1,-1,-1,-1,0,0,1,1,1,-1,1,1,-1,-1,-1,0,-1,0,1,1,1,1,1,-1,-1,-1,-1,1,-1,1,1,0,0,-1,-1,1,-1,0,0,0,1","0,0,0,0,0,0,0.006640507093268941,0,0,0,0,0,0.007546030787805615,0.0012073649260488982,0,0,0,0,0,0,0,0,0,0.9710232417748265,0,0.0012073649260488982,0,0,0,0,0,0,0,0,0,0,0,0,0,0.0012073649260488982,0.0012073649260488982,0,0,0,0,0.0012073649260488982,0.007546030787805615,0.0012073649260488982,0",1
"0,0,0,0,0,0,0,0,0,0,0,0,0,0,0,0,0,0,0,0,0,0,0,0,0,0,0,0,0,0,0,0,0,0,0,0,0,0,0,0,0,0,0,0,0,0,0,0,0","0.0028559771521827824,0.0028559771521827824,0.0028559771521827824,0.0028559771521827824,0.0028559771521827824,0.0028559771521827824,0.0028559771521827824,0.0028559771521827824,0.04814361485108119,0.0028559771521827824,0.050999592003263976,0.0028559771521827824,0.0028559771521827824,0.049775601795185635,0.046103631170950635,0.0028559771521827824,0.0028559771521827824,0.0028559771521827824,0.0028559771521827824,0.05711954304365565,0.0028559771521827824,0.05263157894736842,0.0518155854753162,0.04814361485108119,0.0028559771521827824,0.0028559771521827824,0.0028559771521827824,0.05385556915544676,0.0028559771521827824,0.050999592003263976,0.08445532435740515,0.0028559771521827824,0.05467156262749898,0.05018359853121175,0.0485516115871073,0.0028559771521827824,0.0028559771521827824,0.0028559771521827824,0.0587515299877601,0.0028559771521827824,0.05385556915544676,0.0028559771521827824,0.0028559771521827824,0.0028559771521827824,0.0028559771521827824,0.0028559771521827824,0.0028559771521827824,0.0485516115871073,0.0028559771521827824",1
"0,0,0,0,0,0,0,0,0,0,0,0,0,0,0,0,0,0,0,0,0,0,0,0,0,0,0,0,0,0,1,0,0,0,0,0,0,0,0,0,0,0,0,0,0,0,0,0,0","0.013915005641218503,0.013915005641218503,0.013538924407672057,0.013538924407672057,0.15456938698758932,0.013915005641218503,0.11019180142910869,0.013538924407672057,0.013538924407672057,0.013915005641218503,0.013915005641218503,0.013538924407672057,0.013538924407672057,0.013915005641218503,0.013915005641218503,0.013538924407672057,0.013915005641218503,0.013538924407672057,0.013915005641218503,0.013538924407672057,0.013538924407672057,0.013915005641218503,0.013915005641218503,0.013538924407672057,0.013538924407672057,0.013538924407672057,0.013915005641218503,0.013538924407672057,0.013915005641218503,0.013915005641218503,0,0.013538924407672057,0.013915005641218503,0.013538924407672057,0.013538924407672057,0.013538924407672057,0.013538924407672057,0.013915005641218503,0.013538924407672057,0.013538924407672057,0.013538924407672057,0.013538924407672057,0.013538924407672057,0.013538924407672057,0.013915005641218503,0.1192177510342234,0.013538924407672057,0.013538924407672057,0.013915005641218503",-1
"0,0,0,0,-1,0,0,0,0,0,0,0,0,0,0,0,0,0,0,0,0,0,0,0,0,0,0,0,0,0,1,0,0,0,0,0,0,0,0,0,0,0,0,0,0,0,0,0,0","0.04399441340782123,0.04643854748603352,0.0356145251396648,0.0024441340782122905,0,0.0024441340782122905,0.0467877094972067,0.04399441340782123,0.0024441340782122905,0.0024441340782122905,0.0024441340782122905,0.0024441340782122905,0.04504189944134078,0.04155027932960894,0.04399441340782123,0.0024441340782122905,0.04748603351955307,0.0024441340782122905,0.0446927374301676,0.07053072625698324,0.0024441340782122905,0.0024441340782122905,0.0024441340782122905,0.040502793296089384,0.0024441340782122905,0.0024441340782122905,0.04504189944134078,0.04539106145251397,0.04748603351955307,0.0024441340782122905,0,0.03875698324022346,0.0024441340782122905,0.0024441340782122905,0.0024441340782122905,0.03910614525139665,0.04434357541899441,0.04224860335195531,0.042946927374301676,0.0024441340782122905,0.0024441340782122905,0.040502793296089384,0.0024441340782122905,0.0024441340782122905,0.0024441340782122905,0.0024441340782122905,0.0024441340782122905,0.0024441340782122905,0.0024441340782122905",1
"0,0,0,0,-1,0,0,0,0,0,0,0,0,0,0,0,0,0,0,1,0,0,0,0,0,0,0,0,0,0,1,0,0,0,0,0,0,0,0,0,0,0,0,0,0,0,0,0,0","0.014683734939759037,0.014683734939759037,0.014683734939759037,0.015060240963855422,0,0.014683734939759037,0.16227409638554216,0.015060240963855422,0.015060240963855422,0.014683734939759037,0.014683734939759037,0.014683734939759037,0.014683734939759037,0.014683734939759037,0.015060240963855422,0.015060240963855422,0.015060240963855422,0.014683734939759037,0.015060240963855422,0,0.014683734939759037,0.015060240963855422,0.015060240963855422,0.014683734939759037,0.014683734939759037,0.014683734939759037,0.014683734939759037,0.014683734939759037,0.015060240963855422,0.014683734939759037,0,0.015060240963855422,0.015060240963855422,0.015060240963855422,0.015060240963855422,0.014683734939759037,0.18411144578313254,0.015060240963855422,0.014683734939759037,0.014683734939759037,0.014683734939759037,0.015060240963855422,0.015060240963855422,0.015060240963855422,0.015060240963855422,0.014683734939759037,0.014683734939759037,0.014683734939759037,0.015060240963855422",-1
"0,0,0,0,-1,0,0,0,0,0,0,0,0,0,0,0,0,0,0,1,0,0,0,0,0,0,0,0,0,0,1,0,0,0,0,0,-1,0,0,0,0,0,0,0,0,0,0,0,0","0.0016983695652173913,0.0016983695652173913,0.0016983695652173913,0.0016983695652173913,0,0.0016983695652173913,0.0016983695652173913,0.0016983695652173913,0.0016983695652173913,0.0016983695652173913,0.03226902173913043,0.0016983695652173913,0.0016983695652173913,0.0016983695652173913,0.026834239130434784,0.0016983695652173913,0.02377717391304348,0.0016983695652173913,0.0016983695652173913,0,0.0016983695652173913,0.0016983695652173913,0.0016983695652173913,0.027853260869565216,0.0016983695652173913,0.0016983695652173913,0.0016983695652173913,0.027853260869565216,0.0016983695652173913,0.0016983695652173913,0,0.026494565217391304,0.0016983695652173913,0.0016983695652173913,0.0016983695652173913,0.0016983695652173913,0,0.6593070652173914,0.04042119565217391,0.0016983695652173913,0.03770380434782609,0.03804347826086957,0.0016983695652173913,0.0016983695652173913,0.0016983695652173913,0.0016983695652173913,0.0016983695652173913,0.0016983695652173913,0.0016983695652173913",1
"0,0,0,0,-1,0,0,0,0,0,0,0,0,0,0,0,0,0,0,1,0,0,0,0,0,0,0,0,0,0,1,0,0,0,0,0,-1,1,0,0,0,0,0,0,0,0,0,0,0","0.01955879008414828,0.021605640209233567,0.01955879008414828,0.01955879008414828,0,0.01955879008414828,0.04889697521037071,0.01955879008414828,0.01955879008414828,0.01955879008414828,0.01955879008414828,0.01955879008414828,0.01955879008414828,0.11212190129633841,0.01955879008414828,0.01955879008414828,0.01955879008414828,0.01955879008414828,0.021605640209233567,0,0.01955879008414828,0.01955879008414828,0.01955879008414828,0.01955879008414828,0.028655901751193997,0.01955879008414828,0.01955879008414828,0.01955879008414828,0.01955879008414828,0.01955879008414828,0,0.01955879008414828,0.01955879008414828,0.01955879008414828,0.01955879008414828,0.021605640209233567,0,0,0.01955879008414828,0.01955879008414828,0.01955879008414828,0.01955879008414828,0.019786217875824425,0.01955879008414828,0.01955879008414828,0.01955879008414828,0.01955879008414828,0.021605640209233567,0.01955879008414828",-1
"0,0,0,0,-1,0,0,0,0,0,0,0,0,-1,0,0,0,0,0,1,0,0,0,0,0,0,0,0,0,0,1,0,0,0,0,0,-1,1,0,0,0,0,0,0,0,0,0,0,0","0.026779661016949154,0.0013559322033898306,0.02169491525423729,0.0013559322033898306,0,0.029491525423728814,0.02271186440677966,0.023389830508474575,0.0013559322033898306,0.0288135593220339,0.025423728813559324,0.01966101694915254,0.2555932203389831,0,0.02610169491525424,0.026440677966101694,0.0013559322033898306,0.018983050847457626,0.0013559322033898306,0,0.021016949152542375,0.020338983050847456,0.029830508474576273,0.02847457627118644,0.02135593220338983,0.020677966101694915,0.0013559322033898306,0.0288135593220339,0.025084745762711864,0.01830508474576271,0,0.027796610169491524,0.01966101694915254,0.0013559322033898306,0.02576271186440678,0.0013559322033898306,0,0,0.0013559322033898306,0.020677966101694915,0.0013559322033898306,0.022033898305084745,0.02169491525423729,0.01966101694915254,0.02305084745762712,0.023389830508474575,0.0013559322033898306,0.020677966101694915,0.02169491525423729",1
"0,0,0,0,-1,0,0,0,0,0,0,0,1,-1,0,0,0,0,0,1,0,0,0,0,0,0,0,0,0,0,1,0,0,0,0,0,-1,1,0,0,0,0,0,0,0,0,0,0,0","0.0224159402241594,0.0224159402241594,0.0224159402241594,0.0224159402241594,0,0.0224159402241594,0.06506849315068493,0.0224159402241594,0.0224159402241594,0.0224159402241594,0.0224159402241594,0.0224159402241594,0,0,0.022727272727272728,0.0224159402241594,0.0224159402241594,0.0224159402241594,0.0224159402241594,0,0.0224159402241594,0.022727272727272728,0.0224159402241594,0.0224159402241594,0.0361145703611457,0.022727272727272728,0.022727272727272728,0.022727272727272728,0.0224159402241594,0.0224159402241594,0,0.0224159402241594,0.0224159402241594,0.0224159402241594,0.022727272727272728,0.0224159402241594,0,0,0.0224159402241594,0.022727272727272728,0.0224159402241594,0.0224159402241594,0.0224159402241594,0.0224159402241594,0.0224159402241594,0.0224159402241594,0.0224159402241594,0.0224159402241594,0.0224159402241594",-1
"0,0,0,0,-1,0,-1,0,0,0,0,0,1,-1,0,0,0,0,0,1,0,0,0,0,0,0,0,0,0,0,1,0,0,0,0,0,-1,1,0,0,0,0,0,0,0,0,0,0,0","0.0014992503748125937,0.0014992503748125937,0.025487256371814093,0.0014992503748125937,0,0.41304347826086957,0,0.0014992503748125937,0.022863568215892055,0.03110944527736132,0.031859070464767617,0.023238380809595203,0,0,0.0014992503748125937,0.034482758620689655,0.031859070464767617,0.0014992503748125937,0.03298350824587706,0,0.02361319340329835,0.0014992503748125937,0.0014992503748125937,0.031859070464767617,0.0014992503748125937,0.0014992503748125937,0.0014992503748125937,0.0014992503748125937,0.03223388305847077,0.024362818590704646,0,0.031484257871064465,0.0014992503748125937,0.030359820089955022,0.0014992503748125937,0.02811094452773613,0,0,0.0014992503748125937,0.030359820089955022,0.0014992503748125937,0.0014992503748125937,0.0014992503748125937,0.0014992503748125937,0.0014992503748125937,0.031484257871064465,0.030359820089955022,0.0014992503748125937,0.027361319340329836",1
"0,0,0,0,-1,1,-1,0,0,0,0,0,1,-1,0,0,0,0,0,1,0,0,0,0,0,0,0,0,0,0,1,0,0,0,0,0,-1,1,0,0,0,0,0,0,0,0,0,0,0","0.02442448062886019,0.024705221785513758,0.02442448062886019,0.024705221785513758,0,0,0,0.02442448062886019,0.02442448062886019,0.02442448062886019,0.02442448062886019,0.02442448062886019,0,0,0.02442448062886019,0.024705221785513758,0.02442448062886019,0.024705221785513758,0.02442448062886019,0,0.02442448062886019,0.02442448062886019,0.02442448062886019,0.02442448062886019,0.04211117349803481,0.02442448062886019,0.02442448062886019,0.02442448062886019,0.02442448062886019,0.02442448062886019,0,0.024705221785513758,0.02442448062886019,0.024705221785513758,0.02442448062886019,0.02442448062886019,0,0,0.02442448062886019,0.024705221785513758,0.02442448062886019,0.02442448062886019,0.02695115103874228,0.024705221785513758,0.02442448062886019,0.024705221785513758,0.02442448062886019,0.024705221785513758,0.02442448062886019",-1
"0,0,0,0,-1,1,-1,0,0,0,0,0,1,-1,0,0,0,0,0,1,0,0,0,0,-1,0,0,0,0,0,1,0,0,0,0,0,-1,1,0,0,0,0,0,0,0,0,0,0,0","0.029490616621983913,0.031405591727307544,0.02106472615855994,0.030256606664113367,0,0,0,0.02987361164304864,0.0015319800842589046,0.0015319800842589046,0.026043661432401378,0.02795863653772501,0,0,0.025277671390271927,0.025277671390271927,0.023362696284948296,0.02987361164304864,0.0015319800842589046,0,0.0015319800842589046,0.02987361164304864,0.030639601685178094,0.13749521256223668,0,0.030256606664113367,0.031022596706242817,0.028724626579854463,0.027575641516660282,0.024511681348142474,0,0.031788586748372274,0.031405591727307544,0.030639601685178094,0.029490616621983913,0.022596706242818843,0,0,0.02795863653772501,0.02987361164304864,0.0015319800842589046,0.0015319800842589046,0.031022596706242817,0.031022596706242817,0.030639601685178094,0.0015319800842589046,0.02106472615855994,0.030256606664113367,0.0015319800842589046",1
"0,0,0,0,-1,1,-1,0,0,0,0,0,1,-1,0,0,0,0,0,1,0,0,0,1,-1,0,0,0,0,0,1,0,0,0,0,0,-1,1,0,0,0,0,0,0,0,0,0,0,0","0.02623183268344559,0.02623183268344559,0.02623183268344559,0.02623183268344559,0,0,0,0.02623183268344559,0.02623183268344559,0.02623183268344559,0.02623183268344559,0.02623183268344559,0,0,0.02623183268344559,0.02623183268344559,0.02623183268344559,0.029422190712513292,0.02623183268344559,0,0.02623183268344559,0.02623183268344559,0.02623183268344559,0,0,0.02623183268344559,0.02623183268344559,0.02623183268344559,0.02623183268344559,0.02623183268344559,0,0.02623183268344559,0.02623183268344559,0.02623183268344559,0.02623183268344559,0.02623183268344559,0,0,0.02623183268344559,0.02623183268344559,0.02623183268344559,0.02623183268344559,0.02623183268344559,0.02623183268344559,0.02623183268344559,0.02623183268344559,0.02623183268344559,0.02623183268344559,0.02623183268344559",-1
"0,0,0,0,-1,1,-1,0,0,0,0,0,1,-1,0,0,0,-1,0,1,0,0,0,1,-1,0,0,0,0,0,1,0,0,0,0,0,-1,1,0,0,0,0,0,0,0,0,0,0,0","0.028672427336999214,0.019638648860958365,0.024351924587588374,0.02631578947368421,0,0,0,0.02631578947368421,0.001178318931657502,0.02670856245090338,0.029065200314218383,0.02631578947368421,0,0,0.028672427336999214,0.040455616653574236,0.040455616653574236,0,0.02631578947368421,0,0.019638648860958365,0.029065200314218383,0.029065200314218383,0,0,0.029065200314218383,0.029065200314218383,0.022780832678711706,0.029065200314218383,0.022388059701492536,0,0.029065200314218383,0.02631578947368421,0.029065200314218383,0.028672427336999214,0.019638648860958365,0,0,0.040455616653574236,0.029065200314218383,0.02631578947368421,0.02631578947368421,0.029065200314218383,0.028672427336999214,0.029065200314218383,0.02631578947368421,0.019638648860958365,0.029065200314218383,0.028672427336999214",1
"0,0,0,0,-1,1,-1,0,0,0,0,0,1,-1,0,1,0,-1,0,1,0,0,0,1,-1,0,0,0,0,0,1,0,0,0,0,0,-1,1,0,0,0,0,0,0,0,0,0,0,0","0.024542267238021036,0.024542267238021036,0.024542267238021036,0.02765874561745228,0,0,0,0.024542267238021036,0.024931827035449942,0.033112582781456956,0.024542267238021036,0.024542267238021036,0,0,0.030385664199454616,0,0.033112582781456956,0,0.024542267238021036,0,0.024931827035449942,0.024542267238021036,0.024542267238021036,0,0,0.04051421893260616,0.038176860148032725,0.024542267238021036,0.024542267238021036,0.030385664199454616,0,0.04051421893260616,0.02765874561745228,0.02765874561745228,0.024542267238021036,0.024542267238021036,0,0,0.030385664199454616,0.024542267238021036,0.033112582781456956,0.024542267238021036,0.030385664199454616,0.024542267238021036,0.024931827035449942,0.024542267238021036,0.03583950136345929,0.024542267238021036,0.024542267238021036",-1
"0,0,0,0,-1,1,-1,0,0,0,0,0,1,-1,0,1,0,-1,0,1,0,0,0,1,-1,-1,0,0,0,0,1,0,0,0,0,0,-1,1,0,0,0,0,0,0,0,0,0,0,0","0.027637212923316466,0.0011677695601401323,0.0011677695601401323,0.022187621642662515,0,0,0,0.04242896068509148,0.04242896068509148,0.027637212923316466,0.027637212923316466,0.0011677695601401323,0,0,0.027637212923316466,0,0.04242896068509148,0,0.04203970416504477,0,0.02024133904242896,0.04203970416504477,0.04203970416504477,0,0,0,0.027637212923316466,0.02140910860256909,0.04203970416504477,0.027247956403269755,0,0.026858699883223043,0.0011677695601401323,0.04242896068509148,0.04242896068509148,0.026858699883223043,0,0,0.027637212923316466,0.04242896068509148,0.04242896068509148,0.04203970416504477,0.0011677695601401323,0.04242896068509148,0.04203970416504477,0.027637212923316466,0.021019852082522383,0.04203970416504477,0.0011677695601401323",1
"0,0,0,0,-1,1,-1,1,0,0,0,0,1,-1,0,1,0,-1,0,1,0,0,0,1,-1,-1,0,0,0,0,1,0,0,0,0,0,-1,1,0,0,0,0,0,0,0,0,0,0,0","0.03300970873786408,0.024077669902912623,0.019029126213592235,0.030679611650485435,0,0,0,0,0.02174757281553398,0.028737864077669904,0.028349514563106797,0.03300970873786408,0,0,0.02174757281553398,0,0.03495145631067961,0,0.04504854368932039,0,0.036893203883495145,0.02640776699029126,0.04116504854368932,0,0,0,0.05436893203883495,0.03922330097087379,0.036893203883495145,0.04310679611650486,0,0.02174757281553398,0.02640776699029126,0.04504854368932039,0.019029126213592235,0.019029126213592235,0,0,0.019029126213592235,0.02174757281553398,0.03300970873786408,0.030679611650485435,0.019029126213592235,0.019029126213592235,0.019029126213592235,0.028737864077669904,0.036893203883495145,0.019029126213592235,0.024077669902912623",-1
"0,0,0,0,-1,1,-1,1,0,0,0,0,1,-1,0,1,0,-1,0,1,0,0,0,1,-1,-1,-1,0,0,0,1,0,0,0,0,0,-1,1,0,0,0,0,0,0,0,0,0,0,0","0.0015343306482546988,0.0015343306482546988,0.021480629075565784,0.016494054468738015,0,0,0,0,0.028001534330648253,0.02186421173762946,0.01726121979286536,0.0015343306482546988,0,0,0.0015343306482546988,0,0.3260452627541235,0,0.0015343306482546988,0,0.02531645569620253,0.0015343306482546988,0.3260452627541235,0,0,0,0,0.02109704641350211,0.02339854238588416,0.0015343306482546988,0,0.0015343306482546988,0.0015343306482546988,0.027234369006520907,0.0015343306482546988,0.02531645569620253,0,0,0.0015343306482546988,0.0015343306482546988,0.026467203682393557,0.0015343306482546988,0.0015343306482546988,0.0015343306482546988,0.027234369006520907,0.019562715765247412,0.0015343306482546988,0.0015343306482546988,0.02109704641350211",1
"0,0,0,0,-1,1,-1,1,0,0,0,0,1,-1,0,1,1,-1,0,1,0,0,0,1,-1,-1,-1,0,0,0,1,0,0,0,0,0,-1,1,0,0,0,0,0,0,0,0,0,0,0","0.031042796865581677,0.031042796865581677,0.03074141048824593,0.03375527426160337,0,0,0,0,0.031042796865581677,0.031042796865581677,0.03074141048824593,0.031042796865581677,0,0,0.03646775165762507,0,0,0,0.031042796865581677,0,0.03074141048824593,0.031042796865581677,0.03074141048824593,0,0,0,0,0.03074141048824593,0.031042796865581677,0.031042796865581677,0,0.031042796865581677,0.031042796865581677,0.031042796865581677,0.03375527426160337,0.03074141048824593,0,0,0.03074141048824593,0.03074141048824593,0.03074141048824593,0.03074141048824593,0.031042796865581677,0.03074141048824593,0.03074141048824593,0.03074141048824593,0.031042796865581677,0.031042796865581677,0.03074141048824593",-1
"0,0,0,0,-1,1,-1,1,0,0,0,0,1,-1,-1,1,1,-1,0,1,0,0,0,1,-1,-1,-1,0,0,0,1,0,0,0,0,0,-1,1,0,0,0,0,0,0,0,0,0,0,0","0.023938223938223938,0.024324324324324326,0.0416988416988417,0.0416988416988417,0,0,0,0,0.0416988416988417,0.023552123552123553,0.0416988416988417,0.04131274131274131,0,0,0,0,0,0,0.0416988416988417,0,0.024324324324324326,0.0416988416988417,0.024324324324324326,0,0,0,0,0.0011583011583011582,0.0011583011583011582,0.0416988416988417,0,0.0416988416988417,0.023938223938223938,0.0416988416988417,0.0416988416988417,0.0416988416988417,0,0,0.024324324324324326,0.0416988416988417,0.024324324324324326,0.023552123552123553,0.024324324324324326,0.0416988416988417,0.0416988416988417,0.023938223938223938,0.0416988416988417,0.024324324324324326,0.0416988416988417",1
"0,0,1,0,-1,1,-1,1,0,0,0,0,1,-1,-1,1,1,-1,0,1,0,0,0,1,-1,-1,-1,0,0,0,1,0,0,0,0,0,-1,1,0,0,0,0,0,0,0,0,0,0,0","0.031419705197827774,0.031419705197827774,0,0.04072924747866563,0,0,0,0,0.031419705197827774,0.03801396431342126,0.03801396431342126,0.031419705197827774,0,0,0,0,0,0,0.031419705197827774,0,0.03452288595810706,0.031419705197827774,0.031419705197827774,0,0,0,0,0.031419705197827774,0.03491078355314197,0.03452288595810706,0,0.031419705197827774,0.031419705197827774,0.03452288595810706,0.031419705197827774,0.03452288595810706,0,0,0.031419705197827774,0.031419705197827774,0.031419705197827774,0.031419705197827774,0.031419705197827774,0.031419705197827774,0.031419705197827774,0.04383242823894492,0.03491078355314197,0.03452288595810706,0.031419705197827774",-1
"0,0,1,0,-1,1,-1,1,0,0,0,0,1,-1,-1,1,1,-1,0,1,0,0,0,1,-1,-1,-1,0,0,0,1,0,0,0,0,0,-1,1,0,0,0,0,0,0,0,-1,0,0,0","0.04760061919504644,0.02321981424148607,0,0.02321981424148607,0,0,0,0,0.04760061919504644,0.04760061919504644,0.04760061919504644,0.04760061919504644,0,0,0,0,0,0,0.04760061919504644,0,0.047987616099071206,0.04760061919504644,0.02321981424148607,0,0,0,0,0.02321981424148607,0.04760061919504644,0.04760061919504644,0,0.02321981424148607,0.0011609907120743034,0.04760061919504644,0.04760061919504644,0.04760061919504644,0,0,0.02321981424148607,0.02321981424148607,0.02321981424148607,0.04760061919504644,0.04760061919504644,0.0011609907120743034,0.0011609907120743034,0,0.04760061919504644,0.0011609907120743034,0.04760061919504644",1
"0,0,1,0,-1,1,-1,1,0,0,0,0,1,-1,-1,1,1,-1,0,1,1,0,0,1,-1,-1,-1,0,0,0,1,0,0,0,0,0,-1,1,0,0,0,0,0,0,0,-1,0,0,0","0.038906009244992296,0.03543913713405239,0,0.03505392912172573,0,0,0,0,0.038906009244992296,0.038906009244992296,0.03505392912172573,0.03505392912172573,0,0,0,0,0,0,0.03505392912172573,0,0,0.03543913713405239,0.03543913713405239,0,0,0,0,0.03505392912172573,0.03505392912172573,0.03543913713405239,0,0.03505392912172573,0.03505392912172573,0.03505392912172573,0.03505392912172573,0.03505392912172573,0,0,0.03543913713405239,0.03505392912172573,0.03543913713405239,0.03543913713405239,0.03505392912172573,0.038906009244992296,0.03505392912172573,0,0.03505392912172573,0.03505392912172573,0.03543913713405239",-1
"-1,0,1,0,-1,1,-1,1,0,0,0,0,1,-1,-1,1,1,-1,0,1,1,0,0,1,-1,-1,-1,0,0,0,1,0,0,0,0,0,-1,1,0,0,0,0,0,0,0,-1,0,0,0","0,0.039627039627039624,0,0.040015540015540016,0,0,0,0,0.040015540015540016,0.039627039627039624,0.039627039627039624,0.039627039627039624,0,0,0,0,0,0,0.039627039627039624,0,0,0.040015540015540016,0.039627039627039624,0,0,0,0,0.040015540015540016,0.039627039627039624,0.040015540015540016,0,0.040015540015540016,0.021367521367521368,0.040015540015540016,0.039627039627039624,0.040015540015540016,0,0,0.0011655011655011655,0.039627039627039624,0.040015540015540016,0.021367521367521368,0.039627039627039624,0.040015540015540016,0.040015540015540016,0,0.040015540015540016,0.039627039627039624,0.040015540015540016",1
"-1,0,1,1,-1,1,-1,1,0,0,0,0,1,-1,-1,1,1,-1,0,1,1,0,0,1,-1,-1,-1,0,0,0,1,0,0,0,0,0,-1,1,0,0,0,0,0,0,0,-1,0,0,0","0,0.037640667442762905,0,0,0,0,0,0,0.04152114862242918,0.03802871556072953,0.045013581684128834,0.04152114862242918,0,0,0,0,0,0,0.03802871556072953,0,0,0.03802871556072953,0.03802871556072953,0,0,0,0,0.037640667442762905,0.037640667442762905,0.03802871556072953,0,0.03802871556072953,0.03802871556072953,0.03802871556072953,0.03802871556072953,0.037640667442762905,0,0,0.03802871556072953,0.03802871556072953,0.03802871556072953,0.03802871556072953,0.03802871556072953,0.03802871556072953,0.037640667442762905,0,0.037640667442762905,0.03802871556072953,0.037640667442762905",-1
"-1,0,1,1,-1,1,-1,1,0,0,-1,0,1,-1,-1,1,1,-1,0,1,1,0,0,1,-1,-1,-1,0,0,0,1,0,0,0,0,0,-1,1,0,0,0,0,0,0,0,-1,0,0,0","0,0.0011578541103820917,0,0,0,0,0,0,0.09455808568120416,0.09494403705133153,0,0.0192975685063682,0,0,0,0,0,0,0.021227325357005018,0,0,0.021227325357005018,0.09494403705133153,0,0,0,0,0.09494403705133153,0.018911617136240833,0.020841373986877652,0,0.09494403705133153,0.020841373986877652,0.021227325357005018,0.020841373986877652,0.021227325357005018,0,0,0.021227325357005018,0.021227325357005018,0.09494403705133153,0.0011578541103820917,0.09494403705133153,0.021227325357005018,0.021227325357005018,0,0.021227325357005018,0.021227325357005018,0.02045542261675029",1
"-1,0,1,1,-1,1,-1,1,0,1,-1,0,1,-1,-1,1,1,-1,0,1,1,0,0,1,-1,-1,-1,0,0,0,1,0,0,0,0,0,-1,1,0,0,0,0,0,0,0,-1,0,0,0","0,0.04151359294636297,0,0,0,0,0,0,0.04188096987509184,0,0,0.04151359294636297,0,0,0,0,0,0,0.04151359294636297,0,0,0.04188096987509184,0.04151359294636297,0,0,0,0,0.04188096987509184,0.04188096987509184,0.04151359294636297,0,0.04151359294636297,0.04188096987509184,0.04188096987509184,0.04151359294636297,0.04188096987509184,0,0,0.04151359294636297,0.04151359294636297,0.04151359294636297,0.04151359294636297,0.04151359294636297,0.04188096987509184,0.04151359294636297,0,0.04188096987509184,0.04188096987509184,0.04151359294636297",-1
"-1,0,1,1,-1,1,-1,1,-1,1,-1,0,1,-1,-1,1,1,-1,0,1,1,0,0,1,-1,-1,-1,0,0,0,1,0,0,0,0,0,-1,1,0,0,0,0,0,0,0,-1,0,0,0","0,0.04361250482439213,0,0,0,0,0,0,0,0,0,0.04361250482439213,0,0,0,0,0,0,0.04361250482439213,0,0,0.04361250482439213,0.043226553454264766,0,0,0,0,0.043226553454264766,0.04361250482439213,0.04361250482439213,0,0.04361250482439213,0.04361250482439213,0.04361250482439213,0.04361250482439213,0.043226553454264766,0,0,0.043226553454264766,0.04361250482439213,0.04361250482439213,0.04361250482439213,0.043226553454264766,0.043226553454264766,0.043226553454264766,0,0.04361250482439213,0.04361250482439213,0.043226553454264766",1
"-1,1,1,1,-1,1,-1,1,-1,1,-1,0,1,-1,-1,1,1,-1,0,1,1,0,0,1,-1,-1,-1,0,0,0,1,0,0,0,0,0,-1,1,0,0,0,0,0,0,0,-1,0,0,0","0,0,0,0,0,0,0,0,0,0,0,0.04554226167502894,0,0,0,0,0,0,0.04515631030490158,0,0,0.04554226167502894,0.04554226167502894,0,0,0,0,0.04554226167502894,0.04554226167502894,0.04554226167502894,0,0.04554226167502894,0.04554226167502894,0.04554226167502894,0.04554226167502894,0.04554226167502894,0,0,0.04554226167502894,0.04515631030490158,0.04515631030490158,0.04554226167502894,0.04554226167502894,0.04554226167502894,0.04554226167502894,0,0.04515631030490158,0.04515631030490158,0.04554226167502894",-1
"-1,1,1,1,-1,1,-1,1,-1,1,-1,-1,1,-1,-1,1,1,-1,0,1,1,0,0,1,-1,-1,-1,0,0,0,1,0,0,0,0,0,-1,1,0,0,0,0,0,0,0,-1,0,0,0","0,0,0,0,0,0,0,0,0,0,0,0,0,0,0,0,0,0,0.047747400847131305,0,0,0.047362341162880246,0.047747400847131305,0,0,0,0,0.047362341162880246,0.047747400847131305,0.047747400847131305,0,0.047747400847131305,0.047362341162880246,0.047362341162880246,0.047747400847131305,0.047362341162880246,0,0,0.047747400847131305,0.047362341162880246,0.047747400847131305,0.047747400847131305,0.047747400847131305,0.047747400847131305,0.047362341162880246,0,0.047747400847131305,0.047747400847131305,0.047747400847131305",1
"-1,1,1,1,-1,1,-1,1,-1,1,-1,-1,1,-1,-1,1,1,-1,1,1,1,0,0,1,-1,-1,-1,0,0,0,1,0,0,0,0,0,-1,1,0,0,0,0,0,0,0,-1,0,0,0","0,0,0,0,0,0,0,0,0,0,0,0,0,0,0,0,0,0,0,0,0,0.04992319508448541,0.04992319508448541,0,0,0,0,0.050307219662058374,0.050307219662058374,0.04992319508448541,0,0.04992319508448541,0.050307219662058374,0.04992319508448541,0.04992319508448541,0.04992319508448541,0,0,0.04992319508448541,0.04992319508448541,0.04992319508448541,0.04992319508448541,0.04992319508448541,0.04992319508448541,0.050307219662058374,0,0.04992319508448541,0.04992319508448541,0.04992319508448541",-1
"-1,1,1,1,-1,1,-1,1,-1,1,-1,-1,1,-1,-1,1,1,-1,1,1,1,0,0,1,-1,-1,-1,-1,0,0,1,0,0,0,0,0,-1,1,0,0,0,0,0,0,0,-1,0,0,0","0,0,0,0,0,0,0,0,0,0,0,0,0,0,0,0,0,0,0,0,0,0.05245022970903522,0.052833078101071976,0,0,0,0,0,0.05245022970903522,0.05245022970903522,0,0.05245022970903522,0.05245022970903522,0.052833078101071976,0.052833078101071976,0.052833078101071976,0,0,0.05245022970903522,0.05245022970903522,0.05245022970903522,0.052833078101071976,0.052833078101071976,0.052833078101071976,0.052833078101071976,0,0.05245022970903522,0.052833078101071976,0.05245022970903522",1
"-1,1,1,1,-1,1,-1,1,-1,1,-1,-1,1,-1,-1,1,1,-1,1,1,1,0,1,1,-1,-1,-1,-1,0,0,1,0,0,0,0,0,-1,1,0,0,0,0,0,0,0,-1,0,0,0","0,0,0,0,0,0,0,0,0,0,0,0,0,0,0,0,0,0,0,0,0,0.05534351145038168,0,0,0,0,0,0,0.05534351145038168,0.055725190839694655,0,0.055725190839694655,0.055725190839694655,0.055725190839694655,0.05534351145038168,0.055725190839694655,0,0,0.055725190839694655,0.05534351145038168,0.05534351145038168,0.05534351145038168,0.055725190839694655,0.05534351145038168,0.055725190839694655,0,0.05534351145038168,0.055725190839694655,0.055725190839694655",-1
"-1,1,1,1,-1,1,-1,1,-1,1,-1,-1,1,-1,-1,1,1,-1,1,1,1,0,1,1,-1,-1,-1,-1,0,-1,1,0,0,0,0,0,-1,1,0,0,0,0,0,0,0,-1,0,0,0","0,0,0,0,0,0,0,0,0,0,0,0,0,0,0,0,0,0,0,0,0,0.05895777862305059,0,0,0,0,0,0,0.05895777862305059,0,0,0.05895777862305059,0.05895777862305059,0.05895777862305059,0.05895777862305059,0.05895777862305059,0,0,0.05895777862305059,0.058577405857740586,0.058577405857740586,0.05895777862305059,0.05895777862305059,0.058577405857740586,0.058577405857740586,0,0.058577405857740586,0.05895777862305059,0.058577405857740586",1
"-1,1,1,1,-1,1,-1,1,-1,1,-1,-1,1,-1,-1,1,1,-1,1,1,1,1,1,1,-1,-1,-1,-1,0,-1,1,0,0,0,0,0,-1,1,0,0,0,0,0,0,0,-1,0,0,0","0,0,0,0,0,0,0,0,0,0,0,0,0,0,0,0,0,0,0,0,0,0,0,0,0,0,0,0,0.06252368321333839,0,0,0.06252368321333839,0.06252368321333839,0.06252368321333839,0.06252368321333839,0.06252368321333839,0,0,0.06252368321333839,0.06252368321333839,0.06252368321333839,0.06252368321333839,0.06252368321333839,0.06252368321333839,0.06252368321333839,0,0.06252368321333839,0.06252368321333839,0.062144751799924215",-1
"-1,1,1,1,-1,1,-1,1,-1,1,-1,-1,1,-1,-1,1,1,-1,1,1,1,1,1,1,-1,-1,-1,-1,-1,-1,1,0,0,0,0,0,-1,1,0,0,0,0,0,0,0,-1,0,0,0","0,0,0,0,0,0,0,0,0,0,0,0,0,0,0,0,0,0,0,0,0,0,0,0,0,0,0,0,0,0,0,0.06641509433962264,0.06679245283018868,0.06679245283018868,0.06641509433962264,0.06679245283018868,0,0,0.06679245283018868,0.06679245283018868,0.06679245283018868,0.06679245283018868,0.06679245283018868,0.06679245283018868,0.06679245283018868,0,0.06641509433962264,0.06641509433962264,0.06641509433962264",1
"-1,1,1,1,-1,1,-1,1,-1,1,-1,-1,1,-1,-1,1,1,-1,1,1,1,1,1,1,-1,-1,-1,-1,-1,-1,1,0,1,0,0,0,-1,1,0,0,0,0,0,0,0,-1,0,0,0","0,0,0,0,0,0,0,0,0,0,0,0,0,0,0,0,0,0,0,0,0,0,0,0,0,0,0,0,0,0,0,0.06759294029290275,0,0.06759294029290275,0.06759294029290275,0.06759294029290275,0,0,0.06759294029290275,0.06759294029290275,0.06796845662786331,0.06759294029290275,0.06796845662786331,0.11565903116785581,0.07172361997746902,0,0.06796845662786331,0.06796845662786331,0.06759294029290275",-1
"-1,1,1,1,-1,1,-1,1,-1,1,-1,-1,1,-1,-1,1,1,-1,1,1,1,1,1,1,-1,-1,-1,-1,-1,-1,1,0,1,0,0,0,-1,1,0,0,0,0,0,-1,0,-1,0,0,0","0,0,0,0,0,0,0,0,0,0,0,0,0,0,0,0,0,0,0,0,0,0,0,0,0,0,0,0,0,0,0,0.011806797853309481,0,0.011806797853309481,0.011806797853309481,0.011806797853309481,0,0,0.011806797853309481,0.011806797853309481,0.011806797853309481,0.17209302325581396,0.011806797853309481,0,0.6980322003577818,0,0.011806797853309481,0.011806797853309481,0.011806797853309481",1
"0,0,0,0,0,0,0,0,0,0,0,0,0,0,0,0,0,0,0,0,0,0,0,0,0,0,0,0,0,0,0,0,0,0,0,0,0,0,0,0,0,0,0,0,0,0,0,0,0","0.0012239902080783353,0.02447980416156671,0.023663810689514484,0.024071807425540596,0.022031823745410038,0.025703794369645042,0.02447980416156671,0.022031823745410038,0.026111791105671155,0.021215830273357814,0.02692778457772338,0.026111791105671155,0.0012239902080783353,0.025703794369645042,0.025703794369645042,0.02692778457772338,0.028151774785801713,0.0012239902080783353,0.025703794369645042,0.023255813953488372,0.025703794369645042,0.0012239902080783353,0.02284781721746226,0.0012239902080783353,0.024071807425540596,0.02284781721746226,0.0012239902080783353,0.021215830273357814,0.023255813953488372,0.02447980416156671,0.025703794369645042,0.0012239902080783353,0.02284781721746226,0.028967768257853937,0.022439820481436147,0.02529579763361893,0.0012239902080783353,0.025703794369645042,0.025703794369645042,0.0208078335373317,0.025703794369645042,0.025703794369645042,0.025703794369645042,0.023663810689514484,0.02692778457772338,0.0277437780497756,0.025703794369645042,0.0012239902080783353,0.023663810689514484",-1
"0,0,0,0,0,0,0,0,0,0,0,0,0,0,0,0,0,0,0,0,0,0,0,0,0,0,0,0,0,0,0,0,0,-1,0,0,0,0,0,0,0,0,0,0,0,0,0,0,0","0.0047562425683709865,0.0047562425683709865,0.0047562425683709865,0.0047562425683709865,0.0047562425683709865,0.0047562425683709865,0.0047562425683709865,0.0047562425683709865,0.059453032104637336,0.0047562425683709865,0.055489496630994846,0.0047562425683709865,0.0047562425683709865,0.0047562425683709865,0.0047562425683709865,0.0047562425683709865,0.0047562425683709865,0.0047562425683709865,0.0047562425683709865,0.0047562425683709865,0.0047562425683709865,0.0047562425683709865,0.0047562425683709865,0.0047562425683709865,0.0047562425683709865,0.0047562425683709865,0.0047562425683709865,0.05866032500990884,0.0047562425683709865,0.0047562425683709865,0.07253269916765755,0.0047562425683709865,0.0047562425683709865,0,0.0047562425683709865,0.0047562425683709865,0.0047562425683709865,0.3571145461751883,0.07372175980975029,0.0047562425683709865,0.07332540626238605,0.0047562425683709865,0.0047562425683709865,0.0047562425683709865,0.0047562425683709865,0.059453032104637336,0.0047562425683709865,0.0047562425683709865,0.0047562425683709865",1
"0,0,0,0,0,0,0,0,0,0,0,0,0,0,0,0,0,0,0,0,0,0,0,0,0,0,0,0,0,0,0,0,0,-1,0,0,0,1,0,0,0,0,0,0,0,0,0,0,0","0.008944543828264758,0.008944543828264758,0.008944543828264758,0.008944543828264758,0.008944543828264758,0.06797853309481217,0.008944543828264758,0.008944543828264758,0.008944543828264758,0.008944543828264758,0.008944543828264758,0.008944543828264758,0.008944543828264758,0.008944543828264758,0.008944543828264758,0.008944543828264758,0.008944543828264758,0.008944543828264758,0.06797853309481217,0.008944543828264758,0.008944543828264758,0.008944543828264758,0.008944543828264758,0.008944543828264758,0.008944543828264758,0.008944543828264758,0.008944543828264758,0.008944543828264758,0.008944543828264758,0.008944543828264758,0.008944543828264758,0.47048300536672627,0.008944543828264758,0,0.008944543828264758,0.008944543828264758,0.008944543828264758,0,0.008944543828264758,0.008944543828264758,0.008944543828264758,0.008944543828264758,0.008944543828264758,0.008944543828264758,0.008944543828264758,0.008944543828264758,0.008944543828264758,0.008944543828264758,0.008944543828264758",-1
"0,0,0,0,0,0,0,0,0,0,0,0,0,0,0,0,0,0,0,0,0,0,0,0,0,0,0,0,0,0,0,-1,0,-1,0,0,0,1,0,0,0,0,0,0,0,0,0,0,0","0.00992063492063492,0.009672619047619048,0.009672619047619048,0.009672619047619048,0.00992063492063492,0.00992063492063492,0.009672619047619048,0.009672619047619048,0.00992063492063492,0.07390873015873016,0.00992063492063492,0.00992063492063492,0.07118055555555555,0.009672619047619048,0.00992063492063492,0.00992063492063492,0.009672619047619048,0.009672619047619048,0.009672619047619048,0.00992063492063492,0.009672619047619048,0.00992063492063492,0.00992063492063492,0.00992063492063492,0.009672619047619048,0.009672619047619048,0.009672619047619048,0.00992063492063492,0.00992063492063492,0.11185515873015874,0.11359126984126984,0,0.009672619047619048,0,0.00992063492063492,0.009672619047619048,0.009672619047619048,0,0.009672619047619048,0.07217261904761904,0.07291666666666667,0.009672619047619048,0.009672619047619048,0.009672619047619048,0.009672619047619048,0.00992063492063492,0.10317460317460317,0.009672619047619048,0.009672619047619048",1
"0,0,0,0,0,0,0,0,0,0,0,0,0,0,0,0,0,0,0,0,0,0,0,0,0,0,0,0,0,0,1,-1,0,-1,0,0,0,1,0,0,0,0,0,0,0,0,0,0,0","0.006179196704428424,0.006179196704428424,0.061791967044284246,0.006179196704428424,0.0641949879848953,0.006179196704428424,0.006179196704428424,0.05904565739787161,0.0607621009268795,0.057329213868863714,0.0707174733951253,0.0624785444558874,0.006179196704428424,0.006179196704428424,0.006179196704428424,0.006179196704428424,0.061791967044284246,0.006179196704428424,0.006179196704428424,0.006179196704428424,0.057329213868863714,0.006179196704428424,0.006179196704428424,0.006179196704428424,0.006179196704428424,0.006179196704428424,0.006179196704428424,0.006179196704428424,0.006179196704428424,0.006179196704428424,0,0,0.006179196704428424,0,0.006179196704428424,0.006179196704428424,0.006179196704428424,0,0.0624785444558874,0.0607621009268795,0.006179196704428424,0.006179196704428424,0.061791967044284246,0.006179196704428424,0.006179196704428424,0.061791967044284246,0.006179196704428424,0.006179196704428424,0.006179196704428424",-1
"0,0,0,0,0,0,0,0,0,0,-1,0,0,0,0,0,0,0,0,0,0,0,0,0,0,0,0,0,0,0,1,-1,0,-1,0,0,0,1,0,0,0,0,0,0,0,0,0,0,0","0.0018782870022539444,0.035311795642374154,0.0018782870022539444,0.0018782870022539444,0.040946656649135986,0.04169797145003756,0.0018782870022539444,0.0018782870022539444,0.0018782870022539444,0.0018782870022539444,0,0.0018782870022539444,0.34335086401202103,0.0018782870022539444,0.038692712246431255,0.0018782870022539444,0.0018782870022539444,0.03944402704733283,0.03944402704733283,0.0638617580766341,0.04282494365138993,0.0018782870022539444,0.03944402704733283,0.03268219383921863,0.0018782870022539444,0.0018782870022539444,0.0018782870022539444,0.0405709992486852,0.0018782870022539444,0.03794139744552968,0,0,0.0018782870022539444,0,0.0018782870022539444,0.03606311044327573,0.037565740045078885,0,0.0018782870022539444,0.0018782870022539444,0.0018782870022539444,0.0018782870022539444,0.0018782870022539444,0.0018782870022539444,0.0018782870022539444,0.0018782870022539444,0.0018782870022539444,0.0018782870022539444,0.037565740045078885",1
"0,0,0,0,0,0,0,0,0,0,-1,0,1,0,0,0,0,0,0,0,0,0,0,0,0,0,0,0,0,0,1,-1,0,-1,0,0,0,1,0,0,0,0,0,0,0,0,0,0,0","0.015722337585286267,0.0231385345594779,0.015722337585286267,0.015722337585286267,0.017798872738059923,0.015722337585286267,0.03292791456541086,0.015722337585286267,0.017798872738059923,0.015722337585286267,0,0.037674280628893504,0,0.017798872738059923,0.015722337585286267,0.024918421833283893,0.029961435775734204,0.024918421833283893,0.03292791456541086,0.021358647285671908,0.019578760011865915,0.019578760011865915,0.015722337585286267,0.017798872738059923,0.13230495401957876,0.029961435775734204,0.017798872738059923,0.015722337585286267,0.015722337585286267,0.024918421833283893,0,0,0.019578760011865915,0,0.019578760011865915,0.017798872738059923,0.017798872738059923,0,0.015722337585286267,0.021358647285671908,0.019578760011865915,0.017798872738059923,0.02818154850192821,0.017798872738059923,0.017798872738059923,0.015722337585286267,0.029961435775734204,0.017798872738059923,0.0231385345594779",-1
"0,0,0,0,0,0,0,0,0,0,-1,0,1,0,0,0,0,0,0,0,0,0,0,0,-1,0,0,0,0,0,1,-1,0,-1,0,0,0,1,0,0,0,0,0,0,0,0,0,0,0","0.03340220385674931,0.002066115702479339,0.002066115702479339,0.03409090909090909,0.0371900826446281,0.026859504132231406,0.002066115702479339,0.002066115702479339,0.002066115702479339,0.03409090909090909,0,0.03340220385674931,0,0.03512396694214876,0.002066115702479339,0.002066115702479339,0.0337465564738292,0.002066115702479339,0.03512396694214876,0.029614325068870524,0.002066115702479339,0.0371900826446281,0.03133608815426997,0.30303030303030304,0,0.0337465564738292,0.002066115702479339,0.002066115702479339,0.0337465564738292,0.002066115702479339,0,0,0.002066115702479339,0,0.0337465564738292,0.029958677685950414,0.030647382920110194,0,0.002066115702479339,0.002066115702479339,0.002066115702479339,0.029958677685950414,0.002066115702479339,0.002066115702479339,0.002066115702479339,0.029614325068870524,0.002066115702479339,0.030991735537190084,0.002066115702479339",1
"0,0,0,0,0,0,0,0,0,0,-1,0,1,0,0,0,0,0,0,0,0,0,0,1,-1,0,0,0,0,0,1,-1,0,-1,0,0,0,1,0,0,0,0,0,0,0,0,0,0,0","0.017969451931716084,0.017969451931716084,0.020365378855944895,0.017969451931716084,0.017969451931716084,0.017969451931716084,0.04851752021563342,0.022162324049116503,0.022162324049116503,0.017969451931716084,0,0.017969451931716084,0,0.020365378855944895,0.017969451931716084,0.022162324049116503,0.02605570530098832,0.14764899670560047,0.036837376460017966,0.02006588799041629,0.020365378855944895,0.02605570530098832,0.031746031746031744,0,0,0.020365378855944895,0.017969451931716084,0.017969451931716084,0.022162324049116503,0.020964360587002098,0,0,0.017969451931716084,0,0.020365378855944895,0.017969451931716084,0.017969451931716084,0,0.022162324049116503,0.017969451931716084,0.02605570530098832,0.017969451931716084,0.017969451931716084,0.017969451931716084,0.017969451931716084,0.017969451931716084,0.02605570530098832,0.017969451931716084,0.017969451931716084",-1
"0,0,0,0,0,0,0,0,0,0,-1,0,1,0,0,0,0,-1,0,0,0,0,0,1,-1,0,0,0,0,0,1,-1,0,-1,0,0,0,1,0,0,0,0,0,0,0,0,0,0,0","0.05485946495089739,0.005079580088046055,0.005079580088046055,0.005079580088046055,0.04537758211987809,0.005079580088046055,0.005079580088046055,0.005079580088046055,0.0555367422959702,0.005079580088046055,0,0.05113443955299695,0,0.04910260751777853,0.005079580088046055,0.057907213003725026,0.06061632238401626,0,0.005079580088046055,0.005079580088046055,0.005079580088046055,0.05350491026075178,0.049779884862851335,0,0,0.005079580088046055,0.005079580088046055,0.04910260751777853,0.005079580088046055,0.005079580088046055,0,0,0.06061632238401626,0,0.005079580088046055,0.04740941415509651,0.005079580088046055,0,0.005079580088046055,0.005079580088046055,0.05181171689806976,0.005079580088046055,0.05282763291567897,0.04910260751777853,0.005079580088046055,0.04537758211987809,0.005079580088046055,0.04910260751777853,0.005079580088046055",1
"0,0,0,0,0,0,0,0,0,0,-1,0,1,0,0,0,1,-1,0,0,0,0,0,1,-1,0,0,0,0,0,1,-1,0,-1,0,0,0,1,0,0,0,0,0,0,0,0,0,0,0","0.005303030303030303,0.005303030303030303,0.05946969696969697,0.005303030303030303,0.005303030303030303,0.051515151515151514,0.005303030303030303,0.005303030303030303,0.005303030303030303,0.45454545454545453,0,0.05303030303030303,0,0.005303030303030303,0.005303030303030303,0.005303030303030303,0,0,0.005303030303030303,0.005303030303030303,0.005303030303030303,0.005303030303030303,0.005303030303030303,0,0,0.005303030303030303,0.005303030303030303,0.005303030303030303,0.005303030303030303,0.005303030303030303,0,0,0.005303030303030303,0,0.005303030303030303,0.051515151515151514,0.005303030303030303,0,0.005303030303030303,0.005303030303030303,0.0571969696969697,0.04621212121212121,0.005303030303030303,0.005303030303030303,0.005303030303030303,0.005303030303030303,0.005303030303030303,0.005303030303030303,0.06212121212121212",-1
"0,0,0,0,0,0,0,0,0,-1,-1,0,1,0,0,0,1,-1,0,0,0,0,0,1,-1,0,0,0,0,0,1,-1,0,-1,0,0,0,1,0,0,0,0,0,0,0,0,0,0,0","0.10595303113052977,0.01474604041507373,0.03194975423265975,0.012834516657564172,0.02239213544511196,0.07154560349535773,0.02239213544511196,0.023757509557618788,0.01774986346258875,0,0,0.02785363189513927,0,0.023757509557618788,0.012834516657564172,0.023757509557618788,0,0,0.026488257782632443,0.025122883670125613,0.016384489350081924,0.02075368651010377,0.025122883670125613,0,0,0.0772801747678864,0.01474604041507373,0.025122883670125613,0.01474604041507373,0.016384489350081924,0,0,0.02785363189513927,0,0.02075368651010377,0.01774986346258875,0.02239213544511196,0,0.023757509557618788,0.023757509557618788,0.012834516657564172,0.012834516657564172,0.016384489350081924,0.025122883670125613,0.019388312397596943,0.013107591480065538,0.012834516657564172,0.012834516657564172,0.0647187329328236",1
"1,0,0,0,0,0,0,0,0,-1,-1,0,1,0,0,0,1,-1,0,0,0,0,0,1,-1,0,0,0,0,0,1,-1,0,-1,0,0,0,1,0,0,0,0,0,0,0,0,0,0,0","0,0.0014030164854437039,0.0014030164854437039,0.0014030164854437039,0.02630655910206945,0.024202034373903895,0.02911259207295686,0.030164854437039635,0.028411083830235006,0,0,0.025955804980708524,0,0.0014030164854437039,0.03051560855840056,0.0014030164854437039,0,0,0.02350052613118204,0.028761837951595932,0.0014030164854437039,0.5236759031918625,0.03051560855840056,0,0,0.0014030164854437039,0.0014030164854437039,0.0014030164854437039,0.0014030164854437039,0.0014030164854437039,0,0,0.0014030164854437039,0,0.0014030164854437039,0.028761837951595932,0.028411083830235006,0,0.0014030164854437039,0.0014030164854437039,0.02981410031567871,0.0014030164854437039,0.0014030164854437039,0.0014030164854437039,0.0014030164854437039,0.028761837951595932,0.0014030164854437039,0.025955804980708524,0.02911259207295686",-1
"1,0,0,0,0,0,0,0,0,-1,-1,0,1,0,0,0,1,-1,0,0,0,-1,0,1,-1,0,0,0,0,0,1,-1,0,-1,0,0,0,1,0,0,0,0,0,0,0,0,0,0,0","0,0.02350265352539803,0.03664392216325499,0.017942886024766236,0.02880970432145565,0.019964619661359616,0.02350265352539803,0.02350265352539803,0.025271670457417236,0,0,0.021733636593378822,0,0.027040687389436442,0.019964619661359616,0.0384129390952742,0,0,0.019964619661359616,0.0384129390952742,0.025271670457417236,0,0.03209502148091989,0,0,0.0502906242102603,0.027040687389436442,0.021733636593378822,0.02880970432145565,0.017942886024766236,0,0,0.030326004548900682,0,0.03209502148091989,0.017942886024766236,0.02880970432145565,0,0.017942886024766236,0.0384129390952742,0.03209502148091989,0.019964619661359616,0.02880970432145565,0.03361132170836492,0.036896638867829165,0.025271670457417236,0.0429618397776093,0.025271670457417236,0.021733636593378822",1
"1,0,0,0,0,0,0,0,0,-1,-1,0,1,0,0,0,1,-1,0,0,0,-1,0,1,-1,1,0,0,0,0,1,-1,0,-1,0,0,0,1,0,0,0,0,0,0,0,0,0,0,0","0,0.024024024024024024,0.0015015015015015015,0.0015015015015015015,0.0015015015015015015,0.027777777777777776,0.028903903903903905,0.0015015015015015015,0.0015015015015015015,0,0,0.0015015015015015015,0,0.0015015015015015015,0.0259009009009009,0.027777777777777776,0,0,0.30518018018018017,0.0015015015015015015,0.0015015015015015015,0,0.02927927927927928,0,0,0,0.0015015015015015015,0.027777777777777776,0.027402402402402402,0.027777777777777776,0,0,0.3048048048048048,0,0.0015015015015015015,0.0015015015015015015,0.0015015015015015015,0,0.027402402402402402,0.029654654654654656,0.0015015015015015015,0.0015015015015015015,0.0015015015015015015,0.0015015015015015015,0.0015015015015015015,0.0015015015015015015,0.028528528528528527,0.027777777777777776,0.0015015015015015015",-1
"1,0,0,0,0,0,0,0,0,-1,-1,0,1,0,0,0,1,-1,-1,0,0,-1,0,1,-1,1,0,0,0,0,1,-1,0,-1,0,0,0,1,0,0,0,0,0,0,0,0,0,0,0","0,0.028057334553217444,0.02775236352546508,0.02775236352546508,0.028057334553217444,0.02775236352546508,0.02775236352546508,0.02775236352546508,0.02775236352546508,0,0,0.02775236352546508,0,0.02775236352546508,0.02775236352546508,0.05641964013418725,0,0,0,0.04056114669106435,0.03324184202500762,0,0.02775236352546508,0,0,0,0.030497102775236352,0.030497102775236352,0.02775236352546508,0.028057334553217444,0,0,0.02775236352546508,0,0.02775236352546508,0.02775236352546508,0.02775236352546508,0,0.02775236352546508,0.02775236352546508,0.030497102775236352,0.02775236352546508,0.02775236352546508,0.028057334553217444,0.02775236352546508,0.02775236352546508,0.02775236352546508,0.02775236352546508,0.02775236352546508",1
"1,0,0,0,0,0,0,0,0,-1,-1,0,1,0,0,1,1,-1,-1,0,0,-1,0,1,-1,1,0,0,0,0,1,-1,0,-1,0,0,0,1,0,0,0,0,0,0,0,0,0,0,0","0,0.0030165912518853697,0.03619909502262444,0.0030165912518853697,0.04110105580693816,0.03695324283559578,0.0030165912518853697,0.11538461538461539,0.057692307692307696,0,0,0.0030165912518853697,0,0.0030165912518853697,0.06221719457013575,0,0,0,0,0.042232277526395176,0.0030165912518853697,0,0.0030165912518853697,0,0,0,0.0030165912518853697,0.0030165912518853697,0.04110105580693816,0.04110105580693816,0,0,0.042232277526395176,0,0.0030165912518853697,0.042232277526395176,0.04110105580693816,0,0.04147812971342383,0.03506787330316742,0.042232277526395176,0.03506787330316742,0.0030165912518853697,0.033936651583710405,0.042232277526395176,0.0030165912518853697,0.042232277526395176,0.03205128205128205,0.05995475113122172",-1
"1,0,0,0,0,0,0,-1,0,-1,-1,0,1,0,0,1,1,-1,-1,0,0,-1,0,1,-1,1,0,0,0,0,1,-1,0,-1,0,0,0,1,0,0,0,0,0,0,0,0,0,0,0","0,0.0014419610670511895,0.0014419610670511895,0.0014419610670511895,0.0014419610670511895,0.0014419610670511895,0.0014419610670511895,0,0.9552992069214131,0,0,0.0014419610670511895,0,0.0014419610670511895,0.0014419610670511895,0,0,0,0,0.0014419610670511895,0.0014419610670511895,0,0.0014419610670511895,0,0,0,0.0014419610670511895,0.0014419610670511895,0.0014419610670511895,0.0014419610670511895,0,0,0.0014419610670511895,0,0.0014419610670511895,0.0014419610670511895,0.0014419610670511895,0,0.0014419610670511895,0.0014419610670511895,0.0014419610670511895,0.0014419610670511895,0.0014419610670511895,0.0014419610670511895,0.0014419610670511895,0.0014419610670511895,0.0014419610670511895,0.0014419610670511895,0.0014419610670511895",1
"1,0,0,0,0,0,0,-1,1,-1,-1,0,1,0,0,1,1,-1,-1,0,0,-1,0,1,-1,1,0,0,0,0,1,-1,0,-1,0,0,0,1,0,0,0,0,0,0,0,0,0,0,0","0,0.0992381324477437,0.03164680601680016,0.02949794881812854,0.02949794881812854,0.029302598163703848,0.029302598163703848,0,0,0,0,0.02949794881812854,0,0.029302598163703848,0.02949794881812854,0,0,0,0,0.03164680601680016,0.029302598163703848,0,0.03164680601680016,0,0,0,0.02949794881812854,0.02949794881812854,0.02949794881812854,0.02949794881812854,0,0,0.02949794881812854,0,0.03164680601680016,0.02949794881812854,0.029302598163703848,0,0.02949794881812854,0.029302598163703848,0.02949794881812854,0.029302598163703848,0.03164680601680016,0.03164680601680016,0.03164680601680016,0.02949794881812854,0.02949794881812854,0.02949794881812854,0.03164680601680016",-1
"1,-1,0,0,0,0,0,-1,1,-1,-1,0,1,0,0,1,1,-1,-1,0,0,-1,0,1,-1,1,0,0,0,0,1,-1,0,-1,0,0,0,1,0,0,0,0,0,0,0,0,0,0,0","0,0,0.46171927468099394,0.023169912693082606,0.023169912693082606,0.02249832102081934,0.02249832102081934,0,0,0,0,0.02182672934855608,0,0.001343183344526528,0.021490933512424447,0,0,0,0,0.02249832102081934,0.001343183344526528,0,0.02182672934855608,0,0,0,0.021490933512424447,0.02350570852921424,0.02048354600402955,0.02350570852921424,0,0,0.02350570852921424,0,0.021490933512424447,0.02350570852921424,0.022834116856950974,0,0.02182672934855608,0.001343183344526528,0.020147750167897917,0.020819341840161182,0.020819341840161182,0.02216252518468771,0.001343183344526528,0.02048354600402955,0.022834116856950974,0.001343183344526528,0.023169912693082606",1
"1,-1,1,0,0,0,0,-1,1,-1,-1,0,1,0,0,1,1,-1,-1,0,0,-1,0,1,-1,1,0,0,0,0,1,-1,0,-1,0,0,0,1,0,0,0,0,0,0,0,0,0,0,0","0,0,0,0.034581383255330216,0.034581383255330216,0.034581383255330216,0.034581383255330216,0,0,0,0,0.034581383255330216,0,0.034581383255330216,0.0343213728549142,0,0,0,0,0.034581383255330216,0.0343213728549142,0,0.034581383255330216,0,0,0,0.0343213728549142,0.0343213728549142,0.034581383255330216,0.034581383255330216,0,0,0.0343213728549142,0,0.034581383255330216,0.034581383255330216,0.034581383255330216,0,0.034581383255330216,0.034581383255330216,0.0343213728549142,0.034581383255330216,0.0343213728549142,0.0343213728549142,0.0343213728549142,0.034581383255330216,0.0343213728549142,0.0343213728549142,0.034581383255330216",-1
"1,-1,1,-1,0,0,0,-1,1,-1,-1,0,1,0,0,1,1,-1,-1,0,0,-1,0,1,-1,1,0,0,0,0,1,-1,0,-1,0,0,0,1,0,0,0,0,0,0,0,0,0,0,0","0,0,0,0,0.03570057581573896,0.03570057581573896,0.03570057581573896,0,0,0,0,0.03570057581573896,0,0.03570057581573896,0.03570057581573896,0,0,0,0,0.03608445297504798,0.03570057581573896,0,0.03570057581573896,0,0,0,0.03570057581573896,0.03570057581573896,0.03570057581573896,0.03570057581573896,0,0,0.03570057581573896,0,0.03570057581573896,0.03570057581573896,0.03570057581573896,0,0.03570057581573896,0.03570057581573896,0.03570057581573896,0.03570057581573896,0.03570057581573896,0.03570057581573896,0.03570057581573896,0.03570057581573896,0.03570057581573896,0.03570057581573896,0.03570057581573896",1
"1,-1,1,-1,0,0,0,-1,1,-1,-1,0,1,0,0,1,1,-1,-1,1,0,-1,0,1,-1,1,0,0,0,0,1,-1,0,-1,0,0,0,1,0,0,0,0,0,0,0,0,0,0,0","0,0,0,0,0.037397740553174914,0.03700818075574601,0.03700818075574601,0,0,0,0,0.03700818075574601,0,0.03700818075574601,0.03700818075574601,0,0,0,0,0,0.03700818075574601,0,0.03700818075574601,0,0,0,0.03700818075574601,0.03700818075574601,0.03700818075574601,0.03700818075574601,0,0,0.03700818075574601,0,0.03700818075574601,0.037397740553174914,0.03700818075574601,0,0.03700818075574601,0.03700818075574601,0.03700818075574601,0.03700818075574601,0.03700818075574601,0.03700818075574601,0.03700818075574601,0.03700818075574601,0.03700818075574601,0.03700818075574601,0.03700818075574601",-1
"1,-1,1,-1,-1,0,0,-1,1,-1,-1,0,1,0,0,1,1,-1,-1,1,0,-1,0,1,-1,1,0,0,0,0,1,-1,0,-1,0,0,0,1,0,0,0,0,0,0,0,0,0,0,0","0,0,0,0,0,0.03813229571984436,0.03852140077821012,0,0,0,0,0.03852140077821012,0,0.03852140077821012,0.03852140077821012,0,0,0,0,0,0.03813229571984436,0,0.03852140077821012,0,0,0,0.03852140077821012,0.03852140077821012,0.03852140077821012,0.03852140077821012,0,0,0.03852140077821012,0,0.03852140077821012,0.03852140077821012,0.03852140077821012,0,0.03852140077821012,0.03852140077821012,0.03852140077821012,0.03852140077821012,0.03852140077821012,0.03852140077821012,0.03813229571984436,0.03852140077821012,0.03852140077821012,0.03813229571984436,0.03852140077821012",1
"1,-1,1,-1,-1,0,1,-1,1,-1,-1,0,1,0,0,1,1,-1,-1,1,0,-1,0,1,-1,1,0,0,0,0,1,-1,0,-1,0,0,0,1,0,0,0,0,0,0,0,0,0,0,0","0,0,0,0,0,0.040015540015540016,0,0,0,0,0,0.040015540015540016,0,0.040015540015540016,0.040015540015540016,0,0,0,0,0,0.040015540015540016,0,0.040015540015540016,0,0,0,0.040015540015540016,0.040015540015540016,0.039627039627039624,0.040015540015540016,0,0,0.040015540015540016,0,0.040015540015540016,0.040015540015540016,0.040015540015540016,0,0.040015540015540016,0.040015540015540016,0.040015540015540016,0.040015540015540016,0.040015540015540016,0.040015540015540016,0.040015540015540016,0.040015540015540016,0.040015540015540016,0.040015540015540016,0.040015540015540016",-1
"1,-1,1,-1,-1,-1,1,-1,1,-1,-1,0,1,0,0,1,1,-1,-1,1,0,-1,0,1,-1,1,0,0,0,0,1,-1,0,-1,0,0,0,1,0,0,0,0,0,0,0,0,0,0,0","0,0,0,0,0,0,0,0,0,0,0,0.04187669639395114,0,0.04148894920511826,0.04148894920511826,0,0,0,0,0,0.04187669639395114,0,0.04187669639395114,0,0,0,0.04148894920511826,0.04148894920511826,0.04148894920511826,0.04187669639395114,0,0,0.04148894920511826,0,0.04148894920511826,0.04187669639395114,0.04187669639395114,0,0.04148894920511826,0.04187669639395114,0.04187669639395114,0.04148894920511826,0.04148894920511826,0.04187669639395114,0.04148894920511826,0.04187669639395114,0.04148894920511826,0.04148894920511826,0.04187669639395114",1
"1,-1,1,-1,-1,-1,1,-1,1,-1,-1,1,1,0,0,1,1,-1,-1,1,0,-1,0,1,-1,1,0,0,0,0,1,-1,0,-1,0,0,0,1,0,0,0,0,0,0,0,0,0,0,0","0,0,0,0,0,0,0,0,0,0,0,0,0,0.04332688588007737,0.04332688588007737,0,0,0,0,0,0.04332688588007737,0,0.043713733075435204,0,0,0,0.043713733075435204,0.04332688588007737,0.04332688588007737,0.04332688588007737,0,0,0.043713733075435204,0,0.043713733075435204,0.04332688588007737,0.043713733075435204,0,0.043713733075435204,0.04332688588007737,0.04332688588007737,0.043713733075435204,0.04332688588007737,0.04332688588007737,0.04332688588007737,0.04332688588007737,0.043713733075435204,0.043713733075435204,0.04332688588007737",-1
"1,-1,1,-1,-1,-1,1,-1,1,-1,-1,1,1,0,0,1,1,-1,-1,1,0,-1,-1,1,-1,1,0,0,0,0,1,-1,0,-1,0,0,0,1,0,0,0,0,0,0,0,0,0,0,0","0,0,0,0,0,0,0,0,0,0,0,0,0,0.04554226167502894,0.04554226167502894,0,0,0,0,0,0.04554226167502894,0,0,0,0,0,0.04554226167502894,0.04554226167502894,0.04554226167502894,0.04515631030490158,0,0,0.04515631030490158,0,0.04554226167502894,0.04554226167502894,0.04554226167502894,0,0.04554226167502894,0.04554226167502894,0.04515631030490158,0.04554226167502894,0.04554226167502894,0.04554226167502894,0.04554226167502894,0.04515631030490158,0.04515631030490158,0.04554226167502894,0.04554226167502894",1
"1,-1,1,-1,-1,-1,1,-1,1,-1,-1,1,1,1,0,1,1,-1,-1,1,0,-1,-1,1,-1,1,0,0,0,0,1,-1,0,-1,0,0,0,1,0,0,0,0,0,0,0,0,0,0,0","0,0,0,0,0,0,0,0,0,0,0,0,0,0,0.047362341162880246,0,0,0,0,0,0.047747400847131305,0,0,0,0,0,0.047362341162880246,0.047747400847131305,0.047362341162880246,0.047747400847131305,0,0,0.047747400847131305,0,0.047747400847131305,0.047362341162880246,0.047747400847131305,0,0.047362341162880246,0.047747400847131305,0.047362341162880246,0.047747400847131305,0.047747400847131305,0.047362341162880246,0.047747400847131305,0.047747400847131305,0.047747400847131305,0.047747400847131305,0.047747400847131305",-1
"1,-1,1,-1,-1,-1,1,-1,1,-1,-1,1,1,1,0,1,1,-1,-1,1,-1,-1,-1,1,-1,1,0,0,0,0,1,-1,0,-1,0,0,0,1,0,0,0,0,0,0,0,0,0,0,0","0,0,0,0,0,0,0,0,0,0,0,0,0,0,0.04992319508448541,0,0,0,0,0,0,0,0,0,0,0,0.050307219662058374,0.04992319508448541,0.04992319508448541,0.04992319508448541,0,0,0.04992319508448541,0,0.050307219662058374,0.050307219662058374,0.04992319508448541,0,0.04992319508448541,0.050307219662058374,0.04992319508448541,0.04992319508448541,0.04992319508448541,0.04992319508448541,0.04992319508448541,0.04992319508448541,0.04992319508448541,0.04992319508448541,0.04992319508448541",1
"1,-1,1,-1,-1,-1,1,-1,1,-1,-1,1,1,1,0,1,1,-1,-1,1,-1,-1,-1,1,-1,1,1,0,0,0,1,-1,0,-1,0,0,0,1,0,0,0,0,0,0,0,0,0,0,0","0,0,0,0,0,0,0,0,0,0,0,0,0,0,0.05245022970903522,0,0,0,0,0,0,0,0,0,0,0,0,0.052833078101071976,0.052833078101071976,0.052833078101071976,0,0,0.05245022970903522,0,0.05245022970903522,0.05245022970903522,0.052833078101071976,0,0.052833078101071976,0.05245022970903522,0.05245022970903522,0.052833078101071976,0.052833078101071976,0.05245022970903522,0.05245022970903522,0.052833078101071976,0.052833078101071976,0.05245022970903522,0.05245022970903522",-1
"1,-1,1,-1,-1,-1,1,-1,1,-1,-1,1,1,1,0,1,1,-1,-1,1,-1,-1,-1,1,-1,1,1,-1,0,0,1,-1,0,-1,0,0,0,1,0,0,0,0,0,0,0,0,0,0,0","0,0,0,0,0,0,0,0,0,0,0,0,0,0,0.05534351145038168,0,0,0,0,0,0,0,0,0,0,0,0,0,0.055725190839694655,0.05534351145038168,0,0,0.05534351145038168,0,0.055725190839694655,0.05534351145038168,0.055725190839694655,0,0.05534351145038168,0.055725190839694655,0.05534351145038168,0.055725190839694655,0.055725190839694655,0.05534351145038168,0.055725190839694655,0.05534351145038168,0.055725190839694655,0.055725190839694655,0.055725190839694655",1
"1,-1,1,-1,-1,-1,1,-1,1,-1,-1,1,1,1,0,1,1,-1,-1,1,-1,-1,-1,1,-1,1,1,-1,1,0,1,-1,0,-1,0,0,0,1,0,0,0,0,0,0,0,0,0,0,0","0,0,0,0,0,0,0,0,0,0,0,0,0,0,0.058577405857740586,0,0,0,0,0,0,0,0,0,0,0,0,0,0,0.05895777862305059,0,0,0.058577405857740586,0,0.05895777862305059,0.05895777862305059,0.05895777862305059,0,0.058577405857740586,0.058577405857740586,0.05895777862305059,0.05895777862305059,0.05895777862305059,0.05895777862305059,0.058577405857740586,0.05895777862305059,0.058577405857740586,0.05895777862305059,0.05895777862305059",-1
"1,-1,1,-1,-1,-1,1,-1,1,-1,-1,1,1,1,0,1,1,-1,-1,1,-1,-1,-1,1,-1,1,1,-1,1,-1,1,-1,0,-1,0,0,0,1,0,0,0,0,0,0,0,0,0,0,0","0,0,0,0,0,0,0,0,0,0,0,0,0,0,0.06252368321333839,0,0,0,0,0,0,0,0,0,0,0,0,0,0,0,0,0,0.06252368321333839,0,0.06252368321333839,0.06252368321333839,0.06252368321333839,0,0.06252368321333839,0.06252368321333839,0.062144751799924215,0.06252368321333839,0.06252368321333839,0.06252368321333839,0.06252368321333839,0.06252368321333839,0.06252368321333839,0.06252368321333839,0.06252368321333839",1
"1,-1,1,-1,-1,-1,1,-1,1,-1,-1,1,1,1,1,1,1,-1,-1,1,-1,-1,-1,1,-1,1,1,-1,1,-1,1,-1,0,-1,0,0,0,1,0,0,0,0,0,0,0,0,0,0,0","0,0,0,0,0,0,0,0,0,0,0,0,0,0,0,0,0,0,0,0,0,0,0,0,0,0,0,0,0,0,0,0,0.06641509433962264,0,0.06679245283018868,0.06679245283018868,0.06679245283018868,0,0.06641509433962264,0.06679245283018868,0.06679245283018868,0.06679245283018868,0.06641509433962264,0.06679245283018868,0.06641509433962264,0.06679245283018868,0.06679245283018868,0.06679245283018868,0.06641509433962264",-1
"1,-1,1,-1,-1,-1,1,-1,1,-1,-1,1,1,1,1,1,1,-1,-1,1,-1,-1,-1,1,-1,1,1,-1,1,-1,1,-1,0,-1,-1,0,0,1,0,0,0,0,0,0,0,0,0,0,0","0,0,0,0,0,0,0,0,0,0,0,0,0,0,0,0,0,0,0,0,0,0,0,0,0,0,0,0,0,0,0,0,0.07134810364250845,0,0,0.07134810364250845,0.07134810364250845,0,0.07134810364250845,0.07172361997746902,0.07134810364250845,0.07134810364250845,0.07134810364250845,0.07134810364250845,0.07172361997746902,0.07134810364250845,0.07172361997746902,0.07134810364250845,0.07134810364250845",1
"1,-1,1,-1,-1,-1,1,-1,1,-1,-1,1,1,1,1,1,1,-1,-1,1,-1,-1,-1,1,-1,1,1,-1,1,-1,1,-1,0,-1,-1,0,0,1,0,1,0,0,0,0,0,0,0,0,0","0,0,0,0,0,0,0,0,0,0,0,0,0,0,0,0,0,0,0,0,0,0,0,0,0,0,0,0,0,0,0,0,0.07692307692307693,0,0,0.07692307692307693,0.07692307692307693,0,0.07692307692307693,0,0.07692307692307693,0.07692307692307693,0.07692307692307693,0.07692307692307693,0.07692307692307693,0.07692307692307693,0.07692307692307693,0.07692307692307693,0.07692307692307693",-1
"1,-1,1,-1,-1,-1,1,-1,1,-1,-1,1,1,1,1,1,1,-1,-1,1,-1,-1,-1,1,-1,1,1,-1,1,-1,1,-1,-1,-1,-1,0,0,1,0,1,0,0,0,0,0,0,0,0,0","0,0,0,0,0,0,0,0,0,0,0,0,0,0,0,0,0,0,0,0,0,0,0,0,0,0,0,0,0,0,0,0,0,0,0,0.08351893095768374,0.08314773570898293,0,0.08351893095768374,0,0.08314773570898293,0.08314773570898293,0.08351893095768374,0.08314773570898293,0.08351893095768374,0.08314773570898293,0.08351893095768374,0.08314773570898293,0.08351893095768374",1
"1,-1,1,-1,-1,-1,1,-1,1,-1,-1,1,1,1,1,1,1,-1,-1,1,-1,-1,-1,1,-1,1,1,-1,1,-1,1,-1,-1,-1,-1,1,0,1,0,1,0,0,0,0,0,0,0,0,0","0,0,0,0,0,0,0,0,0,0,0,0,0,0,0,0,0,0,0,0,0,0,0,0,0,0,0,0,0,0,0,0,0,0,0,0,0.0899042004421518,0,0.0899042004421518,0,0.0899042004421518,0.0899042004421518,0.0899042004421518,0.09543109801031688,0.09543109801031688,0.0899042004421518,0.0899042004421518,0.0899042004421518,0.0899042004421518",-1
"1,-1,1,-1,-1,-1,1,-1,1,-1,-1,1,1,1,1,1,1,-1,-1,1,-1,-1,-1,1,-1,1,1,-1,1,-1,1,-1,-1,-1,-1,1,0,1,0,1,0,0,0,-1,0,0,0,0,0","0,0,0,0,0,0,0,0,0,0,0,0,0,0,0,0,0,0,0,0,0,0,0,0,0,0,0,0,0,0,0,0,0,0,0,0,0.11167697344488905,0,0.11167697344488905,0,0.11167697344488905,0.11167697344488905,0.11167697344488905,0,0.11167697344488905,0.008730447435431065,0.1047653692251728,0.11167697344488905,0.1047653692251728",1
"1,-1,1,-1,-1,-1,1,-1,1,-1,-1,1,1,1,1,1,1,-1,-1,1,-1,-1,-1,1,-1,1,1,-1,1,-1,1,-1,-1,-1,-1,1,1,1,0,1,0,0,0,-1,0,0,0,0,0","0,0,0,0,0,0,0,0,0,0,0,0,0,0,0,0,0,0,0,0,0,0,0,0,0,0,0,0,0,0,0,0,0,0,0,0,0,0,0.07755539671193709,0,0.07755539671193709,0.07755539671193709,0.22837741243745532,0,0.22873481057898498,0.07755539671193709,0.07755539671193709,0.07755539671193709,0.07755539671193709",-1
"1,-1,1,-1,-1,-1,1,-1,1,-1,-1,1,1,1,1,1,1,-1,-1,1,-1,-1,-1,1,-1,1,1,-1,1,-1,1,-1,-1,-1,-1,1,1,1,0,1,0,0,0,-1,-1,0,0,0,0","0,0,0,0,0,0,0,0,0,0,0,0,0,0,0,0,0,0,0,0,0,0,0,0,0,0,0,0,0,0,0,0,0,0,0,0,0,0,0.43103448275862066,0,0.0070242656449553,0.006704980842911878,0.5280970625798213,0,0,0.006704980842911878,0.0070242656449553,0.006704980842911878,0.006704980842911878",1
"0,0,0,0,0,0,0,0,0,0,0,0,0,0,0,0,0,0,0,0,0,0,0,0,0,0,0,0,0,0,0,0,0,0,0,0,0,0,0,0,0,0,0,0,0,0,0,0,0","0.0036719706242350062,0.0036719706242350062,0.0036719706242350062,0.0036719706242350062,0.0036719706242350062,0.0036719706242350062,0.0036719706242350062,0.0036719706242350062,0.0036719706242350062,0.0036719706242350062,0.05263157894736842,0.0036719706242350062,0.0036719706242350062,0.050999592003263976,0.0036719706242350062,0.0036719706242350062,0.0036719706242350062,0.0036719706242350062,0.05263157894736842,0.0036719706242350062,0.0036719706242350062,0.0036719706242350062,0.05467156262749898,0.0036719706242350062,0.0036719706242350062,0.0036719706242350062,0.046511627906976744,0.0036719706242350062,0.0036719706242350062,0.06038351693186454,0.09791921664626684,0.0036719706242350062,0.05059159526723786,0.05507955936352509,0.053039575683394534,0.0036719706242350062,0.049367605059159526,0.06650346797225622,0.0036719706242350062,0.0036719706242350062,0.0036719706242350062,0.0036719706242350062,0.0036719706242350062,0.0036719706242350062,0.0036719706242350062,0.06038351693186454,0.06772745818033456,0.05671154630762954,0.0036719706242350062",1
"0,0,0,0,0,0,0,0,0,0,0,0,0,0,0,0,0,0,0,0,0,0,0,0,0,0,0,0,0,0,1,0,0,0,0,0,0,0,0,0,0,0,0,0,0,0,0,0,0","0.0137444279346211,0.0137444279346211,0.0137444279346211,0.08989598811292719,0.0137444279346211,0.01337295690936107,0.10475482912332838,0.0924962852897474,0.01337295690936107,0.0137444279346211,0.11255572065378901,0.01337295690936107,0.01337295690936107,0.0137444279346211,0.0137444279346211,0.01337295690936107,0.0137444279346211,0.0137444279346211,0.0137444279346211,0.0137444279346211,0.0137444279346211,0.01337295690936107,0.01337295690936107,0.0137444279346211,0.0137444279346211,0.0137444279346211,0.0137444279346211,0.01337295690936107,0.0137444279346211,0.0137444279346211,0,0.0137444279346211,0.0137444279346211,0.0137444279346211,0.0137444279346211,0.0137444279346211,0.0137444279346211,0.0137444279346211,0.01337295690936107,0.0137444279346211,0.0137444279346211,0.0137444279346211,0.01337295690936107,0.01337295690936107,0.0137444279346211,0.01337295690936107,0.0137444279346211,0.0137444279346211,0.0137444279346211",-1
"0,0,0,0,0,0,0,0,0,0,-1,0,0,0,0,0,0,0,0,0,0,0,0,0,0,0,0,0,0,0,1,0,0,0,0,0,0,0,0,0,0,0,0,0,0,0,0,0,0","0.001451378809869376,0.03991291727140784,0.03519593613933237,0.03664731494920174,0.00181422351233672,0.03701015965166909,0.03955007256894049,0.03955007256894049,0.001451378809869376,0.03664731494920174,0,0.03737300435413643,0.040638606676342524,0.03555878084179971,0.00181422351233672,0.0330188679245283,0.03955007256894049,0.001451378809869376,0.00181422351233672,0.040638606676342524,0.040638606676342524,0.035921625544267054,0.001451378809869376,0.001451378809869376,0.001451378809869376,0.001451378809869376,0.00181422351233672,0.001451378809869376,0.038461538461538464,0.03483309143686502,0,0.001451378809869376,0.02939042089985486,0.00181422351233672,0.038098693759071114,0.03701015965166909,0.001451378809869376,0.03701015965166909,0.03483309143686502,0.001451378809869376,0.036284470246734396,0.001451378809869376,0.03955007256894049,0.00181422351233672,0.00181422351233672,0.038098693759071114,0.001451378809869376,0.001451378809869376,0.03555878084179971",1
"0,0,0,0,0,0,0,0,0,0,-1,0,1,0,0,0,0,0,0,0,0,0,0,0,0,0,0,0,0,0,1,0,0,0,0,0,0,0,0,0,0,0,0,0,0,0,0,0,0","0.017537022603273576,0.017537022603273576,0.017537022603273576,0.017537022603273576,0.017537022603273576,0.0171473109898675,0.1293842556508184,0.017537022603273576,0.017537022603273576,0.017537022603273576,0,0.0171473109898675,0,0.0171473109898675,0.017537022603273576,0.017537022603273576,0.10405300077942323,0.017537022603273576,0.0171473109898675,0.017537022603273576,0.017537022603273576,0.017537022603273576,0.017537022603273576,0.017537022603273576,0.017537022603273576,0.017537022603273576,0.0171473109898675,0.017537022603273576,0.017537022603273576,0.0171473109898675,0,0.017537022603273576,0.017537022603273576,0.017537022603273576,0.0171473109898675,0.017537022603273576,0.0171473109898675,0.017537022603273576,0.017537022603273576,0.017537022603273576,0.017537022603273576,0.017537022603273576,0.0171473109898675,0.0171473109898675,0.017537022603273576,0.0171473109898675,0.0171473109898675,0.017537022603273576,0.0171473109898675",-1
"0,0,0,0,0,0,-1,0,0,0,-1,0,1,0,0,0,0,0,0,0,0,0,0,0,0,0,0,0,0,0,1,0,0,0,0,0,0,0,0,0,0,0,0,0,0,0,0,0,0","0.038751345532831,0.001794043774668102,0.001794043774668102,0.040545389307499104,0.0369573017581629,0.042698241837100824,0,0.001794043774668102,0.03336921420882669,0.036239684248295656,0,0.040186580552565486,0,0.001794043774668102,0.001794043774668102,0.03911015428776462,0.06207391460351633,0.03767491926803014,0.03659849300322928,0.040186580552565486,0.001794043774668102,0.03839253677789738,0.035163257983494796,0.001794043774668102,0.001794043774668102,0.001794043774668102,0.04090419806243272,0.04090419806243272,0.033010405453893076,0.03085755292429135,0,0.03839253677789738,0.001794043774668102,0.001794043774668102,0.03911015428776462,0.001794043774668102,0.03839253677789738,0.001794043774668102,0.03444564047362755,0.001794043774668102,0.001794043774668102,0.03767491926803014,0.001794043774668102,0.03839253677789738,0.001794043774668102,0.034086831718693936,0.001794043774668102,0.001794043774668102,0.001794043774668102",1
"0,0,0,0,0,0,-1,0,0,0,-1,0,1,0,0,0,1,0,0,0,0,0,0,0,0,0,0,0,0,0,1,0,0,0,0,0,0,0,0,0,0,0,0,0,0,0,0,0,0","0.017116774438950173,0.019399011030810195,0.11411182959300115,0.016736401673640166,0.017116774438950173,0.017116774438950173,0,0.017116774438950173,0.017116774438950173,0.04792696842906048,0,0.017116774438950173,0,0.016736401673640166,0.017116774438950173,0.017116774438950173,0,0.017116774438950173,0.017116774438950173,0.023583111449220234,0.017116774438950173,0.03727653100038037,0.0498288322556105,0.017116774438950173,0.04450361354127044,0.017116774438950173,0.017116774438950173,0.02130087485736021,0.017116774438950173,0.019399011030810195,0,0.017116774438950173,0.017116774438950173,0.017116774438950173,0.017116774438950173,0.02130087485736021,0.03347280334728033,0.017116774438950173,0.017116774438950173,0.017116774438950173,0.017116774438950173,0.02130087485736021,0.017116774438950173,0.017116774438950173,0.017116774438950173,0.017116774438950173,0.017116774438950173,0.017116774438950173,0.016736401673640166",-1
"0,0,-1,0,0,0,-1,0,0,0,-1,0,1,0,0,0,1,0,0,0,0,0,0,0,0,0,0,0,0,0,1,0,0,0,0,0,0,0,0,0,0,0,0,0,0,0,0,0,0","0.03191875226695684,0.0014508523757707653,0,0.0014508523757707653,0.02756619513964454,0.033369604642727604,0,0.0014508523757707653,0.0014508523757707653,0.0014508523757707653,0,0.12477330431628582,0,0.0014508523757707653,0.03010518679724338,0.0014508523757707653,0,0.0014508523757707653,0.031556039173014146,0.03264417845484222,0.031556039173014146,0.026478055857816468,0.0014508523757707653,0.03228146536089953,0.029379760609358,0.033369604642727604,0.029017047515415305,0.03228146536089953,0.031193326079071455,0.02756619513964454,0,0.03191875226695684,0.0014508523757707653,0.0014508523757707653,0.03228146536089953,0.03191875226695684,0.029017047515415305,0.03228146536089953,0.0014508523757707653,0.02684076895175916,0.03228146536089953,0.030830612985128764,0.0014508523757707653,0.024301777294160318,0.031556039173014146,0.0014508523757707653,0.03191875226695684,0.028291621327529923,0.031193326079071455",1
"0,0,-1,0,0,0,-1,0,0,0,-1,1,1,0,0,0,1,0,0,0,0,0,0,0,0,0,0,0,0,0,1,0,0,0,0,0,0,0,0,0,0,0,0,0,0,0,0,0,0","0.021413276231263382,0.021413276231263382,0,0.021056388294075662,0.0649536045681656,0.026052819414703783,0,0.021056388294075662,0.021056388294075662,0.021056388294075662,0,0,0,0.021056388294075662,0.021413276231263382,0.023911491791577446,0,0.033190578158458245,0.021056388294075662,0.021056388294075662,0.021413276231263382,0.021413276231263382,0.023911491791577446,0.028551034975017844,0.033190578158458245,0.021413276231263382,0.021056388294075662,0.021056388294075662,0.021056388294075662,0.021413276231263382,0,0.023911491791577446,0.021413276231263382,0.023911491791577446,0.021413276231263382,0.021413276231263382,0.030692362598144184,0.021056388294075662,0.021056388294075662,0.021413276231263382,0.021413276231263382,0.023911491791577446,0.021413276231263382,0.023911491791577446,0.021056388294075662,0.021056388294075662,0.023911491791577446,0.021413276231263382,0.021413276231263382",-1
"0,0,-1,0,-1,0,-1,0,0,0,-1,1,1,0,0,0,1,0,0,0,0,0,0,0,0,0,0,0,0,0,1,0,0,0,0,0,0,0,0,0,0,0,0,0,0,0,0,0,0","0.0340780007572889,0.06209769026883756,0,0.03975766755017039,0,0.2828474062854979,0,0.002271866717152594,0.03672851192730026,0.002271866717152594,0,0,0,0.002271866717152594,0.0363498674744415,0.0363498674744415,0,0.002271866717152594,0.002271866717152594,0.030670200681560015,0.002271866717152594,0.03483528966300644,0.002271866717152594,0.002271866717152594,0.002271866717152594,0.002271866717152594,0.0352139341158652,0.002271866717152594,0.002271866717152594,0.002271866717152594,0,0.002271866717152594,0.0352139341158652,0.03559257856872397,0.029912911775842484,0.02764104505868989,0.002271866717152594,0.03142748958727755,0.029912911775842484,0.002271866717152594,0.029155622870124954,0.002271866717152594,0.0352139341158652,0.03559257856872397,0.002271866717152594,0.03369935630443014,0.002271866717152594,0.002271866717152594,0.002271866717152594",1
"0,0,-1,0,-1,1,-1,0,0,0,-1,1,1,0,0,0,1,0,0,0,0,0,0,0,0,0,0,0,0,0,1,0,0,0,0,0,0,0,0,0,0,0,0,0,0,0,0,0,0","0.02245088868101029,0.027751792952915497,0,0.018397256002494543,0,0,0,0.01652634861241035,0.01652634861241035,0.0205799812909261,0,0,0,0.018397256002494543,0.018397256002494543,0.027751792952915497,0,0.0205799812909261,0.01652634861241035,0.031181789834736514,0.02245088868101029,0.018397256002494543,0.01652634861241035,0.018397256002494543,0.1350171499844091,0.018397256002494543,0.01652634861241035,0.027751792952915497,0.01652634861241035,0.026192703461178673,0,0.018397256002494543,0.018397256002494543,0.026192703461178673,0.01652634861241035,0.018397256002494543,0.027751792952915497,0.0205799812909261,0.02432179607109448,0.018397256002494543,0.0205799812909261,0.04427814156532585,0.031181789834736514,0.026192703461178673,0.02245088868101029,0.018397256002494543,0.03772996570003118,0.01652634861241035,0.02245088868101029",-1
"0,0,-1,0,-1,1,-1,0,0,0,-1,1,1,0,0,0,1,0,0,0,0,0,0,0,-1,0,0,0,0,0,1,0,0,0,0,0,0,0,0,0,0,0,0,0,0,0,0,0,0","0.04906703524533518,0.04733932273669662,0,0.04733932273669662,0,0,0,0.0034554250172771253,0.0038009675190048375,0.048721492743607465,0,0,0,0.04561161022805805,0.04664823773324119,0.0038009675190048375,0,0.0034554250172771253,0.07118175535590877,0.0038009675190048375,0.0038009675190048375,0.048721492743607465,0.04630269523151347,0.0038009675190048375,0,0.0034554250172771253,0.0038009675190048375,0.0034554250172771253,0.07118175535590877,0.04803040774015204,0,0.0038009675190048375,0.0038009675190048375,0.0038009675190048375,0.0034554250172771253,0.0034554250172771253,0.07118175535590877,0.04561161022805805,0.04906703524533518,0.0038009675190048375,0.04664823773324119,0.0034554250172771253,0.04906703524533518,0.0038009675190048375,0.0038009675190048375,0.04733932273669662,0.0034554250172771253,0.0034554250172771253,0.0442294402211472",1
"0,0,-1,0,-1,1,-1,0,0,0,-1,1,1,0,0,0,1,0,1,0,0,0,0,0,-1,0,0,0,0,0,1,0,0,0,0,0,0,0,0,0,0,0,0,0,0,0,0,0,0","0.01424287856071964,0.01424287856071964,0,0.01424287856071964,0,0,0,0.013868065967016492,0.017991004497751123,0.01424287856071964,0,0,0,0.08583208395802099,0.01424287856071964,0.013868065967016492,0,0.01686656671664168,0,0.013868065967016492,0.01424287856071964,0.01424287856071964,0.013868065967016492,0.013868065967016492,0,0.016116941529235384,0.09820089955022489,0.09145427286356822,0.03223388305847077,0.013868065967016492,0,0.03373313343328336,0.013868065967016492,0.01424287856071964,0.013868065967016492,0.013868065967016492,0.04010494752623688,0.01424287856071964,0.013868065967016492,0.013868065967016492,0.013868065967016492,0.08995502248875563,0.01424287856071964,0.013868065967016492,0.0967016491754123,0.013868065967016492,0.013868065967016492,0.016116941529235384,0.01424287856071964",-1
"0,0,-1,0,-1,1,-1,0,0,0,-1,1,1,0,0,0,1,0,1,0,0,0,0,0,-1,0,-1,0,0,0,1,0,0,0,0,0,0,0,0,0,0,0,0,0,0,0,0,0,0","0.0029357798165137615,0.06605504587155964,0,0.04330275229357798,0,0,0,0.04,0.0029357798165137615,0.0029357798165137615,0,0,0,0.04330275229357798,0.0029357798165137615,0.0029357798165137615,0,0.04220183486238532,0,0.04477064220183486,0.04110091743119266,0.06422018348623854,0.03669724770642202,0.04220183486238532,0,0.04073394495412844,0,0.0029357798165137615,0.0029357798165137615,0.0418348623853211,0,0.044036697247706424,0.13174311926605506,0.0029357798165137615,0.04293577981651376,0.0029357798165137615,0.06422018348623854,0.0029357798165137615,0.04477064220183486,0.0029357798165137615,0.031192660550458717,0.0029357798165137615,0.0029357798165137615,0.0029357798165137615,0.0029357798165137615,0.0029357798165137615,0.0418348623853211,0.0029357798165137615,0.0029357798165137615",1
"0,0,-1,0,-1,1,-1,0,0,0,-1,1,1,0,0,0,1,0,1,0,0,0,0,0,-1,0,-1,0,0,0,1,0,1,0,0,0,0,0,0,0,0,0,0,0,0,0,0,0,0","0.021962451292950762,0.017357421183138506,0,0.01983705278072972,0,0,0,0.017711654268508677,0.017357421183138506,0.024087849805171802,0,0,0,0.021962451292950762,0.021962451292950762,0.030109812256464755,0,0.01983705278072972,0,0.017357421183138506,0.030109812256464755,0.021962451292950762,0.024087849805171802,0.017711654268508677,0,0.15125752745306412,0,0.017711654268508677,0.024087849805171802,0.024087849805171802,0,0.021962451292950762,0,0.017711654268508677,0.017357421183138506,0.021962451292950762,0.031880977683315624,0.02798441374424371,0.021962451292950762,0.02798441374424371,0.017711654268508677,0.01983705278072972,0.01983705278072972,0.01983705278072972,0.017711654268508677,0.030109812256464755,0.09776833156216791,0.017711654268508677,0.030109812256464755",-1
"0,0,-1,0,-1,1,-1,0,0,0,-1,1,1,0,0,0,1,0,1,0,0,0,0,0,-1,-1,-1,0,0,0,1,0,1,0,0,0,0,0,0,0,0,0,0,0,0,0,0,0,0","0.0027662517289073307,0.03941908713692946,0,0.03354080221300138,0,0,0,0.0027662517289073307,0.0027662517289073307,0.0027662517289073307,0,0,0,0.0027662517289073307,0.0338865836791148,0.0027662517289073307,0,0.0027662517289073307,0,0.03354080221300138,0.03250345781466114,0.0027662517289073307,0.0027662517289073307,0.5919778699861687,0,0,0,0.0027662517289073307,0.03769017980636238,0.038381742738589214,0,0.0027662517289073307,0,0.0027662517289073307,0.0027662517289073307,0.02731673582295989,0.0027662517289073307,0.0027662517289073307,0.030774550484094054,0.0027662517289073307,0.0027662517289073307,0.034578146611341634,0.0027662517289073307,0.0027662517289073307,0.0027662517289073307,0.0027662517289073307,0.0027662517289073307,0.0027662517289073307,0.0027662517289073307",1
"0,0,-1,0,-1,1,-1,0,0,0,-1,1,1,0,0,0,1,0,1,0,0,0,0,1,-1,-1,-1,0,0,0,1,0,1,0,0,0,0,0,0,0,0,0,0,0,0,0,0,0,0","0.02489229296314026,0.02656773575873624,0,0.021302058401148877,0,0,0,0.021302058401148877,0.01771182383915749,0.019626615605552896,0,0,0,0.028243178554332216,0.02656773575873624,0.02656773575873624,0,0.03733843944471039,0,0.08712302537099091,0.02489229296314026,0.03446625179511728,0.021302058401148877,0,0,0,0,0.02656773575873624,0.02321685016754428,0.021302058401148877,0,0.03733843944471039,0,0.02321685016754428,0.01771182383915749,0.019626615605552896,0.10698898994734322,0.028243178554332216,0.02489229296314026,0.028003829583532792,0.02656773575873624,0.03135471517472475,0.019626615605552896,0.02489229296314026,0.02656773575873624,0.019626615605552896,0.028243178554332216,0.02321685016754428,0.02489229296314026",-1
"0,0,-1,0,-1,1,-1,0,0,0,-1,1,1,0,0,0,1,0,1,0,0,0,0,1,-1,-1,-1,0,0,0,1,0,1,0,0,0,-1,0,0,0,0,0,0,0,0,0,0,0,0","0.0013726835964310226,0.0013726835964310226,0,0.0013726835964310226,0,0,0,0.017158544955387784,0.024365133836650652,0.017844886753603295,0,0,0,0.0013726835964310226,0.0013726835964310226,0.01956074124914207,0,0.023335621139327384,0,0.022649279341111873,0.0013726835964310226,0.0013726835964310226,0.0013726835964310226,0,0,0,0,0.016129032258064516,0.0013726835964310226,0.0013726835964310226,0,0.026424159231297185,0,0.0013726835964310226,0.02059025394646534,0.0013726835964310226,0,0.6606039807824297,0.024708304735758406,0.0013726835964310226,0.015442690459849005,0.0013726835964310226,0.01990391214824983,0.016815374056280027,0.016472203157172273,0.0013726835964310226,0.017844886753603295,0.0013726835964310226,0.01818805765271105",1
"0,0,-1,0,-1,1,-1,0,0,0,-1,1,1,0,0,0,1,0,1,0,0,0,0,1,-1,-1,-1,0,0,0,1,0,1,0,0,0,-1,1,0,0,0,0,0,0,0,0,0,0,0","0.030503073070794445,0.030503073070794445,0,0.030503073070794445,0,0,0,0.030503073070794445,0.030503073070794445,0.030503073070794445,0,0,0,0.030503073070794445,0.030730707944457092,0.030503073070794445,0,0.05053494195310722,0,0.030503073070794445,0.030730707944457092,0.030503073070794445,0.030503073070794445,0,0,0,0,0.030503073070794445,0.030503073070794445,0.030730707944457092,0,0.030503073070794445,0,0.030503073070794445,0.030503073070794445,0.030503073070794445,0,0,0.030503073070794445,0.030730707944457092,0.030503073070794445,0.030730707944457092,0.030503073070794445,0.033007056681083544,0.030503073070794445,0.030503073070794445,0.030503073070794445,0.030730707944457092,0.030503073070794445",-1
"0,0,-1,0,-1,1,-1,0,0,0,-1,1,1,0,0,0,1,-1,1,0,0,0,0,1,-1,-1,-1,0,0,0,1,0,1,0,0,0,-1,1,0,0,0,0,0,0,0,0,0,0,0","0.004459308807134894,0.004459308807134894,0,0.046822742474916385,0,0,0,0.043478260869565216,0.004459308807134894,0.046822742474916385,0,0,0,0.04756596060943887,0.004459308807134894,0.04124860646599777,0,0,0,0.03604607952434039,0.004459308807134894,0.046822742474916385,0.046079524340393904,0,0,0,0,0.004459308807134894,0.004459308807134894,0.03753251579338536,0,0.044221479004087696,0,0.045336306205871424,0.043478260869565216,0.004459308807134894,0,0,0.03976217019695281,0.046079524340393904,0.03827573392790784,0.042735042735042736,0.04124860646599777,0.045336306205871424,0.045336306205871424,0.004459308807134894,0.043478260869565216,0.046822742474916385,0.045336306205871424",1
"0,0,-1,0,-1,1,-1,0,0,0,-1,1,1,1,0,0,1,-1,1,0,0,0,0,1,-1,-1,-1,0,0,0,1,0,1,0,0,0,-1,1,0,0,0,0,0,0,0,0,0,0,0","0.06851424172440339,0.024634334103156273,0,0.026558891454965358,0,0,0,0.033102386451116246,0.013471901462663588,0.07967667436489607,0,0,0,0,0.10969976905311778,0.03156274056966898,0,0,0,0.03117782909930716,0.03156274056966898,0.026558891454965358,0.037721324095458045,0,0,0,0,0.013471901462663588,0.013471901462663588,0.013471901462663588,0,0.013471901462663588,0,0.013471901462663588,0.029638183217859892,0.013471901462663588,0,0,0.033102386451116246,0.07005388760585066,0.015396458814472672,0.013471901462663588,0.013471901462663588,0.06851424172440339,0.013471901462663588,0.07159353348729793,0.03464203233256351,0.013471901462663588,0.028098537336412627",-1
"0,0,-1,0,-1,1,-1,0,0,0,-1,1,1,1,-1,0,1,-1,1,0,0,0,0,1,-1,-1,-1,0,0,0,1,0,1,0,0,0,-1,1,0,0,0,0,0,0,0,0,0,0,0","0.0043541364296081275,0.04390420899854862,0,0.06785195936139332,0,0,0,0.0043541364296081275,0.4847605224963715,0.0043541364296081275,0,0,0,0,0,0.04462989840348331,0,0,0,0.0043541364296081275,0.0043541364296081275,0.0043541364296081275,0.0043541364296081275,0,0,0,0,0.0043541364296081275,0.0043541364296081275,0.0043541364296081275,0,0.0043541364296081275,0,0.0043541364296081275,0.03737300435413643,0.04027576197387518,0,0,0.0043541364296081275,0.0043541364296081275,0.0043541364296081275,0.04027576197387518,0.0043541364296081275,0.0043541364296081275,0.035921625544267054,0.04245283018867924,0.04027576197387518,0.0043541364296081275,0.04390420899854862",1
"0,0,-1,0,-1,1,-1,0,1,0,-1,1,1,1,-1,0,1,-1,1,0,0,0,0,1,-1,-1,-1,0,0,0,1,0,1,0,0,0,-1,1,0,0,0,0,0,0,0,0,0,0,0","0.007615546218487395,0.04201680672268908,0,0.007615546218487395,0,0,0,0.007615546218487395,0,0.7100840336134454,0,0,0,0,0,0.008928571428571428,0,0,0,0.008928571428571428,0.007615546218487395,0.007615546218487395,0.007615546218487395,0,0,0,0,0.007615546218487395,0.007615546218487395,0.007615546218487395,0,0.007615546218487395,0,0.009978991596638655,0.007615546218487395,0.01365546218487395,0,0,0.007615546218487395,0.007615546218487395,0.007615546218487395,0.007615546218487395,0.007615546218487395,0.04385504201680672,0.008928571428571428,0.008928571428571428,0.007615546218487395,0.007615546218487395,0.007615546218487395",-1
"0,0,-1,0,-1,1,-1,0,1,-1,-1,1,1,1,-1,0,1,-1,1,0,0,0,0,1,-1,-1,-1,0,0,0,1,0,1,0,0,0,-1,1,0,0,0,0,0,0,0,0,0,0,0","0.011976047904191617,0.011782885841220784,0,0.011976047904191617,0,0,0,0.011976047904191617,0,0,0,0,0,0,0,0.6911338613096388,0,0,0,0.011976047904191617,0.011782885841220784,0.011976047904191617,0.011976047904191617,0,0,0,0,0.011976047904191617,0.011782885841220784,0.011782885841220784,0,0.011976047904191617,0,0.011782885841220784,0.011782885841220784,0.011782885841220784,0,0,0.011782885841220784,0.011976047904191617,0.011976047904191617,0.011782885841220784,0.011782885841220784,0.011782885841220784,0.011782885841220784,0.011976047904191617,0.011782885841220784,0.011976047904191617,0.011976047904191617",1
"0,0,-1,0,-1,1,-1,0,1,-1,-1,1,1,1,-1,1,1,-1,1,0,0,0,0,1,-1,-1,-1,0,0,0,1,0,1,0,0,0,-1,1,0,0,0,0,0,0,0,0,0,0,0","0.002478519497686715,0.9380370125578321,0,0.002478519497686715,0,0,0,0.002478519497686715,0,0,0,0,0,0,0,0,0,0,0,0.002478519497686715,0.002478519497686715,0.002478519497686715,0.002478519497686715,0,0,0,0,0.002478519497686715,0.002478519497686715,0.002478519497686715,0,0.002478519497686715,0,0.002478519497686715,0.002478519497686715,0.002478519497686715,0,0,0.002478519497686715,0.002478519497686715,0.002478519497686715,0.002478519497686715,0.002478519497686715,0.002478519497686715,0.002478519497686715,0.002478519497686715,0.002478519497686715,0.002478519497686715,0.002478519497686715",-1
"0,-1,-1,0,-1,1,-1,0,1,-1,-1,1,1,1,-1,1,1,-1,1,0,0,0,0,1,-1,-1,-1,0,0,0,1,0,1,0,0,0,-1,1,0,0,0,0,0,0,0,0,0,0,0","0.08255642787046123,0,0,0.021344455348380767,0,0,0,0.09200196270853778,0,0,0,0,0,0,0,0,0,0,0,0.08868989205103042,0.10475956820412169,0.07360157016683022,0.02048577036310108,0,0,0,0,0.015824337585868497,0.018645731108930325,0.015824337585868497,0,0.01778704612365064,0,0.02048577036310108,0.022203140333660453,0.023061825318940136,0,0,0.01778704612365064,0.02048577036310108,0.01484298331697743,0.01386162904808636,0.056795878312070655,0.021344455348380767,0.018645731108930325,0.021344455348380767,0.10279685966633954,0.02048577036310108,0.07433758586849853",1
"0,-1,-1,0,-1,1,-1,0,1,-1,-1,1,1,1,-1,1,1,-1,1,0,1,0,0,1,-1,-1,-1,0,0,0,1,0,1,0,0,0,-1,1,0,0,0,0,0,0,0,0,0,0,0","0.35585585585585583,0,0,0.014114114114114115,0,0,0,0.5093093093093093,0,0,0,0,0,0,0,0,0,0,0,0.0012012012012012011,0,0.0012012012012012011,0.0012012012012012011,0,0,0,0,0.013213213213213212,0.012612612612612612,0.0012012012012012011,0,0.0012012012012012011,0,0.0012012012012012011,0.0012012012012012011,0.0012012012012012011,0,0,0.012912912912912912,0.0012012012012012011,0.012312312312312312,0.012912912912912912,0.0012012012012012011,0.0012012012012012011,0.0012012012012012011,0.012612612612612612,0.013813813813813814,0.014714714714714715,0.0012012012012012011",-1
"0,-1,-1,0,-1,1,-1,-1,1,-1,-1,1,1,1,-1,1,1,-1,1,0,1,0,0,1,-1,-1,-1,0,0,0,1,0,1,0,0,0,-1,1,0,0,0,0,0,0,0,0,0,0,0","0.0428947999041457,0,0,0.043134435657800146,0,0,0,0,0,0,0,0,0,0,0,0,0,0,0,0.0428947999041457,0,0.0428947999041457,0.0428947999041457,0,0,0,0,0.054636951833213515,0.043134435657800146,0.043134435657800146,0,0.0428947999041457,0,0.043134435657800146,0.043134435657800146,0.0428947999041457,0,0,0.0428947999041457,0.0428947999041457,0.0428947999041457,0.0428947999041457,0.0428947999041457,0.0428947999041457,0.0428947999041457,0.043134435657800146,0.043134435657800146,0.0428947999041457,0.0428947999041457",1
"0,-1,-1,0,-1,1,-1,-1,1,-1,-1,1,1,1,-1,1,1,-1,1,0,1,0,0,1,-1,-1,-1,1,0,0,1,0,1,0,0,0,-1,1,0,0,0,0,0,0,0,0,0,0,0","0.021433850702143386,0,0,0.020694752402069475,0,0,0,0,0,0,0,0,0,0,0,0,0,0,0,0.02254249815225425,0,0.02106430155210643,0.0018477457501847746,0,0,0,0,0,0.021433850702143386,0.02106430155210643,0,0.02106430155210643,0,0.02106430155210643,0.02254249815225425,0.02180339985218034,0,0,0.02106430155210643,0.01958610495195861,0.3137472283813747,0.3407243163340724,0.019955654101995565,0.0018477457501847746,0.0018477457501847746,0.020694752402069475,0.02106430155210643,0.02106430155210643,0.0018477457501847746",-1
"0,-1,-1,0,-1,1,-1,-1,1,-1,-1,1,1,1,-1,1,1,-1,1,0,1,0,0,1,-1,-1,-1,1,0,0,1,0,1,0,0,0,-1,1,0,0,0,-1,0,0,0,0,0,0,0","0.028521023228462217,0,0,0.028521023228462217,0,0,0,0,0,0,0,0,0,0,0,0,0,0,0,0.027050867391943546,0,0.031167303734195826,0.02999117906498089,0,0,0,0,0,0.028521023228462217,0.022640399882387533,0,0.022640399882387533,0,0.4113496030579241,0.028521023228462217,0.024110555718906204,0,0,0.024110555718906204,0.034107615407233165,0.034107615407233165,0,0.031167303734195826,0.0326374595707145,0.017935901205527786,0.028521023228462217,0.056159952955013234,0.027050867391943546,0.031167303734195826",1
"0,-1,-1,0,-1,1,-1,-1,1,-1,-1,1,1,1,-1,1,1,-1,1,0,1,0,0,1,-1,-1,-1,1,0,0,1,0,1,1,0,0,-1,1,0,0,0,-1,0,0,0,0,0,0,0","0.027326630574890435,0,0,0.027326630574890435,0,0,0,0,0,0,0,0,0,0,0,0,0,0,0,0.029904614591389534,0,0.027326630574890435,0.029646816189739623,0,0,0,0,0,0.10234596545501418,0.10569734467646301,0,0.034544985821087906,0,0,0.029904614591389534,0.034544985821087906,0,0,0.10389275586491364,0.029904614591389534,0.034544985821087906,0,0.027326630574890435,0.029646816189739623,0.03660737303428719,0.03222480020623872,0.11085331270946121,0.11910286156225831,0.027326630574890435",-1
"0,-1,-1,0,-1,1,-1,-1,1,-1,-1,1,1,1,-1,1,1,-1,1,0,1,0,0,1,-1,-1,-1,1,0,0,1,0,1,1,0,0,-1,1,0,0,0,-1,0,0,0,0,0,-1,0","0.0013591573224600749,0,0,0.014610941216445803,0,0,0,0,0,0,0,0,0,0,0,0,0,0,0,0.014610941216445803,0,0.0013591573224600749,0.0013591573224600749,0,0,0,0,0,0.0013591573224600749,0.014950730547060823,0,0.25178389398572887,0,0,0.0013591573224600749,0.014950730547060823,0,0,0.25178389398572887,0.0013591573224600749,0.01529051987767584,0,0.01529051987767584,0.0013591573224600749,0.0013591573224600749,0.20149507305470607,0.17906897723411486,0,0.01529051987767584",1
"0,-1,-1,0,-1,1,-1,-1,1,-1,-1,1,1,1,-1,1,1,-1,1,0,1,0,0,1,-1,-1,-1,1,0,0,1,1,1,1,0,0,-1,1,0,0,0,-1,0,0,0,0,0,-1,0","0.05553831833695315,0,0,0.05553831833695315,0,0,0,0,0,0,0,0,0,0,0,0,0,0,0,0.055848588271796465,0,0.05553831833695315,0.05553831833695315,0,0,0,0,0,0.05553831833695315,0.05553831833695315,0,0,0,0,0.05553831833695315,0.05553831833695315,0,0,0.05553831833695315,0.05553831833695315,0.05553831833695315,0,0.05553831833695315,0.05553831833695315,0.05553831833695315,0.05553831833695315,0.05553831833695315,0,0.05553831833695315",-1
"0,-1,-1,0,-1,1,-1,-1,1,-1,-1,1,1,1,-1,1,1,-1,1,-1,1,0,0,1,-1,-1,-1,1,0,0,1,1,1,1,0,0,-1,1,0,0,0,-1,0,0,0,0,0,-1,0","0.058956064588809615,0,0,0.058956064588809615,0,0,0,0,0,0,0,0,0,0,0,0,0,0,0,0,0,0.05858054825384904,0.05858054825384904,0,0,0,0,0,0.058956064588809615,0.058956064588809615,0,0,0,0,0.058956064588809615,0.058956064588809615,0,0,0.05858054825384904,0.05858054825384904,0.058956064588809615,0,0.058956064588809615,0.058956064588809615,0.05858054825384904,0.05858054825384904,0.058956064588809615,0,0.058956064588809615",1
"1,-1,-1,0,-1,1,-1,-1,1,-1,-1,1,1,1,-1,1,1,-1,1,-1,1,0,0,1,-1,-1,-1,1,0,0,1,1,1,1,0,0,-1,1,0,0,0,-1,0,0,0,0,0,-1,0","0,0,0,0.06247633472169633,0,0,0,0,0,0,0,0,0,0,0,0,0,0,0,0,0,0.06247633472169633,0.06247633472169633,0,0,0,0,0,0.06247633472169633,0.06247633472169633,0,0,0,0,0.06247633472169633,0.06247633472169633,0,0,0.06247633472169633,0.06247633472169633,0.06247633472169633,0,0.06247633472169633,0.06247633472169633,0.06247633472169633,0.06247633472169633,0.0628549791745551,0,0.06247633472169633",-1
"1,-1,-1,0,-1,1,-1,-1,1,-1,-1,1,1,1,-1,1,1,-1,1,-1,1,0,0,1,-1,-1,-1,1,0,0,1,1,1,1,0,0,-1,1,0,0,0,-1,0,0,0,0,-1,-1,0","0,0,0,0.06639004149377593,0,0,0,0,0,0,0,0,0,0,0,0,0,0,0,0,0,0.06639004149377593,0.06676725763862694,0,0,0,0,0,0.06639004149377593,0.06676725763862694,0,0,0,0,0.06676725763862694,0.06676725763862694,0,0,0.06676725763862694,0.06639004149377593,0.06676725763862694,0,0.06676725763862694,0.06676725763862694,0.06676725763862694,0.06676725763862694,0,0,0.06676725763862694",1
"1,-1,-1,0,-1,1,-1,-1,1,-1,-1,1,1,1,-1,1,1,-1,1,-1,1,0,1,1,-1,-1,-1,1,0,0,1,1,1,1,0,0,-1,1,0,0,0,-1,0,0,0,0,-1,-1,0","0,0,0,0.06646639128802102,0,0,0,0,0,0,0,0,0,0,0,0,0,0,0,0,0,0.06646639128802102,0,0,0,0,0,0,0.06646639128802102,0.06646639128802102,0,0,0,0,0.06646639128802102,0.06646639128802102,0,0,0.06646639128802102,0.06646639128802102,0.06646639128802102,0,0.06646639128802102,0.11378144949305295,0.08899737138565528,0.06609087495306046,0,0,0.06646639128802102",-1
"1,-1,-1,0,-1,1,-1,-1,1,-1,-1,1,1,1,-1,1,1,-1,1,-1,1,0,1,1,-1,-1,-1,1,0,0,1,1,1,1,0,0,-1,1,0,0,0,-1,0,-1,0,0,-1,-1,0","0,0,0,0.011827956989247311,0,0,0,0,0,0,0,0,0,0,0,0,0,0,0,0,0,0.011827956989247311,0,0,0,0,0,0,0.011827956989247311,0.011827956989247311,0,0,0,0,0.011827956989247311,0.011827956989247311,0,0,0.011827956989247311,0.011827956989247311,0.011827956989247311,0,0.011827956989247311,0,0.4351254480286738,0.43476702508960574,0,0,0.011827956989247311",1
"0,0,0,0,0,0,0,0,0,0,0,0,0,0,0,0,0,0,0,0,0,0,0,0,0,0,0,0,0,0,0,0,0,0,0,0,0,0,0,0,0,0,0,0,0,0,0,0,0","0.025703794369645042,0.029783761729906162,0.028151774785801713,0.025703794369645042,0.0012239902080783353,0.025703794369645042,0.0012239902080783353,0.025703794369645042,0.0012239902080783353,0.031415748674010605,0.0012239902080783353,0.033047735618115054,0.0277437780497756,0.02692778457772338,0.024071807425540596,0.026519787841697267,0.0012239902080783353,0.025703794369645042,0.025703794369645042,0.0277437780497756,0.0012239902080783353,0.03182374541003672,0.0012239902080783353,0.028967768257853937,0.026519787841697267,0.02692778457772338,0.025703794369645042,0.030599755201958383,0.026519787841697267,0.02284781721746226,0.028151774785801713,0.02447980416156671,0.03508771929824561,0.0012239902080783353,0.0012239902080783353,0.02529579763361893,0.02692778457772338,0.025703794369645042,0.02692778457772338,0.028559771521827825,0.0012239902080783353,0.0012239902080783353,0.0012239902080783353,0.0012239902080783353,0.02733578131374949,0.025703794369645042,0.028967768257853937,0.026111791105671155,0.02529579763361893",-1
"0,0,0,0,0,0,0,0,0,0,0,0,0,0,0,0,0,0,0,0,0,0,0,0,0,0,0,0,0,0,0,0,-1,0,0,0,0,0,0,0,0,0,0,0,0,0,0,0,0","0.001970055161544523,0.001970055161544523,0.001970055161544523,0.001970055161544523,0.001970055161544523,0.001970055161544523,0.001970055161544523,0.001970055161544523,0.001970055161544523,0.001970055161544523,0.001970055161544523,0.001970055161544523,0.001970055161544523,0.001970055161544523,0.001970055161544523,0.001970055161544523,0.001970055161544523,0.001970055161544523,0.001970055161544523,0.001970055161544523,0.001970055161544523,0.001970055161544523,0.001970055161544523,0.001970055161544523,0.001970055161544523,0.001970055161544523,0.001970055161544523,0.001970055161544523,0.001970055161544523,0.04688731284475965,0.7040977147360126,0.001970055161544523,0,0.001970055161544523,0.001970055161544523,0.030732860520094562,0.001970055161544523,0.04491725768321513,0.04728132387706856,0.001970055161544523,0.001970055161544523,0.04334121355397951,0.001970055161544523,0.001970055161544523,0.001970055161544523,0.001970055161544523,0.001970055161544523,0.001970055161544523,0.001970055161544523",1
"0,0,0,0,0,0,0,0,0,0,0,0,0,0,0,0,0,0,0,0,0,0,0,0,0,0,0,0,0,0,1,0,-1,0,0,0,0,0,0,0,0,0,0,0,0,0,0,0,0","0.013679245283018868,0.012028301886792454,0.012028301886792454,0.012028301886792454,0.012028301886792454,0.012028301886792454,0.032547169811320754,0.012028301886792454,0.012264150943396227,0.012028301886792454,0.02547169811320755,0.012028301886792454,0.012028301886792454,0.017924528301886792,0.012028301886792454,0.012028301886792454,0.012028301886792454,0.012264150943396227,0.07783018867924528,0.012264150943396227,0.012028301886792454,0.013679245283018868,0.013679245283018868,0.012028301886792454,0.012028301886792454,0.012028301886792454,0.012264150943396227,0.012028301886792454,0.012028301886792454,0.012264150943396227,0,0.012028301886792454,0,0.013679245283018868,0.012028301886792454,0.012028301886792454,0.31816037735849056,0.012028301886792454,0.012028301886792454,0.012028301886792454,0.013679245283018868,0.01509433962264151,0.013679245283018868,0.0205188679245283,0.012264150943396227,0.012028301886792454,0.012028301886792454,0.012028301886792454,0.012028301886792454",-1
"0,0,0,0,0,0,0,0,0,0,0,0,0,0,0,0,0,0,0,0,0,0,0,0,0,0,0,0,0,0,1,0,-1,0,0,0,-1,0,0,0,0,0,0,0,0,0,0,0,0","0.0013147515119642387,0.0013147515119642387,0.0013147515119642387,0.0013147515119642387,0.0013147515119642387,0.0013147515119642387,0.0013147515119642387,0.0013147515119642387,0.0013147515119642387,0.0013147515119642387,0.0013147515119642387,0.0013147515119642387,0.0013147515119642387,0.0013147515119642387,0.0013147515119642387,0.0013147515119642387,0.0013147515119642387,0.0013147515119642387,0.0013147515119642387,0.0013147515119642387,0.0013147515119642387,0.0013147515119642387,0.0013147515119642387,0.0013147515119642387,0.0013147515119642387,0.0013147515119642387,0.0013147515119642387,0.0013147515119642387,0.0013147515119642387,0.0013147515119642387,0,0.0013147515119642387,0,0.022876676308177753,0.0013147515119642387,0.0013147515119642387,0,0.8921903760189325,0.028398632658427556,0.0013147515119642387,0.0013147515119642387,0.0013147515119642387,0.0013147515119642387,0.0013147515119642387,0.0013147515119642387,0.0013147515119642387,0.0013147515119642387,0.0013147515119642387,0.0013147515119642387",1
"0,0,0,0,0,0,0,0,0,0,0,0,0,0,0,0,0,0,0,0,0,0,0,0,0,0,0,0,0,0,1,0,-1,0,0,0,-1,1,0,0,0,0,0,0,0,0,0,0,0","0.025136798905608757,0.019322845417236664,0.017612859097127224,0.017783857729138167,0.03300273597811217,0.020861833105335157,0.02222982216142271,0.019322845417236664,0.019322845417236664,0.019322845417236664,0.030437756497948016,0.02787277701778386,0.019322845417236664,0.025136798905608757,0.017612859097127224,0.019322845417236664,0.02222982216142271,0.019322845417236664,0.03556771545827633,0.020861833105335157,0.019322845417236664,0.020861833105335157,0.023768809849521205,0.017783857729138167,0.034370725034199724,0.017783857729138167,0.019322845417236664,0.020861833105335157,0.017783857729138167,0.020861833105335157,0,0.07335841313269494,0,0.019322845417236664,0.017612859097127224,0.019322845417236664,0,0,0.017612859097127224,0.019322845417236664,0.017612859097127224,0.020861833105335157,0.019322845417236664,0.019322845417236664,0.017783857729138167,0.019322845417236664,0.019322845417236664,0.017783857729138167,0.017783857729138167",-1
"0,0,0,0,0,0,0,0,0,0,0,0,0,0,0,0,0,0,0,0,0,0,0,0,0,0,0,0,0,0,1,-1,-1,0,0,0,-1,1,0,0,0,0,0,0,0,0,0,0,0","0.02634315424610052,0.021143847487001734,0.02980935875216638,0.022530329289428077,0.02980935875216638,0.022530329289428077,0.02461005199306759,0.022530329289428077,0.02634315424610052,0.02218370883882149,0.02634315424610052,0.02772963604852686,0.024956672443674176,0.022530329289428077,0.025996533795493933,0.021837088388214906,0.01975736568457539,0.021143847487001734,0.02634315424610052,0.025996533795493933,0.022530329289428077,0.02980935875216638,0.02634315424610052,0.022530329289428077,0.022530329289428077,0.02980935875216638,0.02461005199306759,0.022530329289428077,0.019064124783362217,0.022530329289428077,0,0,0,0.0010398613518197574,0.02634315424610052,0.021837088388214906,0,0,0.0010398613518197574,0.01975736568457539,0.022530329289428077,0.020450606585788563,0.02634315424610052,0.02218370883882149,0.01802426343154246,0.022530329289428077,0.023570190641247834,0.02218370883882149,0.019410745233968803",1
"0,0,1,0,0,0,0,0,0,0,0,0,0,0,0,0,0,0,0,0,0,0,0,0,0,0,0,0,0,0,1,-1,-1,0,0,0,-1,1,0,0,0,0,0,0,0,0,0,0,0","0.019661816751867872,0.019661816751867872,0,0.019661816751867872,0.019661816751867872,0.019268580416830515,0.019661816751867872,0.019661816751867872,0.019661816751867872,0.02438065277231616,0.11246559182068423,0.019661816751867872,0.019661816751867872,0.02202123476209202,0.019661816751867872,0.02202123476209202,0.019268580416830515,0.02202123476209202,0.03342508847817539,0.02202123476209202,0.019661816751867872,0.019661816751867872,0.02202123476209202,0.019268580416830515,0.05190719622493118,0.019661816751867872,0.019661816751867872,0.019661816751867872,0.019661816751867872,0.019268580416830515,0,0,0,0.02202123476209202,0.019661816751867872,0.019661816751867872,0,0,0.019661816751867872,0.019268580416830515,0.019268580416830515,0.019268580416830515,0.019268580416830515,0.019661816751867872,0.019661816751867872,0.019661816751867872,0.019661816751867872,0.019661816751867872,0.019661816751867872",-1
"0,0,1,0,0,0,0,0,0,0,-1,0,0,0,0,0,0,0,0,0,0,0,0,0,0,0,0,0,0,0,1,-1,-1,0,0,0,-1,1,0,0,0,0,0,0,0,0,0,0,0","0.025145772594752185,0.023323615160349854,0,0.023688046647230322,0.03389212827988338,0.0014577259475218659,0.0014577259475218659,0.031705539358600585,0.03134110787172012,0.0014577259475218659,0,0.03534985422740525,0.03389212827988338,0.021501457725947522,0.029154518950437316,0.030247813411078718,0.03498542274052478,0.030247813411078718,0.024416909620991252,0.03316326530612245,0.03389212827988338,0.029154518950437316,0.025510204081632654,0.0014577259475218659,0.03316326530612245,0.021501457725947522,0.029518950437317785,0.030247813411078718,0.026239067055393587,0.023688046647230322,0,0,0,0.0014577259475218659,0.030612244897959183,0.023688046647230322,0,0,0.026239067055393587,0.025510204081632654,0.0014577259475218659,0.027696793002915453,0.02587463556851312,0.03134110787172012,0.025145772594752185,0.023688046647230322,0.02806122448979592,0.02696793002915452,0.0014577259475218659",1
"0,0,1,0,0,0,0,0,0,0,-1,1,0,0,0,0,0,0,0,0,0,0,0,0,0,0,0,0,0,0,1,-1,-1,0,0,0,-1,1,0,0,0,0,0,0,0,0,0,0,0","0.01995305164319249,0.03442879499217527,0,0.01995305164319249,0.05868544600938967,0.01995305164319249,0.01995305164319249,0.01995305164319249,0.01995305164319249,0.01995305164319249,0,0,0.02269170579029734,0.02269170579029734,0.02034428794992175,0.02034428794992175,0.10250391236306729,0.02034428794992175,0.02034428794992175,0.01995305164319249,0.02034428794992175,0.02269170579029734,0.01995305164319249,0.01995305164319249,0.04499217527386541,0.01995305164319249,0.02034428794992175,0.01995305164319249,0.02269170579029734,0.02269170579029734,0,0,0,0.01995305164319249,0.02034428794992175,0.01995305164319249,0,0,0.02269170579029734,0.02034428794992175,0.01995305164319249,0.01995305164319249,0.01995305164319249,0.02034428794992175,0.02034428794992175,0.02034428794992175,0.01995305164319249,0.01995305164319249,0.02034428794992175",-1
"0,0,1,0,0,0,0,0,0,0,-1,1,0,0,0,0,-1,0,0,0,0,0,0,0,0,0,0,0,0,0,1,-1,-1,0,0,0,-1,1,0,0,0,0,0,0,0,0,0,0,0","0.025349008082292433,0.0011021307861866275,0,0.026818515797207936,0.03526818515797208,0.02902277736958119,0.02902277736958119,0.026818515797207936,0.024981631153563555,0.026818515797207936,0,0,0.03526818515797208,0.02902277736958119,0.02902277736958119,0.02204261572373255,0,0.02902277736958119,0.02902277736958119,0.02718589272593681,0.020573108008817047,0.02718589272593681,0.026083761939750184,0.026818515797207936,0.02902277736958119,0.03526818515797208,0.022777369581190303,0.02718589272593681,0.02204261572373255,0.02902277736958119,0,0,0,0.0011021307861866275,0.02461425422483468,0.0213078618662748,0,0,0.02204261572373255,0.01763409257898604,0.02204261572373255,0.025349008082292433,0.02902277736958119,0.02902277736958119,0.02204261572373255,0.02204261572373255,0.02204261572373255,0.023144746509919177,0.026818515797207936",1
"0,0,1,0,1,0,0,0,0,0,-1,1,0,0,0,0,-1,0,0,0,0,0,0,0,0,0,0,0,0,0,1,-1,-1,0,0,0,-1,1,0,0,0,0,0,0,0,0,0,0,0","0.024638247946812672,0.024247164646069613,0,0.024247164646069613,0,0.024247164646069613,0.024638247946812672,0.024638247946812672,0.024247164646069613,0.024638247946812672,0,0,0.024638247946812672,0.024638247946812672,0.024247164646069613,0.024247164646069613,0,0.024638247946812672,0.024638247946812672,0.024247164646069613,0.024247164646069613,0.024638247946812672,0.024247164646069613,0.024247164646069613,0.06961282753226437,0.024638247946812672,0.024638247946812672,0.024247164646069613,0.024638247946812672,0.024638247946812672,0,0,0,0.024247164646069613,0.024247164646069613,0.024247164646069613,0,0,0.024247164646069613,0.02737583105201408,0.024638247946812672,0.024247164646069613,0.024247164646069613,0.024247164646069613,0.024638247946812672,0.024247164646069613,0.024247164646069613,0.024247164646069613,0.024247164646069613",-1
"0,0,1,0,1,0,0,0,0,0,-1,1,0,0,0,0,-1,0,0,0,0,0,0,0,-1,0,0,0,0,0,1,-1,-1,0,0,0,-1,1,0,0,0,0,0,0,0,0,0,0,0","0.24772727272727274,0.023484848484848483,0,0.0015151515151515152,0,0.02537878787878788,0.02803030303030303,0.03068181818181818,0.0015151515151515152,0.031818181818181815,0,0,0.022727272727272728,0.0015151515151515152,0.0015151515151515152,0.02803030303030303,0,0.029924242424242423,0.03143939393939394,0.0015151515151515152,0.0015151515151515152,0.02878787878787879,0.023484848484848483,0.24772727272727274,0,0.0015151515151515152,0.028409090909090908,0.03068181818181818,0.029545454545454545,0.0015151515151515152,0,0,0,0.03068181818181818,0.0015151515151515152,0.027651515151515153,0,0,0.0015151515151515152,0.0015151515151515152,0.0015151515151515152,0.025,0.0015151515151515152,0.0015151515151515152,0.0015151515151515152,0.0015151515151515152,0.0015151515151515152,0.0015151515151515152,0.0015151515151515152",1
"1,0,1,0,1,0,0,0,0,0,-1,1,0,0,0,0,-1,0,0,0,0,0,0,0,-1,0,0,0,0,0,1,-1,-1,0,0,0,-1,1,0,0,0,0,0,0,0,0,0,0,0","0,0.027269810715431504,0,0.015399422521655439,0,0.013474494706448507,0.011870388193776067,0.011870388193776067,0.011870388193776067,0.02438241899262111,0,0,0.011870388193776067,0.011870388193776067,0.01860763554700032,0.011870388193776067,0,0.011870388193776067,0.011870388193776067,0.011870388193776067,0.011870388193776067,0.03978184151427655,0.011870388193776067,0.39557266602502406,0,0.011549566891241578,0.0356111645813282,0.01700352903432788,0.011870388193776067,0.015399422521655439,0,0,0,0.011870388193776067,0.011549566891241578,0.011870388193776067,0,0,0.011870388193776067,0.0410651267244145,0.011870388193776067,0.011870388193776067,0.011870388193776067,0.013474494706448507,0.0247032402951556,0.011870388193776067,0.02598652550529355,0.011870388193776067,0.03176130895091434",-1
"1,0,1,0,1,0,0,0,0,0,-1,1,0,0,0,0,-1,0,0,0,0,0,0,-1,-1,0,0,0,0,0,1,-1,-1,0,0,0,-1,1,0,0,0,0,0,0,0,0,0,0,0","0,0.03489315661347038,0,0.03732756288882878,0,0.015958885582905057,0.011360562618339193,0.030294833648904517,0.026507979442791454,0.03949147957803625,0,0,0.02894238571814985,0.011360562618339193,0.012983500135244793,0.011360562618339193,0,0.027860427373546118,0.026507979442791454,0.04300784419799838,0.011360562618339193,0.040843927508790914,0.02894238571814985,0,0,0.032729239924262916,0.032729239924262916,0.012983500135244793,0.02542602109818772,0.02894238571814985,0,0,0,0.10603191777116582,0.012983500135244793,0.020286718961319988,0,0,0.021368677305923723,0.02894238571814985,0.03624560454422505,0.012983500135244793,0.026507979442791454,0.011360562618339193,0.04192588585339464,0.012983500135244793,0.040843927508790914,0.018393291858263456,0.03732756288882878",1
"1,0,1,0,1,0,0,0,0,0,-1,1,0,0,0,0,-1,0,0,0,0,0,0,-1,-1,0,0,0,0,0,1,-1,-1,1,0,0,-1,1,0,0,0,0,0,0,0,0,0,0,0","0,0.02065103255162758,0,0.001400070003500175,0,0.001400070003500175,0.001400070003500175,0.001400070003500175,0.001400070003500175,0.001400070003500175,0,0,0.001400070003500175,0.001400070003500175,0.021701085054252712,0.001400070003500175,0,0.001400070003500175,0.001400070003500175,0.0224011200560028,0.001400070003500175,0.001400070003500175,0.001400070003500175,0,0,0.001400070003500175,0.7497374868743437,0.001400070003500175,0.001400070003500175,0.001400070003500175,0,0,0,0,0.02520126006300315,0.001400070003500175,0,0,0.001400070003500175,0.0280014000700035,0.001400070003500175,0.025551277563878195,0.001400070003500175,0.001400070003500175,0.001400070003500175,0.019950997549877492,0.0280014000700035,0.001400070003500175,0.023801190059502975",-1
"1,0,1,0,1,0,0,0,0,0,-1,1,0,0,0,0,-1,0,0,0,0,0,0,-1,-1,0,-1,0,0,0,1,-1,-1,1,0,0,-1,1,0,0,0,0,0,0,0,0,0,0,0","0,0.029079861111111112,0,0.029079861111111112,0,0.029079861111111112,0.029079861111111112,0.029079861111111112,0.029296875,0.029296875,0,0,0.029079861111111112,0.029296875,0.029079861111111112,0.029296875,0,0.029079861111111112,0.029296875,0.029079861111111112,0.029079861111111112,0.029079861111111112,0.029079861111111112,0,0,0.029296875,0,0.03146701388888889,0.03146701388888889,0.029079861111111112,0,0,0,0,0.029079861111111112,0.029079861111111112,0,0,0.029079861111111112,0.029079861111111112,0.029079861111111112,0.029079861111111112,0.029296875,0.029079861111111112,0.029079861111111112,0.029296875,0.029079861111111112,0.033854166666666664,0.029079861111111112",1
"1,0,1,0,1,0,0,0,0,0,-1,1,0,0,0,0,-1,0,0,0,0,0,0,-1,-1,0,-1,0,0,0,1,-1,-1,1,0,0,-1,1,0,0,0,0,0,0,0,0,0,1,0","0,0.025162028211971027,0,0.03431185665268776,0,0.03431185665268776,0.03393061380099123,0.03393061380099123,0.03393061380099123,0.03393061380099123,0,0,0.03393061380099123,0.025162028211971027,0.03393061380099123,0.03393061380099123,0,0.025162028211971027,0.03393061380099123,0.03393061380099123,0.03393061380099123,0.02249332825009531,0.03393061380099123,0,0,0.03393061380099123,0,0.03393061380099123,0.03393061380099123,0.03393061380099123,0,0,0,0,0.03393061380099123,0.03393061380099123,0,0,0.03393061380099123,0.03393061380099123,0.001143728555089592,0.025162028211971027,0.03393061380099123,0.001143728555089592,0.03393061380099123,0.025162028211971027,0.03393061380099123,0,0.03431185665268776",-1
"1,0,1,-1,1,0,0,0,0,0,-1,1,0,0,0,0,-1,0,0,0,0,0,0,-1,-1,0,-1,0,0,0,1,-1,-1,1,0,0,-1,1,0,0,0,0,0,0,0,0,0,1,0","0,0.029710711493354185,0,0,0,0.029710711493354185,0.029710711493354185,0.033229085222830336,0.029710711493354185,0.029710711493354185,0,0,0.029710711493354185,0.029710711493354185,0.033229085222830336,0.033229085222830336,0,0.029710711493354185,0.029710711493354185,0.029710711493354185,0.029710711493354185,0.029710711493354185,0.029710711493354185,0,0,0.029710711493354185,0,0.029710711493354185,0.029710711493354185,0.04495699765441751,0,0,0,0,0.029710711493354185,0.029710711493354185,0,0,0.029710711493354185,0.03635652853792025,0.029710711493354185,0.033229085222830336,0.029710711493354185,0.033229085222830336,0.03596559812353401,0.029710711493354185,0.033229085222830336,0,0.029710711493354185",1
"1,0,1,-1,1,0,0,0,0,0,-1,1,0,0,0,0,-1,0,0,0,0,0,0,-1,-1,0,-1,0,0,1,1,-1,-1,1,0,0,-1,1,0,0,0,0,0,0,0,0,0,1,0","0,0.0015479876160990713,0,0,0,0.02631578947368421,0.02631578947368421,0.027089783281733747,0.026702786377708978,0.024380804953560372,0,0,0.023606811145510834,0.02128482972136223,0.027476780185758515,0.023606811145510834,0,0.021671826625386997,0.02476780185758514,0.0015479876160990713,0.025154798761609906,0.027476780185758515,0.3835139318885449,0,0,0.02128482972136223,0,0.02476780185758514,0.025928792569659444,0,0,0,0,0,0.020510835913312694,0.024380804953560372,0,0,0.023993808049535603,0.024380804953560372,0.026702786377708978,0.019736842105263157,0.019736842105263157,0.0015479876160990713,0.0015479876160990713,0.025928792569659444,0.0015479876160990713,0,0.025541795665634675",-1
"1,0,1,-1,1,0,0,0,0,0,-1,1,0,0,0,0,-1,0,0,0,0,0,-1,-1,-1,0,-1,0,0,1,1,-1,-1,1,0,0,-1,1,0,0,0,0,0,0,0,0,0,1,0","0,0.03322739092747761,0,0,0,0.03322739092747761,0.03322739092747761,0.03293845709332563,0.03322739092747761,0.03322739092747761,0,0,0.03293845709332563,0.03322739092747761,0.03322739092747761,0.03322739092747761,0,0.03322739092747761,0.03322739092747761,0.03293845709332563,0.03322739092747761,0.03322739092747761,0,0,0,0.03322739092747761,0,0.03322739092747761,0.03871713377636521,0,0,0,0,0,0.03293845709332563,0.03322739092747761,0,0,0.03293845709332563,0.03293845709332563,0.03322739092747761,0.03322739092747761,0.03322739092747761,0.03322739092747761,0.03293845709332563,0.03322739092747761,0.03322739092747761,0,0.03293845709332563",1
"1,0,1,-1,1,0,0,0,0,0,-1,1,0,0,0,0,-1,0,0,0,0,0,-1,-1,-1,0,-1,0,1,1,1,-1,-1,1,0,0,-1,1,0,0,0,0,0,0,0,0,0,1,0","0,0.0015355086372360845,0,0,0,0.025335892514395393,0.02495201535508637,0.025719769673704415,0.025719769673704415,0.025719769673704415,0,0,0.02495201535508637,0.02495201535508637,0.025719769673704415,0.02495201535508637,0,0.024568138195777352,0.02418426103646833,0.025335892514395393,0.02495201535508637,0.3493282149712092,0,0,0,0.02418426103646833,0,0.025335892514395393,0,0,0,0,0,0,0.02418426103646833,0.02495201535508637,0,0,0.02495201535508637,0.024568138195777352,0.025335892514395393,0.02072936660268714,0.025335892514395393,0.025335892514395393,0.02495201535508637,0.025719769673704415,0.0015355086372360845,0,0.02495201535508637",-1
"1,0,1,-1,1,0,0,0,0,0,-1,1,0,0,0,0,-1,0,0,0,0,-1,-1,-1,-1,0,-1,0,1,1,1,-1,-1,1,0,0,-1,1,0,0,0,0,0,0,0,0,0,1,0","0,0.035777646363098756,0,0,0,0.035777646363098756,0.035777646363098756,0.035777646363098756,0.035777646363098756,0.035777646363098756,0,0,0.035777646363098756,0.03548196333530455,0.03548196333530455,0.03548196333530455,0,0.035777646363098756,0.035777646363098756,0.035777646363098756,0.035777646363098756,0,0,0,0,0.03548196333530455,0,0.035777646363098756,0,0,0,0,0,0,0.035777646363098756,0.035777646363098756,0,0,0.035777646363098756,0.03548196333530455,0.035777646363098756,0.035777646363098756,0.035777646363098756,0.035777646363098756,0.035777646363098756,0.035777646363098756,0.03548196333530455,0,0.035777646363098756",1
"1,1,1,-1,1,0,0,0,0,0,-1,1,0,0,0,0,-1,0,0,0,0,-1,-1,-1,-1,0,-1,0,1,1,1,-1,-1,1,0,0,-1,1,0,0,0,0,0,0,0,0,0,1,0","0,0,0,0,0,0.03700848111025443,0.03700848111025443,0.03700848111025443,0.03700848111025443,0.03700848111025443,0,0,0.037393986121819586,0.03700848111025443,0.03700848111025443,0.03700848111025443,0,0.03700848111025443,0.03700848111025443,0.03700848111025443,0.03700848111025443,0,0,0,0,0.03700848111025443,0,0.03700848111025443,0,0,0,0,0,0,0.03700848111025443,0.03700848111025443,0,0,0.03700848111025443,0.03700848111025443,0.03700848111025443,0.03700848111025443,0.03700848111025443,0.03700848111025443,0.03700848111025443,0.03700848111025443,0.037393986121819586,0,0.03700848111025443",-1
"1,1,1,-1,1,0,0,0,0,0,-1,1,-1,0,0,0,-1,0,0,0,0,-1,-1,-1,-1,0,-1,0,1,1,1,-1,-1,1,0,0,-1,1,0,0,0,0,0,0,0,0,0,1,0","0,0,0,0,0,0.038506417736289385,0.038506417736289385,0.038506417736289385,0.038506417736289385,0.03811746402178141,0,0,0,0.038506417736289385,0.038506417736289385,0.038506417736289385,0,0.038506417736289385,0.038506417736289385,0.038506417736289385,0.03811746402178141,0,0,0,0,0.038506417736289385,0,0.038506417736289385,0,0,0,0,0,0,0.038506417736289385,0.038506417736289385,0,0,0.038506417736289385,0.03811746402178141,0.038506417736289385,0.038506417736289385,0.038506417736289385,0.038506417736289385,0.038506417736289385,0.038506417736289385,0.038506417736289385,0,0.038506417736289385",1
"1,1,1,-1,1,1,0,0,0,0,-1,1,-1,0,0,0,-1,0,0,0,0,-1,-1,-1,-1,0,-1,0,1,1,1,-1,-1,1,0,0,-1,1,0,0,0,0,0,0,0,0,0,1,0","0,0,0,0,0,0,0.039627039627039624,0.040015540015540016,0.040015540015540016,0.040015540015540016,0,0,0,0.040015540015540016,0.040015540015540016,0.040015540015540016,0,0.040015540015540016,0.040015540015540016,0.040015540015540016,0.040015540015540016,0,0,0,0,0.040015540015540016,0,0.040015540015540016,0,0,0,0,0,0,0.040015540015540016,0.040015540015540016,0,0,0.040015540015540016,0.040015540015540016,0.040015540015540016,0.040015540015540016,0.040015540015540016,0.040015540015540016,0.040015540015540016,0.040015540015540016,0.040015540015540016,0,0.040015540015540016",-1
"1,1,1,-1,1,1,0,-1,0,0,-1,1,-1,0,0,0,-1,0,0,0,0,-1,-1,-1,-1,0,-1,0,1,1,1,-1,-1,1,0,0,-1,1,0,0,0,0,0,0,0,0,0,1,0","0,0,0,0,0,0,0.04148894920511826,0,0.04187669639395114,0.04187669639395114,0,0,0,0.04187669639395114,0.04187669639395114,0.04148894920511826,0,0.04148894920511826,0.04148894920511826,0.04148894920511826,0.04187669639395114,0,0,0,0,0.04187669639395114,0,0.04148894920511826,0,0,0,0,0,0,0.04187669639395114,0.04187669639395114,0,0,0.04148894920511826,0.04187669639395114,0.04148894920511826,0.04148894920511826,0.04148894920511826,0.04148894920511826,0.04187669639395114,0.04187669639395114,0.04148894920511826,0,0.04148894920511826",1
"1,1,1,-1,1,1,0,-1,1,0,-1,1,-1,0,0,0,-1,0,0,0,0,-1,-1,-1,-1,0,-1,0,1,1,1,-1,-1,1,0,0,-1,1,0,0,0,0,0,0,0,0,0,1,0","0,0,0,0,0,0,0.04332688588007737,0,0,0.04332688588007737,0,0,0,0.04332688588007737,0.043713733075435204,0.04332688588007737,0,0.043713733075435204,0.043713733075435204,0.04332688588007737,0.04332688588007737,0,0,0,0,0.04332688588007737,0,0.04332688588007737,0,0,0,0,0,0,0.04332688588007737,0.04332688588007737,0,0,0.04332688588007737,0.043713733075435204,0.04332688588007737,0.04332688588007737,0.043713733075435204,0.043713733075435204,0.043713733075435204,0.04332688588007737,0.043713733075435204,0,0.043713733075435204",-1
"1,1,1,-1,1,1,0,-1,1,0,-1,1,-1,0,-1,0,-1,0,0,0,0,-1,-1,-1,-1,0,-1,0,1,1,1,-1,-1,1,0,0,-1,1,0,0,0,0,0,0,0,0,0,1,0","0,0,0,0,0,0,0.04515631030490158,0,0,0.04554226167502894,0,0,0,0.04554226167502894,0,0.04554226167502894,0,0.04554226167502894,0.04554226167502894,0.04515631030490158,0.04554226167502894,0,0,0,0,0.04554226167502894,0,0.04554226167502894,0,0,0,0,0,0,0.04515631030490158,0.04554226167502894,0,0,0.04554226167502894,0.04554226167502894,0.04554226167502894,0.04554226167502894,0.04554226167502894,0.04515631030490158,0.04554226167502894,0.04515631030490158,0.04554226167502894,0,0.04554226167502894",1
"1,1,1,-1,1,1,0,-1,1,1,-1,1,-1,0,-1,0,-1,0,0,0,0,-1,-1,-1,-1,0,-1,0,1,1,1,-1,-1,1,0,0,-1,1,0,0,0,0,0,0,0,0,0,1,0","0,0,0,0,0,0,0.047747400847131305,0,0,0,0,0,0,0.047362341162880246,0,0.047362341162880246,0,0.047362341162880246,0.047362341162880246,0.047362341162880246,0.047747400847131305,0,0,0,0,0.047747400847131305,0,0.047747400847131305,0,0,0,0,0,0,0.047747400847131305,0.047747400847131305,0,0,0.047747400847131305,0.047362341162880246,0.047747400847131305,0.047747400847131305,0.047747400847131305,0.047747400847131305,0.047362341162880246,0.047747400847131305,0.047747400847131305,0,0.047747400847131305",-1
"1,1,1,-1,1,1,-1,-1,1,1,-1,1,-1,0,-1,0,-1,0,0,0,0,-1,-1,-1,-1,0,-1,0,1,1,1,-1,-1,1,0,0,-1,1,0,0,0,0,0,0,0,0,0,1,0","0,0,0,0,0,0,0,0,0,0,0,0,0,0.04992319508448541,0,0.04992319508448541,0,0.04992319508448541,0.050307219662058374,0.04992319508448541,0.050307219662058374,0,0,0,0,0.04992319508448541,0,0.04992319508448541,0,0,0,0,0,0,0.050307219662058374,0.04992319508448541,0,0,0.04992319508448541,0.04992319508448541,0.04992319508448541,0.050307219662058374,0.04992319508448541,0.04992319508448541,0.04992319508448541,0.04992319508448541,0.04992319508448541,0,0.04992319508448541",1
"1,1,1,-1,1,1,-1,-1,1,1,-1,1,-1,0,-1,0,-1,0,1,0,0,-1,-1,-1,-1,0,-1,0,1,1,1,-1,-1,1,0,0,-1,1,0,0,0,0,0,0,0,0,0,1,0","0,0,0,0,0,0,0,0,0,0,0,0,0,0.052833078101071976,0,0.052833078101071976,0,0.05245022970903522,0,0.052833078101071976,0.05245022970903522,0,0,0,0,0.05245022970903522,0,0.05245022970903522,0,0,0,0,0,0,0.052833078101071976,0.05245022970903522,0,0,0.052833078101071976,0.05245022970903522,0.05245022970903522,0.052833078101071976,0.052833078101071976,0.05245022970903522,0.052833078101071976,0.05245022970903522,0.052833078101071976,0,0.05245022970903522",-1
"1,1,1,-1,1,1,-1,-1,1,1,-1,1,-1,-1,-1,0,-1,0,1,0,0,-1,-1,-1,-1,0,-1,0,1,1,1,-1,-1,1,0,0,-1,1,0,0,0,0,0,0,0,0,0,1,0","0,0,0,0,0,0,0,0,0,0,0,0,0,0,0,0.055725190839694655,0,0.05534351145038168,0,0.05534351145038168,0.05534351145038168,0,0,0,0,0.055725190839694655,0,0.055725190839694655,0,0,0,0,0,0,0.055725190839694655,0.05534351145038168,0,0,0.05534351145038168,0.05534351145038168,0.05534351145038168,0.055725190839694655,0.055725190839694655,0.055725190839694655,0.055725190839694655,0.05534351145038168,0.055725190839694655,0,0.055725190839694655",1
"1,1,1,-1,1,1,-1,-1,1,1,-1,1,-1,-1,-1,1,-1,0,1,0,0,-1,-1,-1,-1,0,-1,0,1,1,1,-1,-1,1,0,0,-1,1,0,0,0,0,0,0,0,0,0,1,0","0,0,0,0,0,0,0,0,0,0,0,0,0,0,0,0,0,0.05895777862305059,0,0.05895777862305059,0.058577405857740586,0,0,0,0,0.05895777862305059,0,0.058577405857740586,0,0,0,0,0,0,0.058577405857740586,0.058577405857740586,0,0,0.05895777862305059,0.05895777862305059,0.05895777862305059,0.05895777862305059,0.058577405857740586,0.05895777862305059,0.058577405857740586,0.05895777862305059,0.05895777862305059,0,0.05895777862305059",-1
"1,1,1,-1,1,1,-1,-1,1,1,-1,1,-1,-1,-1,1,-1,-1,1,0,0,-1,-1,-1,-1,0,-1,0,1,1,1,-1,-1,1,0,0,-1,1,0,0,0,0,0,0,0,0,0,1,0","0,0,0,0,0,0,0,0,0,0,0,0,0,0,0,0,0,0,0,0.06252368321333839,0.06252368321333839,0,0,0,0,0.06252368321333839,0,0.06252368321333839,0,0,0,0,0,0,0.06252368321333839,0.06252368321333839,0,0,0.062144751799924215,0.06252368321333839,0.06252368321333839,0.06252368321333839,0.06252368321333839,0.06252368321333839,0.06252368321333839,0.06252368321333839,0.06252368321333839,0,0.06252368321333839",1
"1,1,1,-1,1,1,-1,-1,1,1,-1,1,-1,-1,-1,1,-1,-1,1,1,0,-1,-1,-1,-1,0,-1,0,1,1,1,-1,-1,1,0,0,-1,1,0,0,0,0,0,0,0,0,0,1,0","0,0,0,0,0,0,0,0,0,0,0,0,0,0,0,0,0,0,0,0,0.06679245283018868,0,0,0,0,0.06641509433962264,0,0.06679245283018868,0,0,0,0,0,0,0.06679245283018868,0.06679245283018868,0,0,0.06641509433962264,0.06641509433962264,0.06641509433962264,0.06679245283018868,0.06679245283018868,0.06641509433962264,0.06679245283018868,0.06679245283018868,0.06679245283018868,0,0.06679245283018868",-1
"0,0,0,0,0,0,0,0,0,0,0,0,0,0,0,0,0,0,0,0,0,0,0,0,0,0,0,0,0,0,0,0,0,0,0,0,0,0,0,0,0,0,0,0,0,0,0,0,0","0.0028559771521827824,0.0032639738882088943,0.0028559771521827824,0.057935536515707875,0.0028559771521827824,0.0032639738882088943,0.0032639738882088943,0.0028559771521827824,0.0028559771521827824,0.0032639738882088943,0.0028559771521827824,0.0028559771521827824,0.0554875560995512,0.0028559771521827824,0.0032639738882088943,0.0028559771521827824,0.0485516115871073,0.0028559771521827824,0.0028559771521827824,0.0028559771521827824,0.05589555283557732,0.0028559771521827824,0.0028559771521827824,0.04814361485108119,0.057935536515707875,0.0028559771521827824,0.0028559771521827824,0.0028559771521827824,0.050999592003263976,0.057935536515707875,0.058343533251733984,0.0028559771521827824,0.049367605059159526,0.05344757241942064,0.0032639738882088943,0.0485516115871073,0.05059159526723786,0.0028559771521827824,0.0028559771521827824,0.0028559771521827824,0.05426356589147287,0.050999592003263976,0.0028559771521827824,0.05426356589147287,0.05344757241942064,0.0028559771521827824,0.0028559771521827824,0.0028559771521827824,0.0028559771521827824",1
"0,0,0,0,0,0,0,0,0,0,0,0,0,0,0,0,0,0,0,0,0,0,0,0,0,0,0,0,0,0,1,0,0,0,0,0,0,0,0,0,0,0,0,0,0,0,0,0,0","0.006936416184971098,0.006936416184971098,0.006936416184971098,0.006936416184971098,0.006936416184971098,0.006936416184971098,0.08670520231213873,0.05934489402697495,0.06782273603082851,0.006936416184971098,0.06473988439306358,0.006936416184971098,0.06666666666666667,0.006936416184971098,0.006936416184971098,0.06473988439306358,0.06859344894026975,0.006936416184971098,0.006936416184971098,0.006936416184971098,0.06011560693641618,0.006936416184971098,0.006936416184971098,0.006936416184971098,0.006936416184971098,0.06319845857418112,0.006936416184971098,0.0674373795761079,0.006936416184971098,0.006936416184971098,0,0.006936416184971098,0.006936416184971098,0.006936416184971098,0.006936416184971098,0.006936416184971098,0.006936416184971098,0.006936416184971098,0.006936416184971098,0.006936416184971098,0.006936416184971098,0.006936416184971098,0.006936416184971098,0.07398843930635839,0.006936416184971098,0.006936416184971098,0.006936416184971098,0.006936416184971098,0.006936416184971098",-1
"0,0,0,0,0,0,-1,0,0,0,0,0,0,0,0,0,0,0,0,0,0,0,0,0,0,0,0,0,0,0,1,0,0,0,0,0,0,0,0,0,0,0,0,0,0,0,0,0,0","0.004107542942494399,0.004107542942494399,0.004107542942494399,0.004107542942494399,0.004107542942494399,0.004107542942494399,0,0.05265123226288275,0.004107542942494399,0.16392830470500375,0.004107542942494399,0.06833457804331591,0.09634055265123226,0.004107542942494399,0.004107542942494399,0.004107542942494399,0.004107542942494399,0.004107542942494399,0.05638536221060493,0.004107542942494399,0.004107542942494399,0.05265123226288275,0.05265123226288275,0.004107542942494399,0.004107542942494399,0.004107542942494399,0.004107542942494399,0.004107542942494399,0.004107542942494399,0.05227781926811053,0,0.05489171023151606,0.004107542942494399,0.004107542942494399,0.004107542942494399,0.004107542942494399,0.05227781926811053,0.004107542942494399,0.004107542942494399,0.004107542942494399,0.004107542942494399,0.04854368932038835,0.0578790141896938,0.004107542942494399,0.004107542942494399,0.004107542942494399,0.004107542942494399,0.05153099327856609,0.004107542942494399",1
"0,0,0,0,0,0,-1,0,0,1,0,0,0,0,0,0,0,0,0,0,0,0,0,0,0,0,0,0,0,0,1,0,0,0,0,0,0,0,0,0,0,0,0,0,0,0,0,0,0","0.016246111303145523,0.015900449360525405,0.11579675077773938,0.016246111303145523,0.015900449360525405,0.09609402004839267,0,0.016246111303145523,0.016246111303145523,0,0.015900449360525405,0.016246111303145523,0.015900449360525405,0.015900449360525405,0.016246111303145523,0.016246111303145523,0.015900449360525405,0.016246111303145523,0.016246111303145523,0.016246111303145523,0.016246111303145523,0.016246111303145523,0.016246111303145523,0.018320082958866227,0.015900449360525405,0.016246111303145523,0.016246111303145523,0.018320082958866227,0.016246111303145523,0.016246111303145523,0,0.09160041479433115,0.015900449360525405,0.015900449360525405,0.015900449360525405,0.015900449360525405,0.016246111303145523,0.015900449360525405,0.016246111303145523,0.015900449360525405,0.015900449360525405,0.015900449360525405,0.015900449360525405,0.016246111303145523,0.016246111303145523,0.016246111303145523,0.016246111303145523,0.015900449360525405,0.015900449360525405",-1
"0,0,-1,0,0,0,-1,0,0,1,0,0,0,0,0,0,0,0,0,0,0,0,0,0,0,0,0,0,0,0,1,0,0,0,0,0,0,0,0,0,0,0,0,0,0,0,0,0,0","0.03333333333333333,0.002150537634408602,0,0.041935483870967745,0.03763440860215054,0.03655913978494624,0,0.03870967741935484,0.043369175627240145,0,0.002150537634408602,0.03942652329749104,0.03799283154121864,0.032974910394265235,0.002150537634408602,0.002150537634408602,0.002150537634408602,0.04050179211469534,0.034408602150537634,0.002150537634408602,0.002150537634408602,0.002150537634408602,0.002150537634408602,0.03476702508960573,0.002150537634408602,0.03476702508960573,0.034050179211469536,0.002150537634408602,0.03655913978494624,0.002150537634408602,0,0.03727598566308244,0.03655913978494624,0.002150537634408602,0.03942652329749104,0.03727598566308244,0.03512544802867384,0.03620071684587814,0.03655913978494624,0.002150537634408602,0.03261648745519713,0.002150537634408602,0.03763440860215054,0.002150537634408602,0.002150537634408602,0.03870967741935484,0.03476702508960573,0.002150537634408602,0.002150537634408602",1
"0,0,-1,0,0,0,-1,0,1,1,0,0,0,0,0,0,0,0,0,0,0,0,0,0,0,0,0,0,0,0,1,0,0,0,0,0,0,0,0,0,0,0,0,0,0,0,0,0,0","0.011641443538998836,0.011641443538998836,0,0.011253395421032208,0.011641443538998836,0.011641443538998836,0,0.011253395421032208,0,0,0.15250291036088476,0.07993791230112533,0.011641443538998836,0.011641443538998836,0.011641443538998836,0.011641443538998836,0.011641443538998836,0.011641443538998836,0.011641443538998836,0.011641443538998836,0.011641443538998836,0.011253395421032208,0.011641443538998836,0.011641443538998836,0.011641443538998836,0.011641443538998836,0.011641443538998836,0.011641443538998836,0.011253395421032208,0.011641443538998836,0,0.011641443538998836,0.011641443538998836,0.011641443538998836,0.07993791230112533,0.011641443538998836,0.011641443538998836,0.011641443538998836,0.09235545207605743,0.07722157547535895,0.011253395421032208,0.07877376794722546,0.011641443538998836,0.011641443538998836,0.011641443538998836,0.011253395421032208,0.011253395421032208,0.011253395421032208,0.011641443538998836",-1
"0,0,-1,0,0,0,-1,0,1,1,-1,0,0,0,0,0,0,0,0,0,0,0,0,0,0,0,0,0,0,0,1,0,0,0,0,0,0,0,0,0,0,0,0,0,0,0,0,0,0","0.006666666666666667,0.006666666666666667,0,0.006666666666666667,0.07017543859649122,0.006666666666666667,0,0.06491228070175438,0,0,0,0.060350877192982454,0.006666666666666667,0.06315789473684211,0.006666666666666667,0.06666666666666667,0.1919298245614035,0.006666666666666667,0.06140350877192982,0.006666666666666667,0.056842105263157895,0.07438596491228071,0.07017543859649122,0.006666666666666667,0.006666666666666667,0.006666666666666667,0.006666666666666667,0.006666666666666667,0.006666666666666667,0.006666666666666667,0,0.006666666666666667,0.006666666666666667,0.006666666666666667,0.006666666666666667,0.006666666666666667,0.006666666666666667,0.006666666666666667,0.006666666666666667,0.006666666666666667,0.006666666666666667,0.006666666666666667,0.006666666666666667,0.006666666666666667,0.006666666666666667,0.006666666666666667,0.006666666666666667,0.006666666666666667,0.006666666666666667",1
"0,0,-1,0,0,0,-1,0,1,1,-1,0,0,0,0,0,1,0,0,0,0,0,0,0,0,0,0,0,0,0,1,0,0,0,0,0,0,0,0,0,0,0,0,0,0,0,0,0,0","0.013643926788685524,0.08818635607321132,0,0.08452579034941764,0.013643926788685524,0.013643926788685524,0,0.013976705490848586,0,0,0,0.013643926788685524,0.013643926788685524,0.013643926788685524,0.013643926788685524,0.013643926788685524,0,0.013643926788685524,0.013643926788685524,0.013643926788685524,0.013643926788685524,0.013643926788685524,0.0908485856905158,0.013643926788685524,0.027287853577371048,0.1324459234608985,0.013643926788685524,0.013643926788685524,0.013643926788685524,0.013643926788685524,0,0.013643926788685524,0.013976705490848586,0.013643926788685524,0.013976705490848586,0.013643926788685524,0.013643926788685524,0.013643926788685524,0.013643926788685524,0.013643926788685524,0.013643926788685524,0.013643926788685524,0.013643926788685524,0.013643926788685524,0.013643926788685524,0.013643926788685524,0.013643926788685524,0.013643926788685524,0.08452579034941764",-1
"0,0,-1,0,0,0,-1,0,1,1,-1,0,0,0,0,0,1,0,0,0,0,0,0,0,0,-1,0,0,0,0,1,0,0,0,0,0,0,0,0,0,0,0,0,0,0,0,0,0,0","0.03710185509275464,0.03290164508225411,0,0.039901995099754985,0.04025201260063003,0.038501925096254816,0,0.0021001050052502626,0,0,0,0.03885194259712986,0.03815190759537977,0.0021001050052502626,0.03710185509275464,0.03955197759887994,0,0.0021001050052502626,0.03955197759887994,0.04130206510325516,0.0021001050052502626,0.0021001050052502626,0.0021001050052502626,0.30346517325866296,0.0021001050052502626,0,0.0021001050052502626,0.03885194259712986,0.03535176758837942,0.0021001050052502626,0,0.0021001050052502626,0.0021001050052502626,0.0021001050052502626,0.0021001050052502626,0.03885194259712986,0.0021001050052502626,0.0021001050052502626,0.0021001050052502626,0.0021001050052502626,0.0021001050052502626,0.03605180259012951,0.0021001050052502626,0.0021001050052502626,0.0021001050052502626,0.038501925096254816,0.0021001050052502626,0.037451872593629684,0.0021001050052502626",1
"0,0,-1,0,0,0,-1,0,1,1,-1,0,0,0,0,0,1,0,0,0,0,0,0,1,0,-1,0,0,0,0,1,0,0,0,0,0,0,0,0,0,0,0,0,0,0,0,0,0,0","0.03576795912233243,0.040276525398256685,0,0.025849113315299068,0.016230838593327322,0.0387736699729486,0,0.032461677186654644,0,0,0,0.037270814547640516,0.02043883378418996,0.025849113315299068,0.020138262699128343,0.016230838593327322,0,0.016230838593327322,0.01833483618875864,0.02043883378418996,0.01833483618875864,0.016230838593327322,0.025849113315299068,0,0.016230838593327322,0,0.024045686804929366,0.016230838593327322,0.020138262699128343,0.016230838593327322,0,0.020138262699128343,0.016230838593327322,0.016230838593327322,0.02043883378418996,0.027351968740607153,0.1427712654042681,0.01833483618875864,0.022242260294559665,0.029155395250976854,0.020138262699128343,0.020138262699128343,0.01833483618875864,0.016230838593327322,0.016230838593327322,0.020138262699128343,0.016230838593327322,0.016230838593327322,0.025849113315299068",-1
"0,0,-1,0,0,0,-1,0,1,1,-1,0,0,0,0,0,1,0,0,0,0,0,0,1,0,-1,0,0,0,0,1,0,0,0,0,0,-1,0,0,0,0,0,0,0,0,0,0,0,0","0.0194141689373297,0.0013623978201634877,0,0.02282016348773842,0.020435967302452316,0.023501362397820164,0,0.0013623978201634877,0,0,0,0.0013623978201634877,0.0013623978201634877,0.029291553133514985,0.0013623978201634877,0.0013623978201634877,0,0.020095367847411442,0.024182561307901907,0.029291553133514985,0.0013623978201634877,0.0013623978201634877,0.0013623978201634877,0,0.0013623978201634877,0,0.0013623978201634877,0.0013623978201634877,0.0013623978201634877,0.0013623978201634877,0,0.02656675749318801,0.0013623978201634877,0.027929155313351498,0.0013623978201634877,0.02690735694822888,0,0.6471389645776566,0.027929155313351498,0.0013623978201634877,0.020435967302452316,0.0013623978201634877,0.0013623978201634877,0.0013623978201634877,0.0013623978201634877,0.0013623978201634877,0.0013623978201634877,0.0013623978201634877,0.0013623978201634877",1
"0,0,-1,0,0,0,-1,0,1,1,-1,0,0,0,0,0,1,0,0,0,0,0,0,1,0,-1,0,0,0,0,1,0,0,0,0,0,-1,1,0,0,0,0,0,0,0,0,0,0,0","0.03690967446125631,0.03370013755158184,0,0.030261348005502064,0.020861989912884,0.030261348005502064,0,0.03530490600641907,0,0,0,0.028427326914259515,0.024759284731774415,0.020861989912884,0.024759284731774415,0.024759284731774415,0,0.02269601100412655,0.020861989912884,0.022925263640531865,0.022925263640531865,0.024759284731774415,0.024759284731774415,0,0.028427326914259515,0,0.03530490600641907,0.022925263640531865,0.031866116460339294,0.024759284731774415,0,0.024759284731774415,0.02269601100412655,0.024759284731774415,0.022925263640531865,0.024759284731774415,0,0,0.022925263640531865,0.030261348005502064,0.026593305823016965,0.028427326914259515,0.024759284731774415,0.024759284731774415,0.022925263640531865,0.028427326914259515,0.030261348005502064,0.022925263640531865,0.024759284731774415",-1
"-1,0,-1,0,0,0,-1,0,1,1,-1,0,0,0,0,0,1,0,0,0,0,0,0,1,0,-1,0,0,0,0,1,0,0,0,0,0,-1,1,0,0,0,0,0,0,0,0,0,0,0","0,0.1017530487804878,0,0.1017530487804878,0.03010670731707317,0.0011432926829268292,0,0.028582317073170733,0,0,0,0.1017530487804878,0.0011432926829268292,0.02972560975609756,0.021722560975609755,0.0011432926829268292,0,0.0011432926829268292,0.028201219512195123,0.0011432926829268292,0.0011432926829268292,0.0011432926829268292,0.03010670731707317,0,0.028201219512195123,0,0.03010670731707317,0.027820121951219513,0.020198170731707318,0.028582317073170733,0,0.02972560975609756,0.02972560975609756,0.028201219512195123,0.021722560975609755,0.03010670731707317,0,0,0.02934451219512195,0.024009146341463415,0.0011432926829268292,0.021341463414634148,0.028963414634146343,0.028963414634146343,0.025152439024390245,0.027057926829268292,0.028963414634146343,0.027820121951219513,0.0011432926829268292",1
"-1,1,-1,0,0,0,-1,0,1,1,-1,0,0,0,0,0,1,0,0,0,0,0,0,1,0,-1,0,0,0,0,1,0,0,0,0,0,-1,1,0,0,0,0,0,0,0,0,0,0,0","0,0,0,0.027462467960454047,0.027828634199926768,0.027828634199926768,0,0.027828634199926768,0,0,0,0.027462467960454047,0.027828634199926768,0.027828634199926768,0.027828634199926768,0.027828634199926768,0,0.027828634199926768,0.027828634199926768,0.027828634199926768,0.027462467960454047,0.027828634199926768,0.027828634199926768,0,0.027828634199926768,0,0.027828634199926768,0.027828634199926768,0.027828634199926768,0.027828634199926768,0,0.027828634199926768,0.027828634199926768,0.027828634199926768,0.027828634199926768,0.027828634199926768,0,0,0.027462467960454047,0.027828634199926768,0.027828634199926768,0.027828634199926768,0.027828634199926768,0.027462467960454047,0.027828634199926768,0.027828634199926768,0.027828634199926768,0.027828634199926768,0.027828634199926768",-1
"-1,1,-1,0,-1,0,-1,0,1,1,-1,0,0,0,0,0,1,0,0,0,0,0,0,1,0,-1,0,0,0,0,1,0,0,0,0,0,-1,1,0,0,0,0,0,0,0,0,0,0,0","0,0,0,0.029122392758756395,0,0.02872884691066509,0,0.02872884691066509,0,0,0,0.02872884691066509,0.02872884691066509,0.02872884691066509,0.02872884691066509,0.025186934277843367,0,0.02872884691066509,0.029122392758756395,0.02872884691066509,0.02872884691066509,0.02872884691066509,0.02872884691066509,0,0.02872884691066509,0,0.02872884691066509,0.02872884691066509,0.02872884691066509,0.02872884691066509,0,0.02872884691066509,0.02872884691066509,0.02872884691066509,0.02872884691066509,0.025186934277843367,0,0,0.02872884691066509,0.02872884691066509,0.029122392758756395,0.02872884691066509,0.02872884691066509,0.02872884691066509,0.02872884691066509,0.029122392758756395,0.02872884691066509,0.02872884691066509,0.02872884691066509",1
"-1,1,-1,1,-1,0,-1,0,1,1,-1,0,0,0,0,0,1,0,0,0,0,0,0,1,0,-1,0,0,0,0,1,0,0,0,0,0,-1,1,0,0,0,0,0,0,0,0,0,0,0","0,0,0,0,0,0.02952755905511811,0,0.029133858267716535,0,0,0,0.02952755905511811,0.02952755905511811,0.02952755905511811,0.029133858267716535,0.02952755905511811,0,0.029133858267716535,0.02952755905511811,0.02952755905511811,0.02952755905511811,0.029133858267716535,0.02952755905511811,0,0.02952755905511811,0,0.02952755905511811,0.02952755905511811,0.029133858267716535,0.02952755905511811,0,0.029133858267716535,0.02952755905511811,0.02952755905511811,0.02952755905511811,0.02952755905511811,0,0,0.02952755905511811,0.029133858267716535,0.029133858267716535,0.02952755905511811,0.02952755905511811,0.02952755905511811,0.029133858267716535,0.02952755905511811,0.02952755905511811,0.02952755905511811,0.029133858267716535",-1
"-1,1,-1,1,-1,-1,-1,0,1,1,-1,0,0,0,0,0,1,0,0,0,0,0,0,1,0,-1,0,0,0,0,1,0,0,0,0,0,-1,1,0,0,0,0,0,0,0,0,0,0,0","0,0,0,0,0,0,0,0.03107789142407553,0,0,0,0.03147128245476003,0.03107789142407553,0.03147128245476003,0.03147128245476003,0.025570416994492525,0,0.022029897718332022,0.03147128245476003,0.025570416994492525,0.03107789142407553,0.03107789142407553,0.03107789142407553,0,0.03107789142407553,0,0.03107789142407553,0.03107789142407553,0.03107789142407553,0.03107789142407553,0,0.03107789142407553,0.03107789142407553,0.03107789142407553,0.03107789142407553,0.03107789142407553,0,0,0.03147128245476003,0.03147128245476003,0.03147128245476003,0.03147128245476003,0.03107789142407553,0.03107789142407553,0.03107789142407553,0.03147128245476003,0.03107789142407553,0.03147128245476003,0.021636506687647522",1
"-1,1,-1,1,-1,-1,-1,0,1,1,-1,1,0,0,0,0,1,0,0,0,0,0,0,1,0,-1,0,0,0,0,1,0,0,0,0,0,-1,1,0,0,0,0,0,0,0,0,0,0,0","0,0,0,0,0,0,0,0.03139717425431711,0,0,0,0,0.031004709576138146,0.03139717425431711,0.03139717425431711,0.03139717425431711,0,0.031004709576138146,0.03139717425431711,0.03139717425431711,0.03139717425431711,0.03139717425431711,0.03139717425431711,0,0.03139717425431711,0,0.03139717425431711,0.031004709576138146,0.03139717425431711,0.03139717425431711,0,0.031004709576138146,0.031004709576138146,0.03139717425431711,0.031004709576138146,0.03139717425431711,0,0,0.031004709576138146,0.03139717425431711,0.03139717425431711,0.03139717425431711,0.031004709576138146,0.03139717425431711,0.031004709576138146,0.03139717425431711,0.031004709576138146,0.031004709576138146,0.031004709576138146",-1
"-1,1,-1,1,-1,-1,-1,-1,1,1,-1,1,0,0,0,0,1,0,0,0,0,0,0,1,0,-1,0,0,0,0,1,0,0,0,0,0,-1,1,0,0,0,0,0,0,0,0,0,0,0","0,0,0,0,0,0,0,0,0,0,0,0,0.03216947822675559,0.03216947822675559,0.032561788936837976,0.032561788936837976,0,0.03216947822675559,0.032561788936837976,0.032561788936837976,0.03216947822675559,0.03216947822675559,0.03216947822675559,0,0.03216947822675559,0,0.03216947822675559,0.03216947822675559,0.03216947822675559,0.032561788936837976,0,0.03216947822675559,0.032561788936837976,0.03216947822675559,0.03216947822675559,0.03216947822675559,0,0,0.03216947822675559,0.03216947822675559,0.032561788936837976,0.03216947822675559,0.03216947822675559,0.03216947822675559,0.03216947822675559,0.03216947822675559,0.03216947822675559,0.03216947822675559,0.03216947822675559",1
"-1,1,-1,1,-1,-1,-1,-1,1,1,-1,1,0,0,1,0,1,0,0,0,0,0,0,1,0,-1,0,0,0,0,1,0,0,0,0,0,-1,1,0,0,0,0,0,0,0,0,0,0,0","0,0,0,0,0,0,0,0,0,0,0,0,0.033294163728946335,0.033294163728946335,0,0.033685859772816296,0,0.033685859772816296,0.033294163728946335,0.033294163728946335,0.033294163728946335,0.033294163728946335,0.033294163728946335,0,0.033685859772816296,0,0.033294163728946335,0.033294163728946335,0.033294163728946335,0.033294163728946335,0,0.033294163728946335,0.033294163728946335,0.033294163728946335,0.033294163728946335,0.033294163728946335,0,0,0.033294163728946335,0.033294163728946335,0.033294163728946335,0.033294163728946335,0.033294163728946335,0.033294163728946335,0.033294163728946335,0.033294163728946335,0.033294163728946335,0.033294163728946335,0.033294163728946335",-1
"-1,1,-1,1,-1,-1,-1,-1,1,1,-1,1,0,0,1,-1,1,0,0,0,0,0,0,1,0,-1,0,0,0,0,1,0,0,0,0,0,-1,1,0,0,0,0,0,0,0,0,0,0,0","0,0,0,0,0,0,0,0,0,0,0,0,0.03441533046538913,0.03441533046538913,0,0,0,0.03441533046538913,0.03441533046538913,0.03480641376613219,0.03441533046538913,0.03441533046538913,0.03441533046538913,0,0.03441533046538913,0,0.03441533046538913,0.03441533046538913,0.03441533046538913,0.03441533046538913,0,0.03441533046538913,0.03441533046538913,0.03480641376613219,0.03441533046538913,0.03480641376613219,0,0,0.03441533046538913,0.03441533046538913,0.03480641376613219,0.03441533046538913,0.03441533046538913,0.03441533046538913,0.03441533046538913,0.03441533046538913,0.03441533046538913,0.03441533046538913,0.03480641376613219",1
"-1,1,-1,1,-1,-1,-1,-1,1,1,-1,1,0,0,1,-1,1,0,0,1,0,0,0,1,0,-1,0,0,0,0,1,0,0,0,0,0,-1,1,0,0,0,0,0,0,0,0,0,0,0","0,0,0,0,0,0,0,0,0,0,0,0,0.03553299492385787,0.03553299492385787,0,0,0,0.035923467395548615,0.03553299492385787,0,0.03553299492385787,0.03553299492385787,0.035923467395548615,0,0.03553299492385787,0,0.03553299492385787,0.03553299492385787,0.03553299492385787,0.035923467395548615,0,0.03553299492385787,0.03553299492385787,0.03553299492385787,0.03553299492385787,0.03553299492385787,0,0,0.03553299492385787,0.03553299492385787,0.03553299492385787,0.03553299492385787,0.03553299492385787,0.039437719640765326,0.03553299492385787,0.03553299492385787,0.03553299492385787,0.03553299492385787,0.03553299492385787",-1
"-1,1,-1,1,-1,-1,-1,-1,1,1,-1,1,0,0,1,-1,1,0,0,1,0,0,0,1,0,-1,0,0,0,0,1,0,0,0,0,0,-1,1,0,0,0,0,0,-1,0,0,0,0,0","0,0,0,0,0,0,0,0,0,0,0,0,0.022144522144522144,0.05516705516705517,0,0,0,0.054778554778554776,0.022144522144522144,0,0.021367521367521368,0.054778554778554776,0.05516705516705517,0,0.05516705516705517,0,0.05516705516705517,0.05516705516705517,0.022144522144522144,0.022144522144522144,0,0.054778554778554776,0.054778554778554776,0.021756021756021756,0.021756021756021756,0.021756021756021756,0,0,0.054778554778554776,0.021756021756021756,0.022144522144522144,0.022144522144522144,0.054778554778554776,0,0.05516705516705517,0.021367521367521368,0.054778554778554776,0.021756021756021756,0.0011655011655011655",1
"-1,1,-1,1,-1,-1,-1,-1,1,1,-1,1,0,1,1,-1,1,0,0,1,0,0,0,1,0,-1,0,0,0,0,1,0,0,0,0,0,-1,1,0,0,0,0,0,-1,0,0,0,0,0","0,0,0,0,0,0,0,0,0,0,0,0,0.03707951070336391,0,0,0,0,0.03707951070336391,0.03707951070336391,0,0.03746177370030581,0.03707951070336391,0.040902140672782875,0,0.03707951070336391,0,0.03707951070336391,0.03707951070336391,0.03707951070336391,0.03707951070336391,0,0.03707951070336391,0.03746177370030581,0.03707951070336391,0.03746177370030581,0.03707951070336391,0,0,0.03746177370030581,0.040902140672782875,0.03707951070336391,0.03707951070336391,0.03707951070336391,0,0.06307339449541284,0.03707951070336391,0.03707951070336391,0.03746177370030581,0.03746177370030581",-1
"-1,1,-1,1,-1,-1,-1,-1,1,1,-1,1,0,1,1,-1,1,0,0,1,0,0,0,1,0,-1,0,0,0,0,1,0,0,0,0,0,-1,1,0,0,0,0,0,-1,-1,0,0,0,0","0,0,0,0,0,0,0,0,0,0,0,0,0.031818181818181815,0,0,0,0,0.033712121212121214,0.003409090909090909,0,0.02727272727272727,0.003409090909090909,0.003409090909090909,0,0.03295454545454545,0,0.031818181818181815,0.023484848484848483,0.003409090909090909,0.023863636363636365,0,0.48484848484848486,0.003409090909090909,0.030303030303030304,0.029166666666666667,0.003409090909090909,0,0,0.026136363636363635,0.03106060606060606,0.003409090909090909,0.032196969696969696,0.003409090909090909,0,0,0.033712121212121214,0.048484848484848485,0.030303030303030304,0.02159090909090909",1
"-1,1,-1,1,-1,-1,-1,-1,1,1,-1,1,0,1,1,-1,1,0,0,1,0,0,0,1,0,-1,0,0,0,0,1,1,0,0,0,0,-1,1,0,0,0,0,0,-1,-1,0,0,0,0","0,0,0,0,0,0,0,0,0,0,0,0,0.006389776357827476,0,0,0,0,0.006389776357827476,0.006389776357827476,0,0.006389776357827476,0.006389776357827476,0.006389776357827476,0,0.006389776357827476,0,0.0077209797657082,0.006389776357827476,0.006389776357827476,0.006389776357827476,0,0,0.02369542066027689,0.006389776357827476,0.006389776357827476,0.006389776357827476,0,0,0.006389776357827476,0.8330670926517572,0.0077209797657082,0.006389776357827476,0.006389776357827476,0,0,0.006389776357827476,0.006389776357827476,0.006389776357827476,0.006389776357827476",-1
"-1,1,-1,1,-1,-1,-1,-1,1,1,-1,1,0,1,1,-1,1,0,0,1,0,0,0,1,0,-1,0,0,0,0,1,1,0,0,0,0,-1,1,0,-1,0,0,0,-1,-1,0,0,0,0","0,0,0,0,0,0,0,0,0,0,0,0,0.03264359614698537,0,0,0,0,0.020692115590438816,0.041205850874063504,0,0.018194791295041028,0.010702818408847663,0.014627185158758473,0,0.033535497681056015,0,0.014627185158758473,0.011773100249732429,0.010702818408847663,0.010702818408847663,0,0,0.034962540135569035,0.014627185158758473,0.033535497681056015,0.011773100249732429,0,0,0.03121655369247235,0,0.3332144131287906,0.23635390652871924,0.015519086692829111,0,0,0.012665001783803068,0.014627185158758473,0.033535497681056015,0.00856225472707813",1
"-1,1,-1,1,-1,-1,-1,-1,1,1,-1,1,0,1,1,-1,1,0,0,1,0,0,0,1,0,-1,0,0,0,0,1,1,0,0,0,0,-1,1,0,-1,1,0,0,-1,-1,0,0,0,0","0,0,0,0,0,0,0,0,0,0,0,0,0.0020708697653014268,0,0,0,0,0.0020708697653014268,0.0020708697653014268,0,0.0020708697653014268,0.0020708697653014268,0.0020708697653014268,0,0.0020708697653014268,0,0.0020708697653014268,0.0020708697653014268,0.0020708697653014268,0.0020708697653014268,0,0,0.0020708697653014268,0.9408651633686148,0.0020708697653014268,0.0020708697653014268,0,0,0.0020708697653014268,0,0,0.0020708697653014268,0.0020708697653014268,0,0,0.0020708697653014268,0.0020708697653014268,0.01771744132535665,0.0020708697653014268",-1
"-1,1,-1,1,-1,-1,-1,-1,1,1,-1,1,0,1,1,-1,1,0,0,1,0,0,0,1,0,-1,0,0,0,0,1,1,0,-1,0,0,-1,1,0,-1,1,0,0,-1,-1,0,0,0,0","0,0,0,0,0,0,0,0,0,0,0,0,0.030907429963459195,0,0,0,0,0.030907429963459195,0.03440925700365408,0,0.027253349573690622,0.029232643118148598,0.02908038976857491,0,0.02908038976857491,0,0.02908038976857491,0.3975334957369062,0.032734470158343486,0.027253349573690622,0,0,0.029232643118148598,0,0.030907429963459195,0.04415347137637028,0,0,0.030907429963459195,0,0,0.027253349573690622,0.027253349573690622,0,0,0.027253349573690622,0.027253349573690622,0.029232643118148598,0.02908038976857491",1
"-1,1,-1,1,-1,-1,-1,-1,1,1,-1,1,0,1,1,-1,1,0,0,1,0,0,0,1,0,-1,0,1,0,0,1,1,0,-1,0,0,-1,1,0,-1,1,0,0,-1,-1,0,0,0,0","0,0,0,0,0,0,0,0,0,0,0,0,0.0013749754468670202,0,0,0,0,0.0013749754468670202,0.0013749754468670202,0,0.0013749754468670202,0.0013749754468670202,0.0013749754468670202,0,0.0013749754468670202,0,0.01433902966018464,0,0.0013749754468670202,0.0013749754468670202,0,0,0.0013749754468670202,0,0.960911412296209,0.0013749754468670202,0,0,0.0013749754468670202,0,0,0.0013749754468670202,0.0013749754468670202,0,0,0.0013749754468670202,0.0013749754468670202,0.0013749754468670202,0.0013749754468670202",-1
"-1,1,-1,1,-1,-1,-1,-1,1,1,-1,1,0,1,1,-1,1,0,0,1,0,0,0,1,0,-1,0,1,0,0,1,1,0,-1,-1,0,-1,1,0,-1,1,0,0,-1,-1,0,0,0,0","0,0,0,0,0,0,0,0,0,0,0,0,0.030381120303811203,0,0,0,0,0.030381120303811203,0.030381120303811203,0,0.030381120303811203,0.032144310321443104,0.032144310321443104,0,0.032144310321443104,0,0.032144310321443104,0,0.19340838193408383,0.030381120303811203,0,0,0.032144310321443104,0,0,0.16397667163976673,0,0,0.037433880374338806,0,0,0.030381120303811203,0.030381120303811203,0,0,0.032144310321443104,0.030381120303811203,0.1371219313712193,0.032144310321443104",1
"-1,1,-1,1,-1,-1,-1,-1,1,1,-1,1,0,1,1,-1,1,0,0,1,0,0,0,1,0,-1,0,1,1,0,1,1,0,-1,-1,0,-1,1,0,-1,1,0,0,-1,-1,0,0,0,0","0,0,0,0,0,0,0,0,0,0,0,0,0.01023541453428864,0,0,0,0,0.01151484135107472,0.011258955987717503,0,0.0010235414534288639,0.01151484135107472,0.0010235414534288639,0,0.2131525076765609,0,0.01151484135107472,0,0,0.0010235414534288639,0,0,0.01151484135107472,0,0,0.010491299897645854,0,0,0.1218014329580348,0,0,0.010747185261003071,0.528403275332651,0,0,0.01151484135107472,0.010747185261003071,0.011258955987717503,0.011258955987717503",-1
"-1,1,-1,1,-1,-1,-1,-1,1,1,-1,1,0,1,1,-1,1,0,0,1,0,0,0,1,0,-1,0,1,1,0,1,1,0,-1,-1,0,-1,1,0,-1,1,0,-1,-1,-1,0,0,0,0","0,0,0,0,0,0,0,0,0,0,0,0,0.04969217238346526,0,0,0,0,0.04969217238346526,0.04969217238346526,0,0.04969217238346526,0.04969217238346526,0.04969217238346526,0,0.04969217238346526,0,0.04969217238346526,0,0,0.04969217238346526,0,0,0.04969217238346526,0,0,0.04969217238346526,0,0,0.19876868953386104,0,0,0.04969217238346526,0,0,0,0.055848724714160074,0.04969217238346526,0.04969217238346526,0.04969217238346526",1
"-1,1,-1,1,-1,-1,-1,-1,1,1,-1,1,0,1,1,-1,1,0,0,1,0,0,0,1,0,-1,0,1,1,0,1,1,0,-1,-1,0,-1,1,1,-1,1,0,-1,-1,-1,0,0,0,0","0,0,0,0,0,0,0,0,0,0,0,0,0.011216056670602124,0,0,0,0,0.011216056670602124,0.00974025974025974,0,0.011511216056670602,0.011511216056670602,0.011511216056670602,0,0.011806375442739079,0,0.011511216056670602,0,0,0.011511216056670602,0,0,0.010330578512396695,0,0,0.011511216056670602,0,0,0,0,0,0.0011806375442739079,0,0,0,0.8420897284533648,0.010625737898465172,0.011216056670602124,0.011511216056670602",-1
"0,0,0,0,0,0,0,0,0,0,0,0,0,0,0,0,0,0,0,0,0,0,0,0,0,0,0,0,0,0,0,0,0,0,0,0,0,0,0,0,0,0,0,0,0,0,0,0,0","0.002039983680130559,0.002039983680130559,0.002039983680130559,0.002039983680130559,0.03345573235414117,0.002039983680130559,0.042839657282741736,0.002039983680130559,0.03386372909016728,0.04324765401876785,0.03998368013055895,0.04202366381068951,0.037943696450428395,0.002039983680130559,0.002039983680130559,0.002039983680130559,0.042839657282741736,0.002039983680130559,0.042839657282741736,0.04202366381068951,0.002039983680130559,0.002039983680130559,0.002039983680130559,0.04243166054671563,0.04079967360261118,0.002039983680130559,0.037535699714402286,0.002039983680130559,0.002039983680130559,0.03998368013055895,0.039575683394532844,0.03386372909016728,0.002039983680130559,0.03671970624235006,0.002039983680130559,0.037535699714402286,0.002039983680130559,0.002039983680130559,0.03875968992248062,0.002039983680130559,0.03386372909016728,0.002039983680130559,0.037943696450428395,0.002039983680130559,0.002039983680130559,0.04039167686658507,0.04528763769889841,0.002039983680130559,0.04324765401876785",-1
"0,0,0,0,0,0,0,0,0,0,0,0,0,0,0,0,0,0,0,0,0,0,0,0,0,0,0,0,0,0,0,0,0,0,0,0,0,0,0,0,0,0,0,0,0,0,-1,0,0","0.06944986344127975,0.006632852126414358,0.006632852126414358,0.06242684354272337,0.006632852126414358,0.006632852126414358,0.006632852126414358,0.006632852126414358,0.006632852126414358,0.08037456106125634,0.006632852126414358,0.006632852126414358,0.06164650799843933,0.006632852126414358,0.006632852126414358,0.006632852126414358,0.006632852126414358,0.06788919235271167,0.06125634022629731,0.006632852126414358,0.006632852126414358,0.006632852126414358,0.006632852126414358,0.006632852126414358,0.006632852126414358,0.006632852126414358,0.006632852126414358,0.006632852126414358,0.006632852126414358,0.006632852126414358,0.12290284822473664,0.006632852126414358,0.006632852126414358,0.006632852126414358,0.006632852126414358,0.006632852126414358,0.060476004682013265,0.006632852126414358,0.006632852126414358,0.006632852126414358,0.08388607101053452,0.006632852126414358,0.006632852126414358,0.006632852126414358,0.006632852126414358,0.07764338665626219,0,0.006632852126414358,0.006632852126414358",1
"0,0,0,0,0,0,0,0,0,0,0,0,0,0,0,0,0,0,0,0,0,0,0,0,0,0,0,0,0,0,1,0,0,0,0,0,0,0,0,0,0,0,0,0,0,0,-1,0,0","0.008670520231213872,0.008670520231213872,0.008670520231213872,0.008670520231213872,0.008670520231213872,0.0708092485549133,0.008670520231213872,0.008670520231213872,0.008670520231213872,0.008670520231213872,0.07189306358381503,0.008670520231213872,0.008670520231213872,0.08309248554913294,0.008670520231213872,0.07695086705202313,0.008670520231213872,0.008670520231213872,0.008670520231213872,0.08815028901734104,0.008670520231213872,0.008670520231213872,0.008670520231213872,0.008670520231213872,0.008670520231213872,0.008670520231213872,0.008670520231213872,0.008670520231213872,0.008670520231213872,0.008670520231213872,0,0.008670520231213872,0.008670520231213872,0.008670520231213872,0.008670520231213872,0.008670520231213872,0.12210982658959538,0.008670520231213872,0.008670520231213872,0.008670520231213872,0.008670520231213872,0.008670520231213872,0.008670520231213872,0.07911849710982659,0.008670520231213872,0.008670520231213872,0,0.06972543352601156,0.008670520231213872",-1
"0,0,0,0,0,0,0,0,0,0,0,0,0,0,0,0,0,0,0,0,0,0,0,0,0,0,0,0,0,0,1,0,0,0,0,0,-1,0,0,0,0,0,0,0,0,0,-1,0,0","0.00501432664756447,0.00501432664756447,0.05050143266475645,0.004656160458452722,0.05945558739255014,0.004656160458452722,0.00501432664756447,0.004656160458452722,0.056948424068767906,0.047636103151862466,0.004656160458452722,0.062320916905444126,0.049068767908309455,0.00501432664756447,0.00501432664756447,0.00501432664756447,0.004656160458452722,0.05623209169054441,0.004656160458452722,0.004656160458452722,0.00501432664756447,0.004656160458452722,0.00501432664756447,0.00501432664756447,0.004656160458452722,0.004656160458452722,0.004656160458452722,0.00501432664756447,0.004656160458452722,0.004656160458452722,0,0.004656160458452722,0.004656160458452722,0.004656160458452722,0.004656160458452722,0.05265042979942693,0,0.0680515759312321,0.0583810888252149,0.04835243553008596,0.06375358166189111,0.06303724928366762,0.00501432664756447,0.004656160458452722,0.00501432664756447,0.05623209169054441,0,0.00501432664756447,0.0583810888252149",1
"0,0,0,0,0,0,0,0,0,0,0,0,0,0,0,0,0,0,0,0,0,0,0,0,0,0,0,0,0,0,1,0,0,0,0,0,-1,1,0,0,0,0,0,0,0,0,-1,0,0","0.008695652173913044,0.008695652173913044,0.06805293005671077,0.008695652173913044,0.008695652173913044,0.008695652173913044,0.008695652173913044,0.008695652173913044,0.008695652173913044,0.008695652173913044,0.0722117202268431,0.008695652173913044,0.008695652173913044,0.008695652173913044,0.008695652173913044,0.06691871455576559,0.07637051039697543,0.008695652173913044,0.008695652173913044,0.008695652173913044,0.06994328922495274,0.06578449905482042,0.008695652173913044,0.07107750472589792,0.008695652173913044,0.008695652173913044,0.008695652173913044,0.06918714555765595,0.06805293005671077,0.008695652173913044,0,0.008695652173913044,0.008695652173913044,0.008695652173913044,0.008695652173913044,0.008695652173913044,0,0,0.008695652173913044,0.008695652173913044,0.008695652173913044,0.06805293005671077,0.008695652173913044,0.008695652173913044,0.008695652173913044,0.008695652173913044,0,0.008695652173913044,0.008695652173913044",-1
"0,0,0,0,0,0,0,0,0,0,0,0,0,0,0,0,-1,0,0,0,0,0,0,0,0,0,0,0,0,0,1,0,0,0,0,0,-1,1,0,0,0,0,0,0,0,0,-1,0,0","0.0015048908954100827,0.022573363431151242,0.033860045146726865,0.0015048908954100827,0.033860045146726865,0.025583145221971408,0.031226486079759218,0.030850263355906696,0.033860045146726865,0.0015048908954100827,0.15838976674191121,0.034988713318284424,0.033860045146726865,0.0327313769751693,0.024830699774266364,0.023325808878856283,0,0.0015048908954100827,0.025959367945823927,0.0015048908954100827,0.029721595184349133,0.025206922498118886,0.025583145221971408,0.025583145221971408,0.028969149736644093,0.02671181339352897,0.0015048908954100827,0.023702031602708805,0.029345372460496615,0.024454477050413845,0,0.030850263355906696,0.0015048908954100827,0.0015048908954100827,0.024830699774266364,0.02633559066967645,0,0,0.0015048908954100827,0.02708803611738149,0.0015048908954100827,0.0346124905944319,0.0015048908954100827,0.0015048908954100827,0.023325808878856283,0.02671181339352897,0,0.0015048908954100827,0.0015048908954100827",1
"0,0,0,0,0,0,0,0,0,0,1,0,0,0,0,0,-1,0,0,0,0,0,0,0,0,0,0,0,0,0,1,0,0,0,0,0,-1,1,0,0,0,0,0,0,0,0,-1,0,0","0.024669909659485754,0.029186935371785964,0.02189020152883947,0.024669909659485754,0.027102154273801252,0.02189020152883947,0.029534398888116747,0.02189020152883947,0.02189020152883947,0.02189020152883947,0,0.02189020152883947,0.02189020152883947,0.02189020152883947,0.02189020152883947,0.02189020152883947,0,0.03161917998610146,0.02189020152883947,0.02189020152883947,0.02189020152883947,0.02189020152883947,0.02189020152883947,0.02189020152883947,0.0423905489923558,0.02189020152883947,0.02189020152883947,0.02189020152883947,0.02189020152883947,0.02189020152883947,0,0.02189020152883947,0.02189020152883947,0.02189020152883947,0.02189020152883947,0.02189020152883947,0,0,0.02189020152883947,0.02189020152883947,0.02189020152883947,0.024669909659485754,0.02189020152883947,0.02189020152883947,0.02189020152883947,0.02189020152883947,0,0.02189020152883947,0.02189020152883947",-1
"0,0,0,0,0,0,0,0,0,0,1,0,0,0,0,0,-1,0,0,0,0,0,0,0,-1,0,0,0,0,0,1,0,0,0,0,0,-1,1,0,0,0,0,0,0,0,0,-1,0,0","0.024031007751937984,0.03062015503875969,0.03255813953488372,0.0011627906976744186,0.03255813953488372,0.0011627906976744186,0.03217054263565892,0.02751937984496124,0.026744186046511628,0.024031007751937984,0,0.02751937984496124,0.0011627906976744186,0.0011627906976744186,0.026744186046511628,0.03217054263565892,0,0.03333333333333333,0.0011627906976744186,0.0011627906976744186,0.03217054263565892,0.03255813953488372,0.03294573643410853,0.034108527131782945,0,0.03333333333333333,0.0011627906976744186,0.02248062015503876,0.02945736434108527,0.02635658914728682,0,0.0011627906976744186,0.023255813953488372,0.03217054263565892,0.031007751937984496,0.025968992248062015,0,0,0.03217054263565892,0.03217054263565892,0.03333333333333333,0.03217054263565892,0.023643410852713178,0.03255813953488372,0.03217054263565892,0.03255813953488372,0,0.03294573643410853,0.0011627906976744186",1
"0,0,0,0,0,0,0,0,0,0,1,0,0,0,0,0,-1,0,0,0,0,0,0,1,-1,0,0,0,0,0,1,0,0,0,0,0,-1,1,0,0,0,0,0,0,0,0,-1,0,0","0.013349038084020416,0.013349038084020416,0.013349038084020416,0.013349038084020416,0.013349038084020416,0.013349038084020416,0.013349038084020416,0.013349038084020416,0.013349038084020416,0.013349038084020416,0,0.013349038084020416,0.013349038084020416,0.013349038084020416,0.013349038084020416,0.013349038084020416,0,0.46603847663918335,0.013349038084020416,0.013349038084020416,0.013349038084020416,0.013349038084020416,0.013349038084020416,0,0,0.013349038084020416,0.013349038084020416,0.013349038084020416,0.013349038084020416,0.013349038084020416,0,0.013349038084020416,0.013349038084020416,0.013349038084020416,0.013349038084020416,0.013349038084020416,0,0,0.013349038084020416,0.013349038084020416,0.013349038084020416,0.013349038084020416,0.013349038084020416,0.013349038084020416,0.013349038084020416,0.013349038084020416,0,0.013349038084020416,0.013349038084020416",-1
"0,0,0,0,0,0,0,0,0,0,1,0,0,0,0,0,-1,-1,0,0,0,0,0,1,-1,0,0,0,0,0,1,0,0,0,0,0,-1,1,0,0,0,0,0,0,0,0,-1,0,0","0.010967918837400604,0.015355086372360844,0.010967918837400604,0.06306553331505346,0.010967918837400604,0.010967918837400604,0.010693720866465589,0.010967918837400604,0.0690978886756238,0.010693720866465589,0,0.0671785028790787,0.010967918837400604,0.09925966547847546,0.010967918837400604,0.010967918837400604,0,0,0.0690978886756238,0.010967918837400604,0.010967918837400604,0.010693720866465589,0.0690978886756238,0,0,0.010693720866465589,0.010967918837400604,0.010693720866465589,0.010693720866465589,0.06388812722785851,0,0.010967918837400604,0.013984096517685769,0.010967918837400604,0.0671785028790787,0.010693720866465589,0,0,0.040581299698382235,0.010693720866465589,0.010693720866465589,0.010693720866465589,0.012338908692075679,0.010967918837400604,0.010967918837400604,0.05675897998354812,0,0.010967918837400604,0.010693720866465589",1
"0,0,0,0,0,0,0,0,0,0,1,0,0,1,0,0,-1,-1,0,0,0,0,0,1,-1,0,0,0,0,0,1,0,0,0,0,0,-1,1,0,0,0,0,0,0,0,0,-1,0,0","0.003542330853701736,0.05136379737867517,0.003542330853701736,0.048884165781083955,0.05065533120793482,0.04675876726886291,0.003542330853701736,0.044279135671271695,0.003542330853701736,0.04994686503719448,0,0.05136379737867517,0.003542330853701736,0,0.003542330853701736,0.003542330853701736,0,0,0.05171803046404534,0.003542330853701736,0.003542330853701736,0.049238398866454126,0.05065533120793482,0,0,0.003542330853701736,0.05136379737867517,0.003542330853701736,0.003542330853701736,0.003542330853701736,0,0.06872121856181368,0.04994686503719448,0.04994686503719448,0.04250797024442083,0.003542330853701736,0,0,0.003542330853701736,0.003542330853701736,0.003542330853701736,0.003542330853701736,0.003542330853701736,0.003542330853701736,0.044987601842012045,0.07332624867162593,0,0.003542330853701736,0.04994686503719448",-1
"0,0,0,0,0,0,0,0,0,0,1,0,0,1,0,0,-1,-1,0,0,0,0,0,1,-1,0,0,0,0,0,1,0,0,0,0,0,-1,1,0,0,0,0,0,0,0,-1,-1,0,0","0.01423754215061821,0.01423754215061821,0.013862869988759834,0.01423754215061821,0.01423754215061821,0.01423754215061821,0.013862869988759834,0.01423754215061821,0.01423754215061821,0.01423754215061821,0,0.01423754215061821,0.01423754215061821,0,0.09966279505432746,0.08992131884600973,0,0,0.01423754215061821,0.013862869988759834,0.01423754215061821,0.01423754215061821,0.01423754215061821,0,0,0.01423754215061821,0.01423754215061821,0.01423754215061821,0.01423754215061821,0.024353690520794304,0,0.05245410266017235,0.013862869988759834,0.013862869988759834,0.01423754215061821,0.01423754215061821,0,0,0.01423754215061821,0.01423754215061821,0.1464968152866242,0.1333832896215811,0.01423754215061821,0.01423754215061821,0.01423754215061821,0,0,0.01423754215061821,0.01423754215061821",1
"0,0,0,0,0,0,0,0,0,0,1,0,0,1,0,0,-1,-1,0,0,0,0,0,1,-1,0,0,0,0,0,1,0,0,0,0,0,-1,1,0,0,1,0,0,0,0,-1,-1,0,0","0.03889278206026629,0.002803083391730904,0.002803083391730904,0.002803083391730904,0.002803083391730904,0.002803083391730904,0.002803083391730904,0.002803083391730904,0.002803083391730904,0.002803083391730904,0,0.04204625087596356,0.039243167484232656,0,0.002803083391730904,0.002803083391730904,0,0,0.002803083391730904,0.03889278206026629,0.002803083391730904,0.039243167484232656,0.002803083391730904,0,0,0.042747021723896286,0.002803083391730904,0.002803083391730904,0.039943938332165384,0.002803083391730904,0,0.002803083391730904,0.002803083391730904,0.002803083391730904,0.002803083391730904,0.002803083391730904,0,0,0.002803083391730904,0.002803083391730904,0,0.002803083391730904,0.002803083391730904,0.041695865451997195,0.002803083391730904,0,0,0.5613174491941135,0.04029432375613175",-1
"0,0,0,0,0,0,0,0,0,0,1,0,0,1,0,0,-1,-1,0,0,0,0,0,1,-1,0,0,0,0,0,1,0,0,0,0,0,-1,1,0,0,1,0,0,0,0,-1,-1,-1,0","0.020905066404328577,0.024102311854402363,0.020905066404328577,0.024102311854402363,0.03713723561239547,0.01942941465814068,0.02262666010821446,0.09837678307919331,0.024102311854402363,0.027299557304476144,0,0.028775209050664042,0.020905066404328577,0,0.02262666010821446,0.030250860796851943,0,0,0.01574028529267093,0.024102311854402363,0.020905066404328577,0.028775209050664042,0.02557796360059026,0,0,0.02557796360059026,0.02262666010821446,0.09345794392523364,0.019183472700442697,0.02262666010821446,0,0.030250860796851943,0.024102311854402363,0.017707820954254796,0.020905066404328577,0.017707820954254796,0,0,0.040088539104771274,0.01574028529267093,0,0.024102311854402363,0.017707820954254796,0.020905066404328577,0.017707820954254796,0,0,0,0.03295622233152976",1
"0,0,0,0,0,0,0,1,0,0,1,0,0,1,0,0,-1,-1,0,0,0,0,0,1,-1,0,0,0,0,0,1,0,0,0,0,0,-1,1,0,0,1,0,0,0,0,-1,-1,-1,0","0.02582897033158813,0.024083769633507852,0.024083769633507852,0.0013961605584642235,0.02582897033158813,0.02582897033158813,0.02617801047120419,0,0.02582897033158813,0.02617801047120419,0,0.023036649214659685,0.0013961605584642235,0,0.026527050610820245,0.027225130890052355,0,0,0.025130890052356022,0.2488656195462478,0.02617801047120419,0.025130890052356022,0.0013961605584642235,0,0,0.0013961605584642235,0.02617801047120419,0.0013961605584642235,0.2488656195462478,0.0013961605584642235,0,0.0013961605584642235,0.0013961605584642235,0.0013961605584642235,0.0013961605584642235,0.0013961605584642235,0,0,0.0013961605584642235,0.0013961605584642235,0,0.02617801047120419,0.02198952879581152,0.024781849912739965,0.0013961605584642235,0,0,0,0.026527050610820245",-1
"0,0,0,0,0,0,0,1,0,0,1,0,0,1,0,0,-1,-1,0,-1,0,0,0,1,-1,0,0,0,0,0,1,0,0,0,0,0,-1,1,0,0,1,0,0,0,0,-1,-1,-1,0","0.027996225228059137,0.026108839257628184,0.029569046870084933,0.029569046870084933,0.031456432840515886,0.026108839257628184,0.026108839257628184,0,0.02233406731676628,0.01635734507706826,0,0.031456432840515886,0.029569046870084933,0,0.02233406731676628,0.036174897766593266,0,0,0.03302925448254168,0,0.031456432840515886,0.027996225228059137,0.04120792702107581,0,0,0.036174897766593266,0.036489462094998426,0.018559295375904374,0.01635734507706826,0.02422145328719723,0,0.027996225228059137,0.029569046870084933,0.031456432840515886,0.027996225228059137,0.020446681346335326,0,0,0.05190311418685121,0.031456432840515886,0,0.027996225228059137,0.027996225228059137,0.031456432840515886,0.031456432840515886,0,0,0,0.03963510537905002",1
"0,0,0,0,0,0,0,1,0,0,1,0,0,1,0,0,-1,-1,0,-1,0,0,0,1,-1,0,0,0,0,0,1,0,0,0,0,0,-1,1,1,0,1,0,0,0,0,-1,-1,-1,0","0.001899696048632219,0.001899696048632219,0.02621580547112462,0.001899696048632219,0.03267477203647416,0.001899696048632219,0.001899696048632219,0,0.001899696048632219,0.001899696048632219,0,0.001899696048632219,0.029635258358662615,0,0.001899696048632219,0.001899696048632219,0,0,0.027735562310030396,0,0.6443768996960486,0.022036474164133738,0.001899696048632219,0,0,0.001899696048632219,0.031914893617021274,0.001899696048632219,0.001899696048632219,0.03001519756838906,0,0.001899696048632219,0.001899696048632219,0.03115501519756839,0.001899696048632219,0.001899696048632219,0,0,0,0.02925531914893617,0,0.026975683890577508,0.001899696048632219,0.001899696048632219,0.02811550151975684,0,0,0,0.001899696048632219",-1
"0,0,0,0,0,0,0,1,0,0,1,0,0,1,0,0,-1,-1,0,-1,-1,0,0,1,-1,0,0,0,0,0,1,0,0,0,0,0,-1,1,1,0,1,0,0,0,0,-1,-1,-1,0","0.03338136407300672,0.08165225744476465,0.025456292026897216,0.035302593659942365,0.025456292026897216,0.025456292026897216,0.025456292026897216,0,0.025456292026897216,0.029538904899135448,0,0.027377521613832854,0.025456292026897216,0,0.023294908741594622,0.035302593659942365,0,0,0.027377521613832854,0,0,0.03338136407300672,0.03338136407300672,0,0,0.04442843419788665,0.027377521613832854,0.029538904899135448,0.025456292026897216,0.025456292026897216,0,0.025456292026897216,0.027377521613832854,0.03338136407300672,0.029538904899135448,0.027377521613832854,0,0,0,0.03146013448607109,0,0.025456292026897216,0.027377521613832854,0.03338136407300672,0.03338136407300672,0,0,0,0.040826128722382324",1
"0,1,0,0,0,0,0,1,0,0,1,0,0,1,0,0,-1,-1,0,-1,-1,0,0,1,-1,0,0,0,0,0,1,0,0,0,0,0,-1,1,1,0,1,0,0,0,0,-1,-1,-1,0","0.022783908864364544,0,0.022783908864364544,0.023495906016375936,0.1349234603061588,0.024207903168387328,0.023495906016375936,0,0.022071911712353152,0.02385190459238163,0,0.13527945888216447,0.024207903168387328,0,0.024207903168387328,0.024207903168387328,0,0,0.024207903168387328,0,0,0.022783908864364544,0.024563901744393022,0,0,0.1349234603061588,0.023495906016375936,0.023495906016375936,0.02385190459238163,0.001423994304022784,0,0.02385190459238163,0.023495906016375936,0.001423994304022784,0.001423994304022784,0.023495906016375936,0,0,0,0.024563901744393022,0,0.02385190459238163,0.022783908864364544,0.023495906016375936,0.022783908864364544,0,0,0,0.024563901744393022",-1
"0,1,0,0,0,0,0,1,0,0,1,-1,0,1,0,0,-1,-1,0,-1,-1,0,0,1,-1,0,0,0,0,0,1,0,0,0,0,0,-1,1,1,0,1,0,0,0,0,-1,-1,-1,0","0.02982456140350877,0,0.02982456140350877,0.035789473684210524,0.03298245614035088,0.035789473684210524,0.03263157894736842,0,0.03263157894736842,0.02982456140350877,0,0,0.041403508771929824,0,0.041403508771929824,0.03859649122807018,0,0,0.03298245614035088,0,0,0.035789473684210524,0.02982456140350877,0,0,0.02982456140350877,0.02982456140350877,0.03263157894736842,0.03263157894736842,0.02982456140350877,0,0.03263157894736842,0.02982456140350877,0.035789473684210524,0.02982456140350877,0.03263157894736842,0,0,0,0.03263157894736842,0,0.02982456140350877,0.035789473684210524,0.03859649122807018,0.035789473684210524,0,0,0,0.03263157894736842",1
"0,1,0,0,0,0,0,1,0,0,1,-1,1,1,0,0,-1,-1,0,-1,-1,0,0,1,-1,0,0,0,0,0,1,0,0,0,0,0,-1,1,1,0,1,0,0,0,0,-1,-1,-1,0","0.024719969100038625,0,0.02394747006566242,0.023174971031286212,0.02433371958285052,0.02433371958285052,0.02394747006566242,0,0.0220162224797219,0.1548860563924295,0,0,0,0,0.024719969100038625,0.025106218617226728,0,0,0.1544998068752414,0,0,0.024719969100038625,0.024719969100038625,0,0,0.1544998068752414,0.0220162224797219,0.025106218617226728,0.02394747006566242,0.024719969100038625,0,0.0220162224797219,0.023174971031286212,0.025106218617226728,0.001544998068752414,0.025106218617226728,0,0,0,0.02433371958285052,0,0.001544998068752414,0.001544998068752414,0.02394747006566242,0.001544998068752414,0,0,0,0.024719969100038625",-1
"0,1,0,0,0,0,0,1,0,-1,1,-1,1,1,0,0,-1,-1,0,-1,-1,0,0,1,-1,0,0,0,0,0,1,0,0,0,0,0,-1,1,1,0,1,0,0,0,0,-1,-1,-1,0","0.025060911938739994,0,0.025060911938739994,0.025060911938739994,0.025060911938739994,0.036547163243995824,0.03898364079359554,0,0.036547163243995824,0,0,0,0,0,0.03237034458753916,0.025060911938739994,0,0,0.029933867037939436,0,0,0.03202227636616777,0.022276366167768884,0,0,0.19944309084580578,0.047337278106508875,0.025060911938739994,0.027497389488339713,0.025060911938739994,0,0.025060911938739994,0.025060911938739994,0.03237034458753916,0.027497389488339713,0.027497389488339713,0,0,0,0.03237034458753916,0,0.025060911938739994,0.03445875391576749,0.029933867037939436,0.03237034458753916,0,0,0,0.029933867037939436",1
"0,1,0,0,0,0,0,1,0,-1,1,-1,1,1,0,0,-1,-1,0,-1,-1,0,0,1,-1,1,0,0,0,0,1,0,0,0,0,0,-1,1,1,0,1,0,0,0,0,-1,-1,-1,0","0.0013131976362442547,0,0.0013131976362442547,0.0013131976362442547,0.0013131976362442547,0.0013131976362442547,0.0013131976362442547,0,0.0013131976362442547,0,0,0,0,0,0.0013131976362442547,0.0013131976362442547,0,0,0.8850952068286277,0,0,0.0013131976362442547,0.0013131976362442547,0,0,0,0.0013131976362442547,0.0013131976362442547,0.0013131976362442547,0.01772816808929744,0,0.019041365725541694,0.016414970453053186,0.01772816808929744,0.0013131976362442547,0.016414970453053186,0,0,0,0.0013131976362442547,0,0.0013131976362442547,0.0013131976362442547,0.0013131976362442547,0.0013131976362442547,0,0,0,0.0013131976362442547",-1
"0,1,0,0,0,0,0,1,0,-1,1,-1,1,1,0,0,-1,-1,-1,-1,-1,0,0,1,-1,1,0,0,0,0,1,0,0,0,0,0,-1,1,1,0,1,0,0,0,0,-1,-1,-1,0","0.03810444874274661,0,0.03810444874274661,0.03829787234042553,0.04061895551257253,0.03810444874274661,0.03829787234042553,0,0.03810444874274661,0,0,0,0,0,0.04061895551257253,0.03829787234042553,0,0,0,0,0,0.03810444874274661,0.03829787234042553,0,0,0,0.03829787234042553,0.04061895551257253,0.03829787234042553,0.03810444874274661,0,0.03810444874274661,0.03829787234042553,0.03810444874274661,0.03810444874274661,0.03829787234042553,0,0,0,0.03810444874274661,0,0.03829787234042553,0.03810444874274661,0.03810444874274661,0.03810444874274661,0,0,0,0.03810444874274661",1
"0,1,0,0,1,0,0,1,0,-1,1,-1,1,1,0,0,-1,-1,-1,-1,-1,0,0,1,-1,1,0,0,0,0,1,0,0,0,0,0,-1,1,1,0,1,0,0,0,0,-1,-1,-1,0","0.05251396648044693,0,0.05251396648044693,0.05251396648044693,0,0.05251396648044693,0.05251396648044693,0,0.05251396648044693,0,0,0,0,0,0.05288640595903166,0.01973929236499069,0,0,0,0,0,0.05251396648044693,0.05251396648044693,0,0,0,0.05251396648044693,0.05288640595903166,0.01973929236499069,0.01973929236499069,0,0.0011173184357541898,0.05251396648044693,0.01973929236499069,0.01973929236499069,0.01973929236499069,0,0,0,0.01936685288640596,0,0.05251396648044693,0.01973929236499069,0.05288640595903166,0.05251396648044693,0,0,0,0.05251396648044693",-1
"0,1,0,0,1,0,0,1,0,-1,1,-1,1,1,-1,0,-1,-1,-1,-1,-1,0,0,1,-1,1,0,0,0,0,1,0,0,0,0,0,-1,1,1,0,1,0,0,0,0,-1,-1,-1,0","0.041634835752482814,0,0.041634835752482814,0.041634835752482814,0,0.041634835752482814,0.041634835752482814,0,0.041634835752482814,0,0,0,0,0,0,0.041634835752482814,0,0,0,0,0,0.04201680672268908,0.041634835752482814,0,0,0,0.041634835752482814,0.041634835752482814,0.041634835752482814,0.041634835752482814,0,0.041634835752482814,0.041634835752482814,0.041634835752482814,0.041634835752482814,0.04201680672268908,0,0,0,0.041634835752482814,0,0.041634835752482814,0.041634835752482814,0.041634835752482814,0.041634835752482814,0,0,0,0.041634835752482814",1
"0,1,0,0,1,0,0,1,0,-1,1,-1,1,1,-1,0,-1,-1,-1,-1,-1,1,0,1,-1,1,0,0,0,0,1,0,0,0,0,0,-1,1,1,0,1,0,0,0,0,-1,-1,-1,0","0.04367993815229996,0,0.04329339002705837,0.04367993815229996,0,0.04367993815229996,0.04367993815229996,0,0.04367993815229996,0,0,0,0,0,0,0.04367993815229996,0,0,0,0,0,0,0.04329339002705837,0,0,0,0.04329339002705837,0.04329339002705837,0.04329339002705837,0.04329339002705837,0,0.04329339002705837,0.04329339002705837,0.04329339002705837,0.04367993815229996,0.04367993815229996,0,0,0,0.04329339002705837,0,0.04329339002705837,0.04367993815229996,0.04329339002705837,0.04367993815229996,0,0,0,0.04367993815229996",-1
"-1,1,0,0,1,0,0,1,0,-1,1,-1,1,1,-1,0,-1,-1,-1,-1,-1,1,0,1,-1,1,0,0,0,0,1,0,0,0,0,0,-1,1,1,0,1,0,0,0,0,-1,-1,-1,0","0,0,0.04554226167502894,0.04554226167502894,0,0.04515631030490158,0.04554226167502894,0,0.04515631030490158,0,0,0,0,0,0,0.04554226167502894,0,0,0,0,0,0,0.04554226167502894,0,0,0,0.04554226167502894,0.04554226167502894,0.04554226167502894,0.04515631030490158,0,0.04554226167502894,0.04554226167502894,0.04554226167502894,0.04554226167502894,0.04515631030490158,0,0,0,0.04554226167502894,0,0.04554226167502894,0.04554226167502894,0.04554226167502894,0.04515631030490158,0,0,0,0.04554226167502894",1
"-1,1,1,0,1,0,0,1,0,-1,1,-1,1,1,-1,0,-1,-1,-1,-1,-1,1,0,1,-1,1,0,0,0,0,1,0,0,0,0,0,-1,1,1,0,1,0,0,0,0,-1,-1,-1,0","0,0,0,0.04890257989988448,0,0.04928763958413554,0.04928763958413554,0,0.04928763958413554,0,0,0,0,0,0,0.04928763958413554,0,0,0,0,0,0,0.04890257989988448,0,0,0,0.04890257989988448,0.04928763958413554,0.04928763958413554,0.04890257989988448,0,0.01732768579129765,0.04890257989988448,0.04890257989988448,0.04928763958413554,0.04928763958413554,0,0,0,0.04928763958413554,0,0.04890257989988448,0.04928763958413554,0.04928763958413554,0.04928763958413554,0,0,0,0.04890257989988448",-1
"-1,1,1,0,1,-1,0,1,0,-1,1,-1,1,1,-1,0,-1,-1,-1,-1,-1,1,0,1,-1,1,0,0,0,0,1,0,0,0,0,0,-1,1,1,0,1,0,0,0,0,-1,-1,-1,0","0,0,0,0.04984662576687116,0,0,0.05023006134969325,0,0.05023006134969325,0,0,0,0,0,0,0.04984662576687116,0,0,0,0,0,0,0.05023006134969325,0,0,0,0.05023006134969325,0.04984662576687116,0.04984662576687116,0.04984662576687116,0,0.04984662576687116,0.04984662576687116,0.04984662576687116,0.04984662576687116,0.05023006134969325,0,0,0,0.05023006134969325,0,0.04984662576687116,0.05023006134969325,0.05023006134969325,0.04984662576687116,0,0,0,0.04984662576687116",1
"-1,1,1,0,1,-1,1,1,0,-1,1,-1,1,1,-1,0,-1,-1,-1,-1,-1,1,0,1,-1,1,0,0,0,0,1,0,0,0,0,0,-1,1,1,0,1,0,0,0,0,-1,-1,-1,0","0,0,0,0.054747320061255746,0,0,0,0,0.054747320061255746,0,0,0,0,0,0,0.054747320061255746,0,0,0,0,0,0,0.054747320061255746,0,0,0,0.054747320061255746,0.05436447166921899,0.054747320061255746,0.054747320061255746,0,0.01569678407350689,0.05436447166921899,0.054747320061255746,0.05436447166921899,0.054747320061255746,0,0,0,0.054747320061255746,0,0.054747320061255746,0.054747320061255746,0.054747320061255746,0.054747320061255746,0,0,0,0.054747320061255746",-1
"-1,1,1,-1,1,-1,1,1,0,-1,1,-1,1,1,-1,0,-1,-1,-1,-1,-1,1,0,1,-1,1,0,0,0,0,1,0,0,0,0,0,-1,1,1,0,1,0,0,0,0,-1,-1,-1,0","0,0,0,0,0,0,0,0,0.05561904761904762,0,0,0,0,0,0,0.05523809523809524,0,0,0,0,0,0,0.05561904761904762,0,0,0,0.05523809523809524,0.05561904761904762,0.05561904761904762,0.05561904761904762,0,0.05561904761904762,0.05561904761904762,0.05561904761904762,0.05561904761904762,0.05561904761904762,0,0,0,0.05561904761904762,0,0.05523809523809524,0.05561904761904762,0.05561904761904762,0.05561904761904762,0,0,0,0.05561904761904762",1
"-1,1,1,-1,1,-1,1,1,1,-1,1,-1,1,1,-1,0,-1,-1,-1,-1,-1,1,0,1,-1,1,0,0,0,0,1,0,0,0,0,0,-1,1,1,0,1,0,0,0,0,-1,-1,-1,0","0,0,0,0,0,0,0,0,0,0,0,0,0,0,0,0.17421072651198174,0,0,0,0,0,0,0.17421072651198174,0,0,0,0.11791555724610119,0.015214910612400151,0.015214910612400151,0.015214910612400151,0,0.01407379231647014,0.015214910612400151,0.015214910612400151,0.01407379231647014,0.015214910612400151,0,0,0,0.015214910612400151,0,0.12856599467478128,0.13198934956257133,0.015214910612400151,0.10802586534804108,0,0,0,0.015214910612400151",-1
"0,0,0,0,0,0,0,0,0,0,0,0,0,0,0,0,0,0,0,0,0,0,0,0,0,0,0,0,0,0,0,0,0,0,0,0,0,0,0,0,0,0,0,0,0,0,0,0,0","0.0016319869441044472,0.0277437780497756,0.030599755201958383,0.0016319869441044472,0.028967768257853937,0.0016319869441044472,0.04243166054671563,0.031007751937984496,0.0016319869441044472,0.037535699714402286,0.039575683394532844,0.041207670338637294,0.033047735618115054,0.0016319869441044472,0.0016319869441044472,0.0016319869441044472,0.0016319869441044472,0.0016319869441044472,0.0016319869441044472,0.031415748674010605,0.0016319869441044472,0.031415748674010605,0.028151774785801713,0.031007751937984496,0.02733578131374949,0.02529579763361893,0.03427172582619339,0.0016319869441044472,0.03386372909016728,0.033047735618115054,0.03998368013055895,0.0016319869441044472,0.0016319869441044472,0.0277437780497756,0.031007751937984496,0.03345573235414117,0.03590371277029784,0.032639738882088945,0.0016319869441044472,0.0016319869441044472,0.032639738882088945,0.026111791105671155,0.0016319869441044472,0.0016319869441044472,0.02529579763361893,0.03427172582619339,0.03182374541003672,0.03019175846593227,0.0016319869441044472",1
"0,0,0,0,0,0,1,0,0,0,0,0,0,0,0,0,0,0,0,0,0,0,0,0,0,0,0,0,0,0,0,0,0,0,0,0,0,0,0,0,0,0,0,0,0,0,0,0,0","0.09389671361502347,0.010172143974960876,0.09076682316118936,0.010172143974960876,0.0837245696400626,0.010172143974960876,0,0.010172143974960876,0.010172143974960876,0.010172143974960876,0.010172143974960876,0.010172143974960876,0.010172143974960876,0.010172143974960876,0.010172143974960876,0.010172143974960876,0.010172143974960876,0.010172143974960876,0.010172143974960876,0.010172143974960876,0.010172143974960876,0.010172143974960876,0.010172143974960876,0.010172143974960876,0.010172143974960876,0.010172143974960876,0.010172143974960876,0.010172143974960876,0.010172143974960876,0.1056338028169014,0.010172143974960876,0.010172143974960876,0.010172143974960876,0.010172143974960876,0.010172143974960876,0.010172143974960876,0.010172143974960876,0.010172143974960876,0.010172143974960876,0.09076682316118936,0.010172143974960876,0.010172143974960876,0.010172143974960876,0.010172143974960876,0.010172143974960876,0.010172143974960876,0.107981220657277,0.010172143974960876,0.010172143974960876",-1
"0,0,0,0,0,0,1,0,0,0,0,0,0,0,0,0,0,0,0,0,0,0,0,0,0,0,0,0,0,0,0,0,0,0,0,0,0,0,0,0,0,0,0,0,0,0,-1,0,0","0.003664345914254306,0.003664345914254306,0.04140710883107365,0.003664345914254306,0.003664345914254306,0.003664345914254306,0,0.05679736167094174,0.003664345914254306,0.052766581165262,0.003664345914254306,0.003664345914254306,0.003664345914254306,0.052766581165262,0.04836936606815683,0.003664345914254306,0.04727006229388054,0.003664345914254306,0.003664345914254306,0.003664345914254306,0.05020153902528399,0.003664345914254306,0.003664345914254306,0.003664345914254306,0.003664345914254306,0.003664345914254306,0.003664345914254306,0.003664345914254306,0.047636496885305975,0.0575302308537926,0.003664345914254306,0.003664345914254306,0.003664345914254306,0.003664345914254306,0.05349945034811286,0.003664345914254306,0.043972150971051664,0.05349945034811286,0.061194576768046904,0.003664345914254306,0.05936240381091975,0.05679736167094174,0.003664345914254306,0.003664345914254306,0.003664345914254306,0.057163796262367166,0,0.04983510443385856,0.003664345914254306",1
"0,0,0,0,0,0,1,0,0,0,0,0,0,0,0,0,0,0,0,0,0,0,0,0,0,0,0,0,0,0,0,0,0,0,0,0,0,0,1,0,0,0,0,0,0,0,-1,0,0","0.00877527661198016,0.00877527661198016,0.00877527661198016,0.08279282716520411,0.00877527661198016,0.00877527661198016,0,0.00877527661198016,0.00877527661198016,0.00877527661198016,0.00877527661198016,0.00877527661198016,0.00877527661198016,0.00877527661198016,0.00877527661198016,0.00877527661198016,0.00877527661198016,0.07745135444486836,0.00877527661198016,0.0972911102632583,0.00877527661198016,0.00877527661198016,0.08775276611980161,0.00877527661198016,0.00877527661198016,0.00877527661198016,0.00877527661198016,0.00877527661198016,0.00877527661198016,0.08889736741701641,0.0805036245707745,0.00877527661198016,0.00877527661198016,0.00877527661198016,0.06905761159862647,0.00877527661198016,0.00877527661198016,0.00877527661198016,0,0.08279282716520411,0.00877527661198016,0.00877527661198016,0.00877527661198016,0.00877527661198016,0.00877527661198016,0.00877527661198016,0,0.00877527661198016,0.00877527661198016",-1
"0,0,0,0,0,0,1,0,0,0,0,0,0,0,0,0,0,0,0,-1,0,0,0,0,0,0,0,0,0,0,0,0,0,0,0,0,0,0,1,0,0,0,0,0,0,0,-1,0,0","0.005535055350553505,0.05387453874538745,0.005535055350553505,0.005535055350553505,0.04907749077490775,0.005535055350553505,0,0.005535055350553505,0.005535055350553505,0.005535055350553505,0.1059040590405904,0.005535055350553505,0.005535055350553505,0.005535055350553505,0.06088560885608856,0.005535055350553505,0.06014760147601476,0.06162361623616236,0.05387453874538745,0,0.005535055350553505,0.05461254612546126,0.005535055350553505,0.005535055350553505,0.005535055350553505,0.005535055350553505,0.005535055350553505,0.005535055350553505,0.04907749077490775,0.005535055350553505,0.06088560885608856,0.005535055350553505,0.05461254612546126,0.005535055350553505,0.005535055350553505,0.005535055350553505,0.05461254612546126,0.053136531365313655,0,0.005535055350553505,0.005535055350553505,0.005535055350553505,0.005535055350553505,0.05608856088560885,0.005535055350553505,0.005535055350553505,0,0.005535055350553505,0.005535055350553505",1
"0,0,0,0,0,0,1,0,0,0,1,0,0,0,0,0,0,0,0,-1,0,0,0,0,0,0,0,0,0,0,0,0,0,0,0,0,0,0,1,0,0,0,0,0,0,0,-1,0,0","0.01093693036820999,0.01093693036820999,0.01093693036820999,0.13415967918337587,0.010572366022602989,0.010572366022602989,0,0.01093693036820999,0.01093693036820999,0.01093693036820999,0,0.010572366022602989,0.010572366022602989,0.010572366022602989,0.01093693036820999,0.01093693036820999,0.01093693036820999,0.010572366022602989,0.01093693036820999,0,0.010572366022602989,0.010572366022602989,0.010572366022602989,0.010572366022602989,0.12978490703609186,0.010572366022602989,0.010572366022602989,0.01093693036820999,0.010572366022602989,0.010572366022602989,0.010572366022602989,0.0922347794385709,0.01093693036820999,0.01093693036820999,0.01093693036820999,0.01093693036820999,0.010572366022602989,0.01093693036820999,0,0.010572366022602989,0.010572366022602989,0.010572366022602989,0.01093693036820999,0.010572366022602989,0.12978490703609186,0.010572366022602989,0,0.09551585854903391,0.010572366022602989",-1
"0,0,0,-1,0,0,1,0,0,0,1,0,0,0,0,0,0,0,0,-1,0,0,0,0,0,0,0,0,0,0,0,0,0,0,0,0,0,0,1,0,0,0,0,0,0,0,-1,0,0","0.002831858407079646,0.002831858407079646,0.0431858407079646,0,0.002831858407079646,0.002831858407079646,0,0.04743362831858407,0.002831858407079646,0.002831858407079646,0,0.046371681415929206,0.002831858407079646,0.002831858407079646,0.002831858407079646,0.002831858407079646,0.002831858407079646,0.04,0.002831858407079646,0,0.3384070796460177,0.002831858407079646,0.002831858407079646,0.04106194690265487,0.002831858407079646,0.04424778761061947,0.002831858407079646,0.002831858407079646,0.002831858407079646,0.002831858407079646,0.002831858407079646,0.002831858407079646,0.002831858407079646,0.002831858407079646,0.04212389380530973,0.047079646017699116,0.0431858407079646,0.047079646017699116,0,0.002831858407079646,0.002831858407079646,0.04424778761061947,0.002831858407079646,0.04424778761061947,0.002831858407079646,0.049203539823008846,0,0.002831858407079646,0.002831858407079646",1
"0,0,0,-1,0,0,1,0,0,0,1,0,0,0,0,0,0,0,0,-1,1,0,0,0,0,0,0,0,0,0,0,0,0,0,0,0,0,0,1,0,0,0,0,0,0,0,-1,0,0","0.012888107791446984,0.01962507322788518,0.012888107791446984,0,0.012888107791446984,0.012888107791446984,0,0.012888107791446984,0.012888107791446984,0.025483304042179262,0,0.029876977152899824,0.012888107791446984,0.12038664323374342,0.012888107791446984,0.012888107791446984,0.012888107791446984,0.012888107791446984,0.03661394258933802,0,0,0.03661394258933802,0.012888107791446984,0.012888107791446984,0.012888107791446984,0.014645577035735208,0.04803749267721148,0.012888107791446984,0.012888107791446984,0.040421792618629174,0.012888107791446984,0.03251318101933216,0.028412419449326303,0.016403046280023433,0.012888107791446984,0.012888107791446984,0.031048623315758642,0.014645577035735208,0,0.08055067369654365,0.01962507322788518,0.012888107791446984,0.012888107791446984,0.012888107791446984,0.04159343878148799,0.01962507322788518,0,0.04569420035149385,0.014645577035735208",-1
"0,0,0,-1,0,0,1,0,0,0,1,0,0,-1,0,0,0,0,0,-1,1,0,0,0,0,0,0,0,0,0,0,0,0,0,0,0,0,0,1,0,0,0,0,0,0,0,-1,0,0","0.004181184668989547,0.004181184668989547,0.045993031358885016,0,0.05505226480836237,0.045644599303135885,0,0.049825783972125434,0.05365853658536585,0.004181184668989547,0,0.05121951219512195,0.004181184668989547,0,0.004181184668989547,0.004181184668989547,0.004181184668989547,0.004181184668989547,0.050522648083623695,0,0,0.004181184668989547,0.004181184668989547,0.004181184668989547,0.004181184668989547,0.004181184668989547,0.004181184668989547,0.04843205574912892,0.004181184668989547,0.04843205574912892,0.004181184668989547,0.05435540069686411,0.047038327526132406,0.004181184668989547,0.04843205574912892,0.004181184668989547,0.004181184668989547,0.05261324041811847,0,0.004181184668989547,0.004181184668989547,0.05261324041811847,0.05261324041811847,0.05191637630662021,0.004181184668989547,0.045644599303135885,0,0.049825783972125434,0.004181184668989547",1
"0,0,0,-1,1,0,1,0,0,0,1,0,0,-1,0,0,0,0,0,-1,1,0,0,0,0,0,0,0,0,0,0,0,0,0,0,0,0,0,1,0,0,0,0,0,0,0,-1,0,0","0.008021390374331552,0.06149732620320856,0.06264323911382735,0,0,0.008021390374331552,0,0.008021390374331552,0.008021390374331552,0.008021390374331552,0,0.0718105423987777,0.008021390374331552,0,0.008021390374331552,0.008021390374331552,0.008021390374331552,0.10962566844919786,0.008021390374331552,0,0,0.06760886172650879,0.008021390374331552,0.008021390374331552,0.1134453781512605,0.008021390374331552,0.07944996180290298,0.008021390374331552,0.008021390374331552,0.008021390374331552,0.008021390374331552,0.008021390374331552,0.008021390374331552,0.008021390374331552,0.008021390374331552,0.008021390374331552,0.008021390374331552,0.008021390374331552,0,0.008021390374331552,0.008021390374331552,0.008021390374331552,0.008021390374331552,0.008021390374331552,0.10962566844919786,0.07563025210084033,0,0.008021390374331552,0.008021390374331552",-1
"0,0,0,-1,1,0,1,0,0,0,1,0,0,-1,0,0,0,0,0,-1,1,0,0,0,-1,0,0,0,0,0,0,0,0,0,0,0,0,0,1,0,0,0,0,0,0,0,-1,0,0","0.0725163161711385,0.07940536620739666,0.010514865844815084,0,0,0.010514865844815084,0,0.010514865844815084,0.010514865844815084,0.010514865844815084,0,0.010514865844815084,0.010514865844815084,0,0.010514865844815084,0.010514865844815084,0.010514865844815084,0.010514865844815084,0.010514865844815084,0,0,0.010514865844815084,0.010514865844815084,0.010514865844815084,0,0.11421319796954314,0.010514865844815084,0.010514865844815084,0.010514865844815084,0.08629441624365482,0.08194343727338652,0.010514865844815084,0.010514865844815084,0.010514865844815084,0.010514865844815084,0.010514865844815084,0.010514865844815084,0.0830311820159536,0,0.010514865844815084,0.010514865844815084,0.0772298767222625,0.010514865844815084,0.010514865844815084,0.010514865844815084,0.010514865844815084,0,0.07940536620739666,0.010514865844815084",1
"0,0,0,-1,1,0,1,0,0,0,1,0,0,-1,0,0,0,0,0,-1,1,0,0,0,-1,1,0,0,0,0,0,0,0,0,0,0,0,0,1,0,0,0,0,0,0,0,-1,0,0","0.004681310767014764,0.004681310767014764,0.004681310767014764,0,0,0.0439323010442924,0,0.004681310767014764,0.004681310767014764,0.045372704357220024,0,0.045372704357220024,0.004681310767014764,0,0.004681310767014764,0.04033129276197335,0.004681310767014764,0.07922218221101908,0.2661145120633778,0,0,0.044652502700756214,0.004681310767014764,0.046092906013683835,0,0,0.044652502700756214,0.004681310767014764,0.05545552754771336,0.004681310767014764,0.004681310767014764,0.004681310767014764,0.004681310767014764,0.004681310767014764,0.004681310767014764,0.004681310767014764,0.04177169607490097,0.004681310767014764,0,0.004681310767014764,0.004681310767014764,0.038890889449045736,0.004681310767014764,0.004681310767014764,0.05185451926539431,0.0439323010442924,0,0.004681310767014764,0.004681310767014764",-1
"0,0,0,-1,1,0,1,0,0,0,1,0,0,-1,0,0,0,0,-1,-1,1,0,0,0,-1,1,0,0,0,0,0,0,0,0,0,0,0,0,1,0,0,0,0,0,0,0,-1,0,0","0.01155527795128045,0.01155527795128045,0.01155527795128045,0,0,0.01155527795128045,0,0.01155527795128045,0.01155527795128045,0.013429106808244847,0,0.01155527795128045,0.06246096189881324,0,0.013429106808244847,0.01155527795128045,0.01155527795128045,0.01155527795128045,0,0,0,0.01155527795128045,0.01155527795128045,0.01155527795128045,0,0,0.01155527795128045,0.01155527795128045,0.01155527795128045,0.5134291068082448,0.01155527795128045,0.01155527795128045,0.01155527795128045,0.01155527795128045,0.01155527795128045,0.01155527795128045,0.01155527795128045,0.014990630855715179,0,0.01155527795128045,0.024047470331043097,0.01155527795128045,0.01155527795128045,0.01155527795128045,0.01155527795128045,0.01155527795128045,0,0.01155527795128045,0.01155527795128045",1
"0,0,0,-1,1,0,1,0,0,0,1,0,0,-1,0,0,0,0,-1,-1,1,0,0,0,-1,1,0,0,0,1,0,0,0,0,0,0,0,0,1,0,0,0,0,0,0,0,-1,0,0","0.0021908471275559884,0.0021908471275559884,0.0021908471275559884,0,0,0.0021908471275559884,0,0.0021908471275559884,0.0021908471275559884,0.0021908471275559884,0,0.0021908471275559884,0.0021908471275559884,0,0.0021908471275559884,0.0021908471275559884,0.0021908471275559884,0.0021908471275559884,0,0,0,0.0021908471275559884,0.0021908471275559884,0.0021908471275559884,0,0,0.0021908471275559884,0.0021908471275559884,0.0021908471275559884,0,0.0021908471275559884,0.0021908471275559884,0.0021908471275559884,0.0021908471275559884,0.0021908471275559884,0.0021908471275559884,0.9233203505355404,0.0021908471275559884,0,0.0021908471275559884,0.0021908471275559884,0.0021908471275559884,0.0021908471275559884,0.0021908471275559884,0.0021908471275559884,0.0021908471275559884,0,0.0021908471275559884,0.0021908471275559884",-1
"0,0,0,-1,1,0,1,0,0,0,1,0,0,-1,0,0,0,0,-1,-1,1,0,0,0,-1,1,0,0,0,1,0,0,0,0,0,0,-1,0,1,0,0,0,0,0,0,0,-1,0,0","0.06935123042505593,0.02348993288590604,0.02205177372962608,0,0,0.03004154682007031,0,0.020613614573346116,0.017737296260786194,0.019175455417066157,0,0.019175455417066157,0.019175455417066157,0,0.02348993288590604,0.024768296580377117,0.019175455417066157,0.02205177372962608,0,0,0,0.017737296260786194,0.017737296260786194,0.020613614573346116,0,0,0.03131991051454139,0.017737296260786194,0.020613614573346116,0,0.07366570789389582,0.07973793544263343,0.019175455417066157,0.02348993288590604,0.02205177372962608,0.03611377436880792,0,0.07142857142857142,0,0.02348993288590604,0.024768296580377117,0.017737296260786194,0.032598274209012464,0.02348993288590604,0.02348993288590604,0.019175455417066157,0,0.02348993288590604,0.03004154682007031",1
"0,0,0,-1,1,0,1,0,0,0,1,0,0,-1,0,0,0,0,-1,-1,1,0,0,0,-1,1,0,0,0,1,0,1,0,0,0,0,-1,0,1,0,0,0,0,0,0,0,-1,0,0","0.029679595278246207,0.03102866779089376,0.029679595278246207,0,0,0.02866779089376054,0,0.04519392917369309,0.03035413153456998,0.03035413153456998,0,0.0016863406408094434,0.029679595278246207,0,0.03136593591905565,0.0016863406408094434,0.029679595278246207,0.03136593591905565,0,0,0,0.029342327150084318,0.030016863406408096,0.03102866779089376,0,0,0.029342327150084318,0.0016863406408094434,0.02664418212478921,0,0.2620573355817875,0,0.0016863406408094434,0.03102866779089376,0.04519392917369309,0.0016863406408094434,0,0.0016863406408094434,0,0.0016863406408094434,0.0016863406408094434,0.0016863406408094434,0.0016863406408094434,0.029679595278246207,0.03136593591905565,0.03035413153456998,0,0.029679595278246207,0.03035413153456998",-1
"0,0,0,-1,1,0,1,0,0,0,1,0,0,-1,0,0,0,0,-1,-1,1,0,0,0,-1,1,0,0,0,1,-1,1,0,0,0,0,-1,0,1,0,0,0,0,0,0,0,-1,0,0","0.02681874229346486,0.02681874229346486,0.02681874229346486,0,0,0.02681874229346486,0,0.02681874229346486,0.02681874229346486,0.02681874229346486,0,0.02681874229346486,0.02681874229346486,0,0.02681874229346486,0.02681874229346486,0.02681874229346486,0.02681874229346486,0,0,0,0.02681874229346486,0.02681874229346486,0.02681874229346486,0,0,0.02681874229346486,0.02681874229346486,0.02681874229346486,0,0,0,0.02681874229346486,0.02681874229346486,0.02681874229346486,0.14180024660912455,0,0.02681874229346486,0,0.02681874229346486,0.02681874229346486,0.02681874229346486,0.02681874229346486,0.02681874229346486,0.02681874229346486,0.02681874229346486,0,0.02681874229346486,0.02681874229346486",1
"0,0,0,-1,1,0,1,0,0,0,1,0,0,-1,0,0,0,0,-1,-1,1,0,0,0,-1,1,0,0,0,1,-1,1,0,0,0,1,-1,0,1,0,0,0,0,0,0,0,-1,0,0","0.01673497267759563,0.014685792349726777,0.015027322404371584,0,0,0.001366120218579235,0,0.001366120218579235,0.001366120218579235,0.001366120218579235,0,0.017759562841530054,0.01673497267759563,0,0.001366120218579235,0.015027322404371584,0.001366120218579235,0.001366120218579235,0,0,0,0.020491803278688523,0.01639344262295082,0.001366120218579235,0,0,0.022540983606557378,0.01673497267759563,0.01639344262295082,0,0,0,0.01878415300546448,0.001366120218579235,0.014344262295081968,0,0,0.014685792349726777,0,0.001366120218579235,0.001366120218579235,0.001366120218579235,0.682035519125683,0.014685792349726777,0.01605191256830601,0.01673497267759563,0,0.001366120218579235,0.01639344262295082",-1
"0,0,0,0,0,0,0,0,0,0,0,0,0,0,0,0,0,0,0,0,0,0,0,0,0,0,0,0,0,0,0,0,0,0,0,0,0,0,0,0,0,0,0,0,0,0,0,0,0","0.0032639738882088943,0.0032639738882088943,0.0032639738882088943,0.0518155854753162,0.0032639738882088943,0.0032639738882088943,0.0032639738882088943,0.04528763769889841,0.0032639738882088943,0.05222358221134231,0.05752753977968176,0.05018359853121175,0.0032639738882088943,0.0032639738882088943,0.0032639738882088943,0.04773561811505508,0.0032639738882088943,0.0032639738882088943,0.05344757241942064,0.0032639738882088943,0.0032639738882088943,0.0485516115871073,0.049775601795185635,0.04895960832313342,0.0032639738882088943,0.053039575683394534,0.05018359853121175,0.0032639738882088943,0.0032639738882088943,0.0032639738882088943,0.04895960832313342,0.0032639738882088943,0.0032639738882088943,0.050999592003263976,0.0032639738882088943,0.0032639738882088943,0.0032639738882088943,0.049775601795185635,0.0032639738882088943,0.046511627906976744,0.0032639738882088943,0.0032639738882088943,0.046103631170950635,0.0032639738882088943,0.04773561811505508,0.0032639738882088943,0.0032639738882088943,0.0032639738882088943,0.0032639738882088943",-1
"0,0,0,0,0,0,0,0,0,0,-1,0,0,0,0,0,0,0,0,0,0,0,0,0,0,0,0,0,0,0,0,0,0,0,0,0,0,0,0,0,0,0,0,0,0,0,0,0,0","0.003470883146934053,0.0520632472040108,0.003470883146934053,0.003470883146934053,0.04897801774006942,0.003470883146934053,0.060933281912842266,0.003470883146934053,0.05360586193598149,0.057848052448900886,0,0.06209024296182029,0.003470883146934053,0.003470883146934053,0.003470883146934053,0.045892788276128034,0.003470883146934053,0.05669109139992287,0.003470883146934053,0.05360586193598149,0.0478210566910914,0.003470883146934053,0.003470883146934053,0.049749325106054766,0.003470883146934053,0.003470883146934053,0.003470883146934053,0.003470883146934053,0.049749325106054766,0.003470883146934053,0.003470883146934053,0.003470883146934053,0.05090628615503278,0.003470883146934053,0.003470883146934053,0.003470883146934053,0.003470883146934053,0.003470883146934053,0.003470883146934053,0.003470883146934053,0.003470883146934053,0.003470883146934053,0.05591978403393753,0.003470883146934053,0.003470883146934053,0.05090628615503278,0.04666409564211338,0.003470883146934053,0.04897801774006942",1
"0,0,0,0,0,0,0,0,0,0,-1,1,0,0,0,0,0,0,0,0,0,0,0,0,0,0,0,0,0,0,0,0,0,0,0,0,0,0,0,0,0,0,0,0,0,0,0,0,0","0.010328997704667177,0.010328997704667177,0.010328997704667177,0.010328997704667177,0.14537107880642694,0.010328997704667177,0.010328997704667177,0.010328997704667177,0.010328997704667177,0.010328997704667177,0,0,0.010328997704667177,0.010328997704667177,0.010328997704667177,0.010328997704667177,0.010328997704667177,0.010328997704667177,0.010328997704667177,0.010328997704667177,0.010711553175210406,0.010328997704667177,0.010328997704667177,0.010328997704667177,0.010328997704667177,0.010328997704667177,0.010328997704667177,0.08569242540168324,0.010328997704667177,0.08837031369548584,0.010328997704667177,0.010328997704667177,0.010328997704667177,0.010328997704667177,0.07880642693190512,0.010328997704667177,0.08722264728385616,0.09066564651874522,0.010328997704667177,0.010328997704667177,0.010328997704667177,0.010328997704667177,0.010328997704667177,0.010328997704667177,0.010328997704667177,0.010328997704667177,0.010328997704667177,0.010328997704667177,0.010328997704667177",-1
"0,0,0,0,-1,0,0,0,0,0,-1,1,0,0,0,0,0,0,0,0,0,0,0,0,0,0,0,0,0,0,0,0,0,0,0,0,0,0,0,0,0,0,0,0,0,0,0,0,0","0.05963302752293578,0.0045871559633027525,0.0045871559633027525,0.05469301340860974,0,0.09985885673959069,0.06704304869442484,0.0045871559633027525,0.06351446718419196,0.004940014114326041,0,0,0.0045871559633027525,0.0045871559633027525,0.0045871559633027525,0.004940014114326041,0.004940014114326041,0.004940014114326041,0.0045871559633027525,0.062103034580098804,0.0045871559633027525,0.0045871559633027525,0.004940014114326041,0.068454481298518,0.0045871559633027525,0.0045871559633027525,0.053987297106563165,0.004940014114326041,0.05539872971065632,0.0045871559633027525,0.0045871559633027525,0.05257586450247001,0.053987297106563165,0.0045871559633027525,0.0045871559633027525,0.004940014114326041,0.0045871559633027525,0.004940014114326041,0.0045871559633027525,0.0045871559633027525,0.0045871559633027525,0.0045871559633027525,0.05539872971065632,0.05187014820042343,0.0045871559633027525,0.05187014820042343,0.0045871559633027525,0.0045871559633027525,0.0045871559633027525",1
"0,0,0,0,-1,1,0,0,0,0,-1,1,0,0,0,0,0,0,0,0,0,0,0,0,0,0,0,0,0,0,0,0,0,0,0,0,0,0,0,0,0,0,0,0,0,0,0,0,0","0.014974433893352812,0.014974433893352812,0.014974433893352812,0.014974433893352812,0,0,0.014974433893352812,0.08948137326515705,0.014974433893352812,0.014974433893352812,0,0,0.014974433893352812,0.014974433893352812,0.014974433893352812,0.014974433893352812,0.014974433893352812,0.014974433893352812,0.014974433893352812,0.014974433893352812,0.014974433893352812,0.014974433893352812,0.014974433893352812,0.09495982468955443,0.014974433893352812,0.014974433893352812,0.014974433893352812,0.014974433893352812,0.014974433893352812,0.014974433893352812,0.014974433893352812,0.014974433893352812,0.10628195763330898,0.014974433893352812,0.014974433893352812,0.014974433893352812,0.014974433893352812,0.014974433893352812,0.014974433893352812,0.014974433893352812,0.014974433893352812,0.014974433893352812,0.014974433893352812,0.014974433893352812,0.014974433893352812,0.09532505478451424,0.014974433893352812,0.014974433893352812,0.014974433893352812",-1
"0,0,0,0,-1,1,0,0,0,0,-1,1,0,0,0,0,0,0,0,0,0,0,0,0,0,0,0,0,0,0,0,0,-1,0,0,0,0,0,0,0,0,0,0,0,0,0,0,0,0","0.03349108117946851,0.0014561339643247178,0.0014561339643247178,0.024390243902439025,0,0,0.032398980706224975,0.02875864579541318,0.029850746268656716,0.02693847834000728,0,0,0.032398980706224975,0.032398980706224975,0.03276301419730615,0.032398980706224975,0.0014561339643247178,0.026210411357844923,0.0014561339643247178,0.03349108117946851,0.03167091372406261,0.0014561339643247178,0.024026210411357846,0.03312704768838733,0.03312704768838733,0.0014561339643247178,0.03349108117946851,0.03385511467054969,0.0014561339643247178,0.03167091372406261,0.0014561339643247178,0.0014561339643247178,0,0.0014561339643247178,0.03203494721514379,0.030578813250819074,0.10083727702948671,0.03312704768838733,0.03276301419730615,0.0014561339643247178,0.03276301419730615,0.0014561339643247178,0.03385511467054969,0.03312704768838733,0.0014561339643247178,0.029122679286494358,0.03349108117946851,0.0014561339643247178,0.0014561339643247178",1
"0,0,0,0,-1,1,0,0,0,0,-1,1,0,0,0,0,0,0,0,0,0,0,0,0,0,0,0,0,0,0,0,0,-1,0,0,0,1,0,0,0,0,0,0,0,0,0,0,0,0","0.01572787125091441,0.06071689831748354,0.01572787125091441,0.01572787125091441,0,0,0.017922457937088514,0.01572787125091441,0.017922457937088514,0.01572787125091441,0,0,0.01572787125091441,0.01572787125091441,0.01572787125091441,0.036576444769568395,0.04645208485735187,0.01572787125091441,0.01572787125091441,0.04352596927578639,0.01572787125091441,0.01572787125091441,0.01572787125091441,0.05157278712509144,0.01572787125091441,0.039868324798829555,0.01572787125091441,0.01572787125091441,0.01572787125091441,0.06803218727139722,0.01572787125091441,0.01572787125091441,0,0.01572787125091441,0.01572787125091441,0.04133138258961229,0,0.01572787125091441,0.01572787125091441,0.01572787125091441,0.01572787125091441,0.01572787125091441,0.06839795171909291,0.018288222384784197,0.015362106803218726,0.01572787125091441,0.01572787125091441,0.01572787125091441,0.017922457937088514",-1
"0,0,0,0,-1,1,0,0,0,0,-1,1,0,0,0,0,0,0,0,0,0,0,0,0,0,0,0,0,0,0,0,0,-1,0,0,0,1,0,0,0,0,0,-1,0,0,0,0,0,0","0.004536862003780718,0.004536862003780718,0.004536862003780718,0.004536862003780718,0,0,0.004536862003780718,0.004536862003780718,0.004536862003780718,0.0612476370510397,0,0,0.004536862003780718,0.004536862003780718,0.004536862003780718,0.004536862003780718,0.06200378071833648,0.004536862003780718,0.004536862003780718,0.004536862003780718,0.056332703213610585,0.004536862003780718,0.004536862003780718,0.05897920604914934,0.004536862003780718,0.004536862003780718,0.004536862003780718,0.004536862003780718,0.004536862003780718,0.004536862003780718,0.004536862003780718,0.004536862003780718,0,0.059735349716446125,0.004536862003780718,0.059735349716446125,0,0.25860113421550096,0.06049149338374291,0.004536862003780718,0.06200378071833648,0.004536862003780718,0,0.004536862003780718,0.05897920604914934,0.004536862003780718,0.0612476370510397,0.004536862003780718,0.004536862003780718",1
"0,0,0,0,-1,1,0,0,0,0,-1,1,0,0,0,0,0,0,0,0,0,0,0,0,0,0,0,0,0,0,0,0,-1,0,0,0,1,1,0,0,0,0,-1,0,0,0,0,0,0","0.010817690104995227,0.010817690104995227,0.010817690104995227,0.010817690104995227,0,0,0.010817690104995227,0.010817690104995227,0.010817690104995227,0.010817690104995227,0,0,0.011135857461024499,0.010817690104995227,0.010817690104995227,0.07922367165128857,0.011135857461024499,0.011135857461024499,0.010817690104995227,0.010817690104995227,0.011135857461024499,0.011135857461024499,0.010817690104995227,0.010817690104995227,0.010817690104995227,0.010817690104995227,0.010817690104995227,0.010817690104995227,0.011135857461024499,0.010817690104995227,0.011135857461024499,0.011135857461024499,0,0.010817690104995227,0.08049634107540567,0.011135857461024499,0,0,0.010817690104995227,0.011135857461024499,0.011135857461024499,0.011135857461024499,0,0.011135857461024499,0.42443525294304807,0.010817690104995227,0.010817690104995227,0.011135857461024499,0.011135857461024499",-1
"0,0,0,0,-1,1,0,0,0,0,-1,1,0,0,0,0,0,0,0,0,0,0,0,0,0,0,0,0,0,0,0,0,-1,0,0,0,1,1,0,0,0,0,-1,0,-1,0,0,0,0","0.0013178703215603585,0.02214022140221402,0.0013178703215603585,0.0013178703215603585,0,0,0.0013178703215603585,0.02319451765946231,0.0013178703215603585,0.0013178703215603585,0,0,0.0013178703215603585,0.020822351080653664,0.0013178703215603585,0.0013178703215603585,0.0013178703215603585,0.0013178703215603585,0.0013178703215603585,0.0013178703215603585,0.0013178703215603585,0.02161307327358988,0.0013178703215603585,0.0013178703215603585,0.0013178703215603585,0.0013178703215603585,0.0013178703215603585,0.0013178703215603585,0.0013178703215603585,0.0013178703215603585,0.0013178703215603585,0.0013178703215603585,0,0.0279388508170796,0.0013178703215603585,0.0013178703215603585,0,0,0.0013178703215603585,0.0013178703215603585,0.0013178703215603585,0.0013178703215603585,0,0.8394833948339483,0,0.0013178703215603585,0.0013178703215603585,0.0013178703215603585,0.0013178703215603585",1
"0,0,0,0,-1,1,0,0,0,0,-1,1,0,0,0,0,0,0,0,0,0,0,0,0,0,0,0,0,0,0,0,0,-1,0,0,0,1,1,0,0,0,0,-1,1,-1,0,0,0,0","0.02585901523202267,0.02709883103081828,0.020014169323414807,0.021608218207580587,0,0,0.030995394969890188,0.02975557917109458,0.018597236981934114,0.024442082890541977,0,0,0.02585901523202267,0.020191285866099893,0.01700318809776833,0.04215373715905066,0.032412327311370885,0.036131774707757705,0.01700318809776833,0.020191285866099893,0.018597236981934114,0.024442082890541977,0.018597236981934114,0.021608218207580587,0.021608218207580587,0.032412327311370885,0.021608218207580587,0.01700318809776833,0.020191285866099893,0.09351753453772582,0.021608218207580587,0.032412327311370885,0,0.02585901523202267,0.032412327311370885,0.024442082890541977,0,0,0.021608218207580587,0.020191285866099893,0.01700318809776833,0.028515763372298972,0,0,0,0.023025150549061284,0.01700318809776833,0.01700318809776833,0.020014169323414807",-1
"0,0,0,0,-1,1,0,0,0,0,-1,1,0,0,0,0,0,0,0,0,0,0,0,0,0,0,0,0,0,-1,0,0,-1,0,0,0,1,1,0,0,0,0,-1,1,-1,0,0,0,0","0.0013377926421404682,0.023076923076923078,0.028428093645484948,0.026755852842809364,0,0,0.025418060200668897,0.0013377926421404682,0.023411371237458192,0.026421404682274247,0,0,0.023076923076923078,0.0013377926421404682,0.02508361204013378,0.024749163879598662,0.024414715719063545,0.0013377926421404682,0.025752508361204015,0.02374581939799331,0.0013377926421404682,0.026421404682274247,0.021070234113712373,0.02374581939799331,0.024080267558528427,0.0013377926421404682,0.0013377926421404682,0.0013377926421404682,0.0013377926421404682,0,0.4117056856187291,0.029096989966555183,0,0.028428093645484948,0.0013377926421404682,0.018060200668896322,0,0,0.024749163879598662,0.0013377926421404682,0.0274247491638796,0.026421404682274247,0,0,0,0.0013377926421404682,0.0013377926421404682,0.019732441471571906,0.0013377926421404682",1
"0,0,0,0,-1,1,0,0,0,0,-1,1,0,0,0,0,0,0,0,0,0,0,0,0,0,0,0,0,0,-1,1,0,-1,0,0,0,1,1,0,0,0,0,-1,1,-1,0,0,0,0","0.025717379534380077,0.03302652950730915,0.025717379534380077,0.02598808879263671,0,0,0.025717379534380077,0.025717379534380077,0.025717379534380077,0.025717379534380077,0,0,0.0284244721169464,0.025717379534380077,0.030590146182999458,0.025717379534380077,0.0284244721169464,0.03519220357336221,0.025717379534380077,0.025717379534380077,0.025717379534380077,0.025717379534380077,0.025717379534380077,0.03302652950730915,0.030590146182999458,0.0284244721169464,0.025717379534380077,0.02598808879263671,0.0284244721169464,0,0,0.025717379534380077,0,0.0284244721169464,0.025717379534380077,0.025717379534380077,0,0,0.025717379534380077,0.025717379534380077,0.02598808879263671,0.025717379534380077,0,0,0,0.025717379534380077,0.02598808879263671,0.025717379534380077,0.025717379534380077",-1
"0,0,0,0,-1,1,0,0,0,0,-1,1,0,0,0,0,0,-1,0,0,0,0,0,0,0,0,0,0,0,-1,1,0,-1,0,0,0,1,1,0,0,0,0,-1,1,-1,0,0,0,0","0.029683885890516577,0.03084040092521203,0.03122590593677718,0.03161141094834233,0,0,0.0015420200462606013,0.03084040092521203,0.0015420200462606013,0.03161141094834233,0,0,0.03238242097147263,0.03238242097147263,0.03084040092521203,0.029298380878951428,0.03238242097147263,0,0.03122590593677718,0.03199691595990748,0.030454895913646876,0.03161141094834233,0.03161141094834233,0.03238242097147263,0.03238242097147263,0.03122590593677718,0.03122590593677718,0.03238242097147263,0.03084040092521203,0,0,0.03122590593677718,0,0.03199691595990748,0.030069390902081727,0.0015420200462606013,0,0,0.030069390902081727,0.029298380878951428,0.03161141094834233,0.028912875867386275,0,0,0,0.0015420200462606013,0.03161141094834233,0.029298380878951428,0.029298380878951428",1
"0,0,0,0,-1,1,0,0,0,0,-1,1,1,0,0,0,0,-1,0,0,0,0,0,0,0,0,0,0,0,-1,1,0,-1,0,0,0,1,1,0,0,0,0,-1,1,-1,0,0,0,0","0.021184778344448804,0.03334641035700275,0.021184778344448804,0.03334641035700275,0,0,0.02863868183601412,0.02863868183601412,0.021184778344448804,0.03570027461749706,0,0,0,0.021184778344448804,0.030992546096508436,0.023538642604943115,0.04864652805021577,0,0.030992546096508436,0.030992546096508436,0.021184778344448804,0.021184778344448804,0.023538642604943115,0.030992546096508436,0.11494703805413888,0.03334641035700275,0.023538642604943115,0.021184778344448804,0.0239309533150255,0,0,0.02628481757551981,0,0.021184778344448804,0.023538642604943115,0.0239309533150255,0,0,0.021184778344448804,0.023538642604943115,0.023538642604943115,0.023538642604943115,0,0,0,0.02628481757551981,0.021184778344448804,0.021184778344448804,0.021184778344448804",-1
"0,0,0,0,-1,1,0,0,0,0,-1,1,1,0,0,0,0,-1,0,0,0,0,0,0,-1,0,0,0,0,-1,1,0,-1,0,0,0,1,1,0,0,0,0,-1,1,-1,0,0,0,0","0.032620514679231605,0.0021747009786154403,0.032620514679231605,0.0340703153316419,0,0,0.0021747009786154403,0.03117071402682131,0.2943095324392896,0.03443276549474447,0,0,0,0.03334541500543675,0.0021747009786154403,0.0021747009786154403,0.0021747009786154403,0,0.0021747009786154403,0.03334541500543675,0.0021747009786154403,0.03443276549474447,0.034795215657847045,0.032620514679231605,0,0.0021747009786154403,0.0021747009786154403,0.03117071402682131,0.031533164189923885,0,0,0.05219282348677057,0,0.034795215657847045,0.0021747009786154403,0.0021747009786154403,0,0,0.03189561435302646,0.0021747009786154403,0.03443276549474447,0.03443276549474447,0,0,0,0.0340703153316419,0.0021747009786154403,0.02899601304820587,0.030445813700616164",1
"0,0,0,0,-1,1,0,0,1,0,-1,1,1,0,0,0,0,-1,0,0,0,0,0,0,-1,0,0,0,0,-1,1,0,-1,0,0,0,1,1,0,0,0,0,-1,1,-1,0,0,0,0","0.02775236352546508,0.033546813052759986,0.023787740164684355,0.03537663921927417,0,0,0.023787740164684355,0.033546813052759986,0,0.04269594388533089,0,0,0,0.0259225373589509,0.0259225373589509,0.029887160719731624,0.12930771576700215,0,0.02165294297041781,0.02165294297041781,0.0259225373589509,0.019518145776151265,0.0259225373589509,0.033546813052759986,0,0.03171698688624581,0.029887160719731624,0.02165294297041781,0.02165294297041781,0,0,0.03171698688624581,0,0.0259225373589509,0.0259225373589509,0.02775236352546508,0,0,0.019518145776151265,0.033546813052759986,0.023787740164684355,0.029887160719731624,0,0,0,0.023787740164684355,0.0259225373589509,0.023787740164684355,0.023787740164684355",-1
"0,0,0,0,-1,1,0,0,1,0,-1,1,1,0,0,0,-1,-1,0,0,0,0,0,0,-1,0,0,0,0,-1,1,0,-1,0,0,0,1,1,0,0,0,0,-1,1,-1,0,0,0,0","0.04564315352697095,0.004495159059474412,0.04391424619640387,0.04702627939142462,0,0,0.04114799446749654,0.004495159059474412,0,0.004495159059474412,0,0,0,0.004495159059474412,0.004495159059474412,0.004495159059474412,0,0,0.004495159059474412,0.004495159059474412,0.04564315352697095,0.004495159059474412,0.048409405255878286,0.004495159059474412,0,0.004495159059474412,0.04702627939142462,0.004495159059474412,0.04391424619640387,0,0,0.3156984785615491,0,0.06846473029045644,0.004495159059474412,0.04114799446749654,0,0,0.004495159059474412,0.004495159059474412,0.04322268326417704,0.004495159059474412,0,0,0,0.04322268326417704,0.004495159059474412,0.004495159059474412,0.044605809128630707",1
"0,0,0,0,-1,1,0,0,1,0,-1,1,1,0,0,0,-1,-1,0,0,0,0,0,0,-1,0,0,0,0,-1,1,1,-1,0,0,0,1,1,0,0,0,0,-1,1,-1,0,0,0,0","0.004139562389118865,0.004139562389118865,0.004139562389118865,0.004139562389118865,0,0,0.004139562389118865,0.004139562389118865,0,0.004139562389118865,0,0,0,0.004139562389118865,0.004139562389118865,0.004139562389118865,0,0,0.004139562389118865,0.004139562389118865,0.004139562389118865,0.004139562389118865,0.004139562389118865,0.004139562389118865,0,0.8758131283264341,0.004139562389118865,0.004139562389118865,0.004139562389118865,0,0,0,0,0.004139562389118865,0.004139562389118865,0.004139562389118865,0,0,0.004139562389118865,0.004139562389118865,0.004139562389118865,0.004139562389118865,0,0,0,0.004139562389118865,0.004139562389118865,0.004139562389118865,0.004139562389118865",-1
"0,0,0,0,-1,1,0,0,1,0,-1,1,1,0,0,0,-1,-1,0,0,0,0,0,0,-1,-1,0,0,0,-1,1,1,-1,0,0,0,1,1,0,0,0,0,-1,1,-1,0,0,0,0","0.012334315169366715,0.007363770250368188,0.006443298969072165,0.006443298969072165,0,0,0.03368924889543446,0.011597938144329897,0,0.013070692194403535,0,0,0,0.013807069219440353,0.006443298969072165,0.011597938144329897,0,0,0.009204712812960236,0.016200294550810016,0.006443298969072165,0.013070692194403535,0.016936671575846832,0.034977908689248896,0,0,0.006443298969072165,0.006443298969072165,0.013070692194403535,0,0,0,0,0.649300441826215,0.009941089837997054,0.016200294550810016,0,0,0.006443298969072165,0.011597938144329897,0.011597938144329897,0.006443298969072165,0,0,0,0.006443298969072165,0.018961708394698084,0.008284241531664212,0.009204712812960236",1
"0,0,0,0,-1,1,0,0,1,0,-1,1,1,0,0,0,-1,-1,0,0,0,0,0,0,-1,-1,0,0,0,-1,1,1,-1,1,0,0,1,1,0,0,0,0,-1,1,-1,0,0,0,0","0.0028342780926975657,0.0028342780926975657,0.021173724574858287,0.020673557852617538,0,0,0.020673557852617538,0.0028342780926975657,0,0.0028342780926975657,0,0,0,0.0028342780926975657,0.0028342780926975657,0.0028342780926975657,0,0,0.0028342780926975657,0.020673557852617538,0.0028342780926975657,0.0028342780926975657,0.0028342780926975657,0.0028342780926975657,0,0,0.8167722574191397,0.0028342780926975657,0.0028342780926975657,0,0,0,0,0,0.0028342780926975657,0.0028342780926975657,0,0,0.0028342780926975657,0.03484494831610537,0.0028342780926975657,0.0028342780926975657,0,0,0,0.0028342780926975657,0.0028342780926975657,0.0028342780926975657,0.0028342780926975657",-1
"0,0,0,0,-1,1,0,0,1,0,-1,1,1,0,0,0,-1,-1,0,0,0,0,0,0,-1,-1,-1,0,0,-1,1,1,-1,1,0,0,1,1,0,0,0,0,-1,1,-1,0,0,0,0","0.02591235924569258,0.018450685117351782,0.019671686338353006,0.022249355582688916,0,0,0.06118572785239452,0.018450685117351782,0,0.02821869488536155,0,0,0,0.06498439831773165,0.018450685117351782,0.06308506308506308,0,0,0.024691358024691357,0.019671686338353006,0.055352055352055354,0.019671686338353006,0.13756613756613756,0.02591235924569258,0,0,0,0.14977614977614978,0.019671686338353006,0,0,0,0,0,0.021028354361687696,0.018450685117351782,0,0,0.018450685117351782,0.023470356803690137,0.019671686338353006,0.017094017094017096,0,0,0,0.019671686338353006,0.022249355582688916,0.024691358024691357,0.022249355582688916",1
"0,0,0,0,-1,1,0,0,1,0,-1,1,1,0,0,0,-1,-1,0,0,0,0,0,0,-1,-1,-1,1,0,-1,1,1,-1,1,0,0,1,1,0,0,0,0,-1,1,-1,0,0,0,0","0.0011182555213866368,0.016494268940452892,0.0011182555213866368,0.01761252446183953,0,0,0.017053396701146212,0.015935141179759575,0,0.016494268940452892,0,0,0,0.017053396701146212,0.0011182555213866368,0.016773832820799552,0,0,0.0011182555213866368,0.0011182555213866368,0.0011182555213866368,0.015376013419066257,0.018451216102879506,0.7195974280123009,0,0,0,0,0.015376013419066257,0,0,0,0,0,0.0011182555213866368,0.0011182555213866368,0,0,0.0011182555213866368,0.01789208834218619,0.016494268940452892,0.0011182555213866368,0,0,0,0.01817165222253285,0.015935141179759575,0.017053396701146212,0.017053396701146212",-1
"0,0,0,0,-1,1,0,0,1,0,-1,1,1,0,0,0,-1,-1,0,0,0,0,0,-1,-1,-1,-1,1,0,-1,1,1,-1,1,0,0,1,1,0,0,0,0,-1,1,-1,0,0,0,0","0.020404120443740095,0.020404120443740095,0.020404120443740095,0.0223851030110935,0,0,0.0223851030110935,0.020404120443740095,0,0.0223851030110935,0,0,0,0.020404120443740095,0.020404120443740095,0.020404120443740095,0,0,0.025950871632329637,0.020404120443740095,0.4649366085578447,0.020404120443740095,0.020404120443740095,0,0,0,0,0,0.020404120443740095,0,0,0,0,0,0.020404120443740095,0.0223851030110935,0,0,0.0223851030110935,0.020404120443740095,0.025950871632329637,0.0223851030110935,0,0,0,0.0223851030110935,0.020404120443740095,0.020404120443740095,0.020404120443740095",1
"0,0,0,0,-1,1,0,0,1,0,-1,1,1,0,0,0,-1,-1,0,0,1,0,0,-1,-1,-1,-1,1,0,-1,1,1,-1,1,0,0,1,1,0,0,0,0,-1,1,-1,0,0,0,0","0.019493985897967647,0.013272501036914143,0.018664454583160513,0.035255080879303194,0,0,0.007465781833264205,0.013272501036914143,0,0.03442554956449606,0,0,0,0.010576524263790958,0.019493985897967647,0.013272501036914143,0,0,0.03608461219411033,0.2652426379095811,0,0.01430941518042306,0.007465781833264205,0,0,0,0,0,0.015138946495230196,0,0,0,0,0,0.03214433844877644,0.02986312733305682,0,0,0.011406055578598091,0.20261302364164246,0.03442554956449606,0.03380340107839071,0,0,0,0.015138946495230196,0.05080879303193696,0.017005391953546247,0.04935711323102447",-1
"0,0,0,0,-1,1,0,0,1,0,-1,1,1,0,0,0,-1,-1,0,-1,1,0,0,-1,-1,-1,-1,1,0,-1,1,1,-1,1,0,0,1,1,0,0,0,0,-1,1,-1,0,0,0,0","0.09640479360852197,0.022902796271637816,0.017576564580559253,0.01970705725699068,0,0,0.06045272969374168,0.021837549933422105,0,0.05752330226364847,0,0,0,0.027163781624500664,0.023968042609853527,0.01970705725699068,0,0,0.02822902796271638,0,0,0.025033288948069242,0.021837549933422105,0,0,0,0,0,0.01970705725699068,0,0,0,0,0,0.025033288948069242,0.022902796271637816,0,0,0.09747003994673768,0.023968042609853527,0.10173102529960053,0.030093209054593874,0,0,0,0.09906790945406126,0.09400798934753662,0.022902796271637816,0.02077230359520639",1
"0,0,0,0,-1,1,0,0,1,0,-1,1,1,0,0,0,-1,-1,0,-1,1,0,0,-1,-1,-1,-1,1,0,-1,1,1,-1,1,0,0,1,1,0,0,1,0,-1,1,-1,0,0,0,0","0.0013990905911157748,0.016789087093389297,0.0013990905911157748,0.0013990905911157748,0,0,0.0013990905911157748,0.014340678558936691,0,0.0013990905911157748,0,0,0,0.9244491080797481,0.0013990905911157748,0.0013990905911157748,0,0,0.0013990905911157748,0,0,0.0013990905911157748,0.0013990905911157748,0,0,0,0,0,0.0013990905911157748,0,0,0,0,0,0.0013990905911157748,0.0013990905911157748,0,0,0.0013990905911157748,0.0013990905911157748,0,0.0013990905911157748,0,0,0,0.0013990905911157748,0.0013990905911157748,0.017838405036726127,0.0013990905911157748",-1
"0,0,0,0,-1,1,0,0,1,0,-1,1,1,-1,0,0,-1,-1,0,-1,1,0,0,-1,-1,-1,-1,1,0,-1,1,1,-1,1,0,0,1,1,0,0,1,0,-1,1,-1,0,0,0,0","0.04549892599101738,0.04530365163054091,0.04549892599101738,0.04549892599101738,0,0,0.04549892599101738,0.04530365163054091,0,0.04549892599101738,0,0,0,0,0.04530365163054091,0.04549892599101738,0,0,0.04549892599101738,0,0,0.04549892599101738,0.04549892599101738,0,0,0,0,0,0.04549892599101738,0,0,0,0,0,0.04549892599101738,0.04549892599101738,0,0,0.04530365163054091,0.04549892599101738,0,0.04549892599101738,0,0,0,0.04549892599101738,0.04549892599101738,0.04530365163054091,0.04549892599101738",1
"1,0,0,0,-1,1,0,0,1,0,-1,1,1,-1,0,0,-1,-1,0,-1,1,0,0,-1,-1,-1,-1,1,0,-1,1,1,-1,1,0,0,1,1,0,0,1,0,-1,1,-1,0,0,0,0","0,0.04756637168141593,0.04756637168141593,0.04793510324483776,0,0,0.04756637168141593,0.04756637168141593,0,0.04793510324483776,0,0,0,0,0.04756637168141593,0.04756637168141593,0,0,0.04756637168141593,0,0,0.04756637168141593,0.04756637168141593,0,0,0,0,0,0.04756637168141593,0,0,0,0,0,0.04756637168141593,0.04756637168141593,0,0,0.04756637168141593,0.04756637168141593,0,0.04756637168141593,0,0,0,0.04793510324483776,0.04756637168141593,0.04756637168141593,0.04756637168141593",-1
"1,0,0,-1,-1,1,0,0,1,0,-1,1,1,-1,0,0,-1,-1,0,-1,1,0,0,-1,-1,-1,-1,1,0,-1,1,1,-1,1,0,0,1,1,0,0,1,0,-1,1,-1,0,0,0,0","0,0.050191570881226055,0.04980842911877394,0,0,0,0.04980842911877394,0.04980842911877394,0,0.050191570881226055,0,0,0,0,0.04980842911877394,0.050191570881226055,0,0,0.050191570881226055,0,0,0.04980842911877394,0.050191570881226055,0,0,0,0,0,0.050191570881226055,0,0,0,0,0,0.050191570881226055,0.04980842911877394,0,0,0.04980842911877394,0.04980842911877394,0,0.050191570881226055,0,0,0,0.050191570881226055,0.04980842911877394,0.050191570881226055,0.04980842911877394",1
"1,1,0,-1,-1,1,0,0,1,0,-1,1,1,-1,0,0,-1,-1,0,-1,1,0,0,-1,-1,-1,-1,1,0,-1,1,1,-1,1,0,0,1,1,0,0,1,0,-1,1,-1,0,0,0,0","0,0,0.05245022970903522,0,0,0,0.052833078101071976,0.052833078101071976,0,0.052833078101071976,0,0,0,0,0.05245022970903522,0.05245022970903522,0,0,0.052833078101071976,0,0,0.052833078101071976,0.05245022970903522,0,0,0,0,0,0.05245022970903522,0,0,0,0,0,0.05245022970903522,0.05245022970903522,0,0,0.052833078101071976,0.05245022970903522,0,0.052833078101071976,0,0,0,0.052833078101071976,0.05245022970903522,0.052833078101071976,0.05245022970903522",-1
"1,1,0,-1,-1,1,-1,0,1,0,-1,1,1,-1,0,0,-1,-1,0,-1,1,0,0,-1,-1,-1,-1,1,0,-1,1,1,-1,1,0,0,1,1,0,0,1,0,-1,1,-1,0,0,0,0","0,0,0.055725190839694655,0,0,0,0,0.05534351145038168,0,0.05534351145038168,0,0,0,0,0.05534351145038168,0.055725190839694655,0,0,0.055725190839694655,0,0,0.055725190839694655,0.05534351145038168,0,0,0,0,0,0.055725190839694655,0,0,0,0,0,0.055725190839694655,0.055725190839694655,0,0,0.05534351145038168,0.055725190839694655,0,0.055725190839694655,0,0,0,0.05534351145038168,0.055725190839694655,0.05534351145038168,0.05534351145038168",1
"1,1,1,-1,-1,1,-1,0,1,0,-1,1,1,-1,0,0,-1,-1,0,-1,1,0,0,-1,-1,-1,-1,1,0,-1,1,1,-1,1,0,0,1,1,0,0,1,0,-1,1,-1,0,0,0,0","0,0,0,0,0,0,0,0.05895777862305059,0,0.058577405857740586,0,0,0,0,0.058577405857740586,0.05895777862305059,0,0,0.058577405857740586,0,0,0.058577405857740586,0.05895777862305059,0,0,0,0,0,0.05895777862305059,0,0,0,0,0,0.05895777862305059,0.05895777862305059,0,0,0.05895777862305059,0.05895777862305059,0,0.05895777862305059,0,0,0,0.058577405857740586,0.05895777862305059,0.05895777862305059,0.058577405857740586",-1
"1,1,1,-1,-1,1,-1,-1,1,0,-1,1,1,-1,0,0,-1,-1,0,-1,1,0,0,-1,-1,-1,-1,1,0,-1,1,1,-1,1,0,0,1,1,0,0,1,0,-1,1,-1,0,0,0,0","0,0,0,0,0,0,0,0,0,0.062144751799924215,0,0,0,0,0.06252368321333839,0.06252368321333839,0,0,0.06252368321333839,0,0,0.06252368321333839,0.06252368321333839,0,0,0,0,0,0.06252368321333839,0,0,0,0,0,0.06252368321333839,0.06252368321333839,0,0,0.06252368321333839,0.06252368321333839,0,0.06252368321333839,0,0,0,0.06252368321333839,0.06252368321333839,0.06252368321333839,0.06252368321333839",1
"1,1,1,-1,-1,1,-1,-1,1,0,-1,1,1,-1,1,0,-1,-1,0,-1,1,0,0,-1,-1,-1,-1,1,0,-1,1,1,-1,1,0,0,1,1,0,0,1,0,-1,1,-1,0,0,0,0","0,0,0,0,0,0,0,0,0,0.06679245283018868,0,0,0,0,0,0.06641509433962264,0,0,0.06679245283018868,0,0,0.06641509433962264,0.06641509433962264,0,0,0,0,0,0.06679245283018868,0,0,0,0,0,0.06679245283018868,0.06679245283018868,0,0,0.06679245283018868,0.06679245283018868,0,0.06679245283018868,0,0,0,0.06679245283018868,0.06641509433962264,0.06679245283018868,0.06641509433962264",-1
"1,1,1,-1,-1,1,-1,-1,1,-1,-1,1,1,-1,1,0,-1,-1,0,-1,1,0,0,-1,-1,-1,-1,1,0,-1,1,1,-1,1,0,0,1,1,0,0,1,0,-1,1,-1,0,0,0,0","0,0,0,0,0,0,0,0,0,0,0,0,0,0,0,0.06759294029290275,0,0,0.06796845662786331,0,0,0.06796845662786331,0.06796845662786331,0,0,0,0,0,0.07247465264739016,0,0,0,0,0,0.06796845662786331,0.11340593315809237,0,0,0.06759294029290275,0.06796845662786331,0,0.06796845662786331,0,0,0,0.06759294029290275,0.06759294029290275,0.06796845662786331,0.06796845662786331",1
"1,1,1,-1,-1,1,-1,-1,1,-1,-1,1,1,-1,1,0,-1,-1,0,-1,1,0,0,-1,-1,-1,-1,1,0,-1,1,1,-1,1,0,1,1,1,0,0,1,0,-1,1,-1,0,0,0,0","0,0,0,0,0,0,0,0,0,0,0,0,0,0,0,0.011832197920401577,0,0,0.011832197920401577,0,0,0.011832197920401577,0.011832197920401577,0,0,0,0,0,0.8580136249551811,0,0,0,0,0,0.011832197920401577,0,0,0,0.011832197920401577,0.011832197920401577,0,0.011832197920401577,0,0,0,0.011832197920401577,0.011832197920401577,0.011832197920401577,0.011832197920401577",-1
"0,0,0,0,0,0,0,0,0,0,0,0,0,0,0,0,0,0,0,0,0,0,0,0,0,0,0,0,0,0,0,0,0,0,0,0,0,0,0,0,0,0,0,0,0,0,0,0,0","0.0012239902080783353,0.0012239902080783353,0.026519787841697267,0.0012239902080783353,0.02447980416156671,0.0012239902080783353,0.0012239902080783353,0.032639738882088945,0.03427172582619339,0.0012239902080783353,0.04079967360261118,0.03712770297837617,0.028151774785801713,0.024071807425540596,0.024887800897592818,0.02447980416156671,0.026111791105671155,0.032639738882088945,0.025703794369645042,0.02447980416156671,0.025703794369645042,0.0012239902080783353,0.0012239902080783353,0.0277437780497756,0.0012239902080783353,0.03223174214606283,0.0012239902080783353,0.0012239902080783353,0.028559771521827825,0.02447980416156671,0.0012239902080783353,0.02937576499388005,0.024071807425540596,0.0012239902080783353,0.02447980416156671,0.02447980416156671,0.02733578131374949,0.029783761729906162,0.02447980416156671,0.0277437780497756,0.0012239902080783353,0.025703794369645042,0.03712770297837617,0.03019175846593227,0.028151774785801713,0.02692778457772338,0.025703794369645042,0.02529579763361893,0.02692778457772338",1
"0,0,0,0,0,0,0,0,0,0,1,0,0,0,0,0,0,0,0,0,0,0,0,0,0,0,0,0,0,0,0,0,0,0,0,0,0,0,0,0,0,0,0,0,0,0,0,0,0","0.01841692789968652,0.01841692789968652,0.02115987460815047,0.018808777429467086,0.02115987460815047,0.01841692789968652,0.01841692789968652,0.01841692789968652,0.01841692789968652,0.01841692789968652,0,0.01841692789968652,0.01841692789968652,0.01841692789968652,0.01841692789968652,0.01841692789968652,0.01841692789968652,0.01841692789968652,0.01841692789968652,0.018808777429467086,0.01841692789968652,0.01841692789968652,0.01841692789968652,0.018808777429467086,0.018808777429467086,0.01841692789968652,0.018808777429467086,0.01841692789968652,0.01841692789968652,0.0274294670846395,0.018808777429467086,0.01841692789968652,0.01841692789968652,0.01841692789968652,0.01841692789968652,0.01841692789968652,0.11755485893416928,0.01841692789968652,0.01841692789968652,0.01841692789968652,0.01841692789968652,0.01841692789968652,0.01841692789968652,0.01841692789968652,0.01841692789968652,0.01841692789968652,0.01841692789968652,0.01841692789968652,0.01841692789968652",-1
"0,0,0,0,0,0,0,0,0,0,1,0,0,0,0,0,0,0,0,0,0,0,0,0,0,0,0,0,0,0,0,0,0,0,0,0,-1,0,0,0,0,0,0,0,0,0,0,0,0","0.022520886305848167,0.027243007628042135,0.032328369051943334,0.021067925899019253,0.027243007628042135,0.02615328732292045,0.032328369051943334,0.020704685797312022,0.022884126407555393,0.02143116600072648,0,0.027243007628042135,0.02179440610243371,0.020341445695604796,0.02397384671267708,0.027243007628042135,0.02179440610243371,0.022884126407555393,0.027243007628042135,0.027243007628042135,0.0010897203051216855,0.024337086814384307,0.0010897203051216855,0.025063567017798764,0.02687976752633491,0.032328369051943334,0.0010897203051216855,0.023247366509262624,0.02651652742462768,0.02397384671267708,0.022520886305848167,0.0010897203051216855,0.021067925899019253,0.0010897203051216855,0.022520886305848167,0.024337086814384307,0,0.0010897203051216855,0.02687976752633491,0.023247366509262624,0.027243007628042135,0.02579004722121322,0.02397384671267708,0.019978205593897565,0.025426807119505995,0.0010897203051216855,0.02687976752633491,0.02179440610243371,0.024700326916091538",1
"0,0,1,0,0,0,0,0,0,0,1,0,0,0,0,0,0,0,0,0,0,0,0,0,0,0,0,0,0,0,0,0,0,0,0,0,-1,0,0,0,0,0,0,0,0,0,0,0,0","0.01730239874164373,0.01730239874164373,0,0.01730239874164373,0.01730239874164373,0.01730239874164373,0.11482500983090838,0.01730239874164373,0.01730239874164373,0.01730239874164373,0,0.01730239874164373,0.01730239874164373,0.01730239874164373,0.01730239874164373,0.01730239874164373,0.01730239874164373,0.01730239874164373,0.01730239874164373,0.01730239874164373,0.01730239874164373,0.01730239874164373,0.01730239874164373,0.01730239874164373,0.1238694455367676,0.01730239874164373,0.01730239874164373,0.01730239874164373,0.01730239874164373,0.01730239874164373,0.01730239874164373,0.01730239874164373,0.01730239874164373,0.01730239874164373,0.01730239874164373,0.01730239874164373,0,0.01730239874164373,0.01730239874164373,0.01730239874164373,0.01730239874164373,0.01730239874164373,0.01730239874164373,0.01730239874164373,0.01730239874164373,0.01730239874164373,0.01730239874164373,0.01730239874164373,0.01730239874164373",-1
"0,0,1,0,0,0,0,0,0,0,1,0,0,0,0,0,0,0,0,0,0,0,0,0,-1,0,0,0,0,0,0,0,0,0,0,0,-1,0,0,0,0,0,0,0,0,0,0,0,0","0.033574007220216605,0.034657039711191336,0,0.032490974729241874,0.0018050541516245488,0.034657039711191336,0.0018050541516245488,0.034657039711191336,0.03104693140794224,0.0332129963898917,0,0.036101083032490974,0.03754512635379061,0.0018050541516245488,0.036101083032490974,0.03429602888086643,0.0018050541516245488,0.0018050541516245488,0.0368231046931408,0.03754512635379061,0.0018050541516245488,0.0018050541516245488,0.026714801444043323,0.0018050541516245488,0,0.0368231046931408,0.038628158844765344,0.03032490974729242,0.0018050541516245488,0.0018050541516245488,0.036101083032490974,0.0018050541516245488,0.036101083032490974,0.0018050541516245488,0.0018050541516245488,0.03429602888086643,0,0.0018050541516245488,0.0368231046931408,0.035740072202166066,0.0018050541516245488,0.02924187725631769,0.0018050541516245488,0.034657039711191336,0.0018050541516245488,0.035018050541516244,0.036101083032490974,0.035018050541516244,0.035018050541516244",1
"0,0,1,0,0,0,0,0,0,0,1,0,0,0,0,0,0,0,0,0,0,0,0,0,-1,0,1,0,0,0,0,0,0,0,0,0,-1,0,0,0,0,0,0,0,0,0,0,0,0","0.0027311744049941474,0.0027311744049941474,0,0.04018728053062817,0.0027311744049941474,0.0027311744049941474,0.0027311744049941474,0.0027311744049941474,0.0027311744049941474,0.0027311744049941474,0,0.0027311744049941474,0.0027311744049941474,0.0027311744049941474,0.0027311744049941474,0.0027311744049941474,0.040967616074912214,0.0027311744049941474,0.7116660163870464,0.046820132657042525,0.0027311744049941474,0.0027311744049941474,0.0027311744049941474,0.0027311744049941474,0,0.0027311744049941474,0,0.0027311744049941474,0.0027311744049941474,0.0027311744049941474,0.0027311744049941474,0.0027311744049941474,0.0027311744049941474,0.0027311744049941474,0.0027311744049941474,0.0027311744049941474,0,0.0027311744049941474,0.0027311744049941474,0.0027311744049941474,0.0027311744049941474,0.0027311744049941474,0.0027311744049941474,0.0027311744049941474,0.0027311744049941474,0.0027311744049941474,0.053843152555598905,0.0027311744049941474,0.0027311744049941474",-1
"0,0,1,0,0,0,0,0,0,0,1,0,0,0,0,0,0,0,-1,0,0,0,0,0,-1,0,1,0,0,0,0,0,0,0,0,0,-1,0,0,0,0,0,0,0,0,0,0,0,0","0.0161177295024527,0.0161177295024527,0,0.017986451763606633,0.0161177295024527,0.017986451763606633,0.12170053725765008,0.017986451763606633,0.0161177295024527,0.02452697967764541,0,0.0161177295024527,0.03036673674375146,0.017986451763606633,0.0161177295024527,0.019621583742116328,0.017986451763606633,0.0161177295024527,0,0.017986451763606633,0.017986451763606633,0.021256715720626023,0.0161177295024527,0.017986451763606633,0,0.017986451763606633,0,0.019621583742116328,0.017986451763606633,0.017986451763606633,0.12380284980144826,0.019621583742116328,0.021256715720626023,0.0161177295024527,0.017986451763606633,0.017986451763606633,0,0.0161177295024527,0.019621583742116328,0.017986451763606633,0.017986451763606633,0.0161177295024527,0.02429338939500117,0.0161177295024527,0.0161177295024527,0.0161177295024527,0.017986451763606633,0.017986451763606633,0.022891847699135714",1
"0,0,1,0,0,0,0,0,0,0,1,0,0,0,0,0,0,0,-1,0,0,0,0,0,-1,0,1,0,0,0,1,0,0,0,0,0,-1,0,0,0,0,0,0,0,0,0,0,0,0","0.03982597054886212,0.003681392235609103,0,0.003681392235609103,0.003681392235609103,0.003681392235609103,0.04718875502008032,0.003681392235609103,0.04718875502008032,0.04819277108433735,0,0.0428380187416332,0.003681392235609103,0.003681392235609103,0.049531459170013385,0.05187416331994645,0.003681392235609103,0.003681392235609103,0,0.03982597054886212,0.003681392235609103,0.040829986613119144,0.046519410977242305,0.050200803212851405,0,0.043842034805890225,0,0.003681392235609103,0.04049531459170013,0.003681392235609103,0,0.05287817938420348,0.003681392235609103,0.003681392235609103,0.04819277108433735,0.003681392235609103,0,0.003681392235609103,0.003681392235609103,0.003681392235609103,0.04417670682730924,0.003681392235609103,0.003681392235609103,0.046519410977242305,0.003681392235609103,0.04417670682730924,0.05053547523427041,0.04417670682730924,0.003681392235609103",-1
"0,0,1,0,0,0,0,0,0,0,1,0,0,0,0,0,0,0,-1,0,0,0,0,0,-1,0,1,0,0,0,1,-1,0,0,0,0,-1,0,0,0,0,0,0,0,0,0,0,0,0","0.0026748184944593045,0.0026748184944593045,0,0.0026748184944593045,0.0026748184944593045,0.0026748184944593045,0.0026748184944593045,0.0026748184944593045,0.0026748184944593045,0.0026748184944593045,0,0.03553687428353076,0.0026748184944593045,0.0026748184944593045,0.0026748184944593045,0.0026748184944593045,0.0026748184944593045,0.0026748184944593045,0,0.0026748184944593045,0.0026748184944593045,0.0026748184944593045,0.0026748184944593045,0.0026748184944593045,0,0.0026748184944593045,0,0.0026748184944593045,0.0026748184944593045,0.0026748184944593045,0,0,0.037065341994650364,0.0026748184944593045,0.0026748184944593045,0.0026748184944593045,0,0.7355750859763087,0.03171570500573175,0.0026748184944593045,0.0026748184944593045,0.0026748184944593045,0.03247993886129155,0.0026748184944593045,0.0026748184944593045,0.0026748184944593045,0.0026748184944593045,0.0026748184944593045,0.03400840657241116",1
"0,0,1,0,0,0,0,0,0,0,1,0,0,0,0,0,0,0,-1,0,0,0,0,0,-1,0,1,0,0,0,1,-1,0,0,0,0,-1,1,0,0,0,0,0,0,0,0,0,0,0","0.01573546180159635,0.024401368301026224,0,0.07160775370581528,0.023033067274800458,0.021664766248574687,0.024401368301026224,0.01573546180159635,0.023033067274800458,0.01573546180159635,0,0.025769669327251995,0.018700114025085517,0.025769669327251995,0.021664766248574687,0.029646522234891677,0.07366020524515393,0.024401368301026224,0,0.01573546180159635,0.025769669327251995,0.020296465222348917,0.024401368301026224,0.024401368301026224,0,0.024401368301026224,0,0.021664766248574687,0.01733181299885975,0.027137970353477765,0,0,0.014139110604332953,0.01573546180159635,0.01573546180159635,0.01573546180159635,0,0,0.028506271379703536,0.024401368301026224,0.014139110604332953,0.021664766248574687,0.03238312428734322,0.021664766248574687,0.025769669327251995,0.024401368301026224,0.04082098061573546,0.021664766248574687,0.027137970353477765",-1
"0,0,1,0,0,0,0,0,0,0,1,0,0,0,0,0,-1,0,-1,0,0,0,0,0,-1,0,1,0,0,0,1,-1,0,0,0,0,-1,1,0,0,0,0,0,0,0,0,0,0,0","0.0017959770114942528,0.032327586206896554,0,0.035201149425287355,0.0017959770114942528,0.03556034482758621,0.032327586206896554,0.0017959770114942528,0.031609195402298854,0.033764367816091954,0,0.0334051724137931,0.0017959770114942528,0.0017959770114942528,0.03412356321839081,0.0319683908045977,0,0.03627873563218391,0,0.0326867816091954,0.03412356321839081,0.0334051724137931,0.0319683908045977,0.03125,0,0.033764367816091954,0,0.0017959770114942528,0.03484195402298851,0.033764367816091954,0,0,0.03556034482758621,0.0017959770114942528,0.033764367816091954,0.03484195402298851,0,0,0.0326867816091954,0.03412356321839081,0.035201149425287355,0.034482758620689655,0.0334051724137931,0.0017959770114942528,0.03627873563218391,0.03556034482758621,0.033764367816091954,0.0017959770114942528,0.0017959770114942528",1
"0,0,1,0,0,0,0,0,0,0,1,0,0,0,0,0,-1,1,-1,0,0,0,0,0,-1,0,1,0,0,0,1,-1,0,0,0,0,-1,1,0,0,0,0,0,0,0,0,0,0,0","0.020678891923527117,0.020678891923527117,0,0.01833788529067499,0.01833788529067499,0.01833788529067499,0.092469761997659,0.020678891923527117,0.020678891923527117,0.02536090518923137,0,0.01833788529067499,0.020678891923527117,0.02301989855637924,0.020678891923527117,0.02301989855637924,0,0,0,0.020678891923527117,0.01833788529067499,0.020678891923527117,0.020678891923527117,0.060085836909871244,0,0.01833788529067499,0,0.0296527506827936,0.01833788529067499,0.01833788529067499,0,0,0.01833788529067499,0.020678891923527117,0.01833788529067499,0.02301989855637924,0,0,0.01833788529067499,0.10573546625048771,0.01833788529067499,0.01833788529067499,0.03745610612563402,0.01833788529067499,0.02536090518923137,0.020678891923527117,0.01833788529067499,0.020678891923527117,0.03160358954350371",-1
"0,0,1,0,0,0,0,0,0,0,1,0,0,0,0,0,-1,1,-1,0,0,0,0,0,-1,0,1,0,0,0,1,-1,0,0,0,0,-1,1,0,-1,0,0,0,0,0,0,0,0,0","0.002560351133869788,0.034747622531089976,0,0.04059985369422092,0.039868324798829555,0.002560351133869788,0.002560351133869788,0.002560351133869788,0.03621068032187271,0.03401609363569861,0,0.03584491587417703,0.002560351133869788,0.03840526700804682,0.002560351133869788,0.038039502560351136,0,0,0,0.038771031455742504,0.03950256035113387,0.038039502560351136,0.03730797366495977,0.036942209217264085,0,0.03511338697878566,0,0.002560351133869788,0.03730797366495977,0.036942209217264085,0,0,0.038771031455742504,0.002560351133869788,0.03950256035113387,0.002560351133869788,0,0,0.03950256035113387,0,0.03511338697878566,0.039868324798829555,0.03401609363569861,0.03950256035113387,0.002560351133869788,0.03584491587417703,0.002560351133869788,0.038771031455742504,0.03328456474030724",1
"0,0,1,1,0,0,0,0,0,0,1,0,0,0,0,0,-1,1,-1,0,0,0,0,0,-1,0,1,0,0,0,1,-1,0,0,0,0,-1,1,0,-1,0,0,0,0,0,0,0,0,0","0.022524271844660194,0.016699029126213592,0,0,0.014368932038834952,0.016699029126213592,0.014368932038834952,0.014368932038834952,0.014368932038834952,0.0916504854368932,0,0.014368932038834952,0.014368932038834952,0.014368932038834952,0.08155339805825243,0.09009708737864078,0,0,0,0.014368932038834952,0.014368932038834952,0.08155339805825243,0.014368932038834952,0.04233009708737864,0,0.014368932038834952,0,0.014368932038834952,0.014368932038834952,0.0858252427184466,0,0,0.014368932038834952,0.014368932038834952,0.014368932038834952,0.014368932038834952,0,0,0.016699029126213592,0,0.014757281553398059,0.03495145631067961,0.016699029126213592,0.014368932038834952,0.05436893203883495,0.014368932038834952,0.014368932038834952,0.031844660194174756,0.014368932038834952",-1
"0,0,1,1,0,0,0,0,0,-1,1,0,0,0,0,0,-1,1,-1,0,0,0,0,0,-1,0,1,0,0,0,1,-1,0,0,0,0,-1,1,0,-1,0,0,0,0,0,0,0,0,0","0.00259163272861903,0.028878193261754906,0,0,0.039614957423176604,0.03443169196593854,0.039244724176231024,0.037023324694557574,0.00259163272861903,0,0,0.00259163272861903,0.00259163272861903,0.03739355794150315,0.00259163272861903,0.00259163272861903,0,0,0,0.037023324694557574,0.00259163272861903,0.036653091447611995,0.00259163272861903,0.03739355794150315,0,0.03554239170677527,0,0.00259163272861903,0.00259163272861903,0.03554239170677527,0,0,0.03554239170677527,0.00259163272861903,0.03480192521288412,0.13513513513513514,0,0,0.0381340244353943,0,0.03554239170677527,0.03850425768233987,0.03591262495372084,0.05960755275823769,0.061088485746019994,0.061088485746019994,0.03221029248426509,0.00259163272861903,0.00259163272861903",1
"0,0,1,1,0,0,0,0,0,-1,1,0,0,0,0,0,-1,1,-1,0,0,0,0,0,-1,0,1,0,0,0,1,-1,0,0,0,1,-1,1,0,-1,0,0,0,0,0,0,0,0,0","0.007417873542917697,0.007417873542917697,0,0,0.007417873542917697,0.007417873542917697,0.007417873542917697,0.007417873542917697,0.007417873542917697,0,0,0.007417873542917697,0.007417873542917697,0.007417873542917697,0.007417873542917697,0.007417873542917697,0,0,0,0.007417873542917697,0.007417873542917697,0.007417873542917697,0.007417873542917697,0.755210173083716,0,0.007417873542917697,0,0.007417873542917697,0.007417873542917697,0.007417873542917697,0,0,0.007417873542917697,0.007417873542917697,0.007417873542917697,0,0,0,0.007417873542917697,0,0.007417873542917697,0.007417873542917697,0.007417873542917697,0.007417873542917697,0.007417873542917697,0.007417873542917697,0.007417873542917697,0.007417873542917697,0.007417873542917697",-1
"0,0,1,1,0,0,0,0,0,-1,1,0,0,0,0,0,-1,1,-1,0,0,0,0,-1,-1,0,1,0,0,0,1,-1,0,0,0,1,-1,1,0,-1,0,0,0,0,0,0,0,0,0","0.07448425624321389,0.021498371335504887,0,0,0.02258414766558089,0.01498371335504886,0.030836047774158524,0.08013029315960912,0.07643865363735071,0,0,0.02258414766558089,0.021498371335504887,0.020195439739413682,0.05884907709011943,0.02258414766558089,0,0,0,0.020195439739413682,0.020195439739413682,0.08208469055374593,0.03061889250814332,0,0,0.021498371335504887,0,0.018892508143322474,0.0249728555917481,0.02736156351791531,0,0,0.021498371335504887,0.01216069489685125,0.020195439739413682,0,0,0,0.018892508143322474,0,0.02736156351791531,0.018892508143322474,0.023887079261672096,0.01216069489685125,0.01216069489685125,0.021498371335504887,0.023887079261672096,0.05472312703583062,0.020195439739413682",1
"0,0,1,1,0,0,0,0,0,-1,1,0,0,0,0,0,-1,1,-1,0,0,1,0,-1,-1,0,1,0,0,0,1,-1,0,0,0,1,-1,1,0,-1,0,0,0,0,0,0,0,0,0","0.0017568517217146872,0.0017568517217146872,0,0,0.02635277582572031,0.0017568517217146872,0.0017568517217146872,0.02600140548137737,0.0017568517217146872,0,0,0.027055516514406183,0.02881236823612087,0.0017568517217146872,0.025298664792691498,0.0017568517217146872,0,0,0,0.02635277582572031,0.024947294448348558,0,0.027055516514406183,0,0,0.0017568517217146872,0,0.0017568517217146872,0.02635277582572031,0.02600140548137737,0,0,0.0017568517217146872,0.0017568517217146872,0.02354181307097681,0,0,0,0.6043569922698524,0,0.0017568517217146872,0.0017568517217146872,0.027055516514406183,0.0017568517217146872,0.0017568517217146872,0.025650035137034434,0.0017568517217146872,0.0017568517217146872,0.025298664792691498",-1
"0,0,1,1,0,0,0,0,0,-1,1,0,0,0,0,0,-1,1,-1,0,0,1,0,-1,-1,0,1,0,0,0,1,-1,0,0,0,1,-1,1,-1,-1,0,0,0,0,0,0,0,0,0","0.011936022917164,0.013368345667223681,0,0,0.019097636667462402,0.015039388875626641,0.013368345667223681,0.013368345667223681,0.039627596084984486,0,0,0.011936022917164,0.013368345667223681,0.013368345667223681,0.01766531391740272,0.011936022917164,0,0,0,0.049653855335402244,0.011936022917164,0,0.013368345667223681,0,0,0.015039388875626641,0,0.011936022917164,0.011936022917164,0.011936022917164,0,0,0.01766531391740272,0.011936022917164,0.011936022917164,0,0,0,0,0,0.5177846741465744,0.025543089042730963,0.013368345667223681,0.016471711625686322,0.013368345667223681,0.013368345667223681,0.013368345667223681,0.011936022917164,0.013368345667223681",1
"0,0,1,1,0,0,0,0,0,-1,1,0,0,0,0,0,-1,1,-1,0,0,1,0,-1,-1,0,1,0,0,0,1,-1,0,0,0,1,-1,1,-1,-1,1,0,0,0,0,0,0,0,0","0.0015089458935115326,0.0015089458935115326,0,0,0.020909678810088383,0.0015089458935115326,0.0015089458935115326,0.20629446001293383,0.0015089458935115326,0,0,0.019616296615649925,0.6801034705755551,0.0015089458935115326,0.0015089458935115326,0.0015089458935115326,0,0,0,0.0015089458935115326,0.0015089458935115326,0,0.0015089458935115326,0,0,0.0015089458935115326,0,0.0015089458935115326,0.0015089458935115326,0.0015089458935115326,0,0,0.0015089458935115326,0.019831860314723,0.0015089458935115326,0,0,0,0,0,0,0.0015089458935115326,0.01702953222677301,0.0015089458935115326,0.0015089458935115326,0.0015089458935115326,0.0015089458935115326,0.0015089458935115326,0.0015089458935115326",-1
"0,0,1,1,0,0,0,0,0,-1,1,0,-1,0,0,0,-1,1,-1,0,0,1,0,-1,-1,0,1,0,0,0,1,-1,0,0,0,1,-1,1,-1,-1,1,0,0,0,0,0,0,0,0","0.020974049057945254,0.029328119445431924,0,0,0.027728403839317455,0.026128688233202985,0.030927835051546393,0.026128688233202985,0.24813366512619978,0,0,0.022751510842516885,0,0.0323498044792037,0.027728403839317455,0.022751510842516885,0,0,0,0.020974049057945254,0.026128688233202985,0,0.022751510842516885,0,0,0.026128688233202985,0,0.020974049057945254,0.022751510842516885,0.022751510842516885,0,0,0.022751510842516885,0.024528972627088516,0.024528972627088516,0,0,0,0,0,0,0.030927835051546393,0.026128688233202985,0.026128688233202985,0.024528972627088516,0.022751510842516885,0.026128688233202985,0.0714539637397796,0.022751510842516885",1
"0,0,1,1,0,0,0,0,1,-1,1,0,-1,0,0,0,-1,1,-1,0,0,1,0,-1,-1,0,1,0,0,0,1,-1,0,0,0,1,-1,1,-1,-1,1,0,0,0,0,0,0,0,0","0.012668045501551189,0.011892450879007239,0,0,0.014736297828335057,0.001034126163391934,0.001034126163391934,0.001034126163391934,0,0,0,0.001034126163391934,0,0.001034126163391934,0.001034126163391934,0.015511892450879007,0,0,0,0.001034126163391934,0.001034126163391934,0,0.001034126163391934,0,0,0.001034126163391934,0,0.001034126163391934,0.8567735263702172,0.001034126163391934,0,0,0.011892450879007239,0.001034126163391934,0.012409513960703205,0,0,0,0,0,0,0.001034126163391934,0.001034126163391934,0.001034126163391934,0.001034126163391934,0.013185108583247156,0.016546018614270942,0.001034126163391934,0.01577042399172699",-1
"0,0,1,1,0,0,0,0,1,-1,1,0,-1,0,0,0,-1,1,-1,0,0,1,0,-1,-1,0,1,0,-1,0,1,-1,0,0,0,1,-1,1,-1,-1,1,0,0,0,0,0,0,0,0","0.03542422671505097,0.03542422671505097,0,0,0.05996198375669604,0.03542422671505097,0.041990668740279936,0.03542422671505097,0,0,0,0.03542422671505097,0,0.03767064109210299,0.03542422671505097,0.03542422671505097,0,0,0,0.03542422671505097,0.03767064109210299,0,0.03542422671505097,0,0,0.03542422671505097,0,0.04406428201140487,0,0.0352514256091239,0,0,0.0352514256091239,0.03542422671505097,0.0352514256091239,0,0,0,0,0,0,0.0352514256091239,0.03542422671505097,0.03542422671505097,0.03542422671505097,0.03542422671505097,0.03542422671505097,0.03542422671505097,0.03542422671505097",1
"0,0,1,1,1,0,0,0,1,-1,1,0,-1,0,0,0,-1,1,-1,0,0,1,0,-1,-1,0,1,0,-1,0,1,-1,0,0,0,1,-1,1,-1,-1,1,0,0,0,0,0,0,0,0","0.02056008507621411,0.11839773130095711,0,0,0,0.11839773130095711,0.11875221552640908,0.020205600850762142,0,0,0,0.020205600850762142,0,0.11875221552640908,0.019851116625310174,0.020205600850762142,0,0,0,0.02056008507621411,0.01914214817440624,0,0.019851116625310174,0,0,0.0014179369018078695,0,0.0014179369018078695,0,0.0014179369018078695,0,0,0.02056008507621411,0.02056008507621411,0.0014179369018078695,0,0,0,0,0,0,0.018433179723502304,0.11839773130095711,0.020205600850762142,0.0014179369018078695,0.02056008507621411,0.11839773130095711,0.019496632399858205,0.0014179369018078695",-1
"0,0,1,1,1,0,-1,0,1,-1,1,0,-1,0,0,0,-1,1,-1,0,0,1,0,-1,-1,0,1,0,-1,0,1,-1,0,0,0,1,-1,1,-1,-1,1,0,0,0,0,0,0,0,0","0.039501779359430604,0.0398576512455516,0,0,0,0.0398576512455516,0,0.039501779359430604,0,0,0,0.0398576512455516,0,0.039501779359430604,0.039501779359430604,0.0398576512455516,0,0,0,0.0398576512455516,0.039501779359430604,0,0.0398576512455516,0,0,0.0398576512455516,0,0.0398576512455516,0,0.04661921708185053,0,0,0.0398576512455516,0.0398576512455516,0.039501779359430604,0,0,0,0,0,0,0.0398576512455516,0.0398576512455516,0.0398576512455516,0.0398576512455516,0.039501779359430604,0.039501779359430604,0.039501779359430604,0.0398576512455516",1
"0,0,1,1,1,0,-1,0,1,-1,1,0,-1,0,0,0,-1,1,-1,0,0,1,0,-1,-1,0,1,0,-1,1,1,-1,0,0,0,1,-1,1,-1,-1,1,0,0,0,0,0,0,0,0","0.02109704641350211,0.021480629075565784,0,0,0,0.021480629075565784,0,0.0015343306482546988,0,0,0,0.02109704641350211,0,0.021480629075565784,0.019946298427311087,0.021480629075565784,0,0,0,0.0015343306482546988,0.02032988108937476,0,0.36056770233985425,0,0,0.02032988108937476,0,0.019562715765247412,0,0,0,0,0.02032988108937476,0.019562715765247412,0.02032988108937476,0,0,0,0,0,0,0.021480629075565784,0.019946298427311087,0.020713463751438434,0.02109704641350211,0.018795550441120062,0.22401227464518603,0.021480629075565784,0.02032988108937476",-1
"0,0,0,0,0,0,0,0,0,0,0,0,0,0,0,0,0,0,0,0,0,0,0,0,0,0,0,0,0,0,0,0,0,0,0,0,0,0,0,0,0,0,0,0,0,0,0,0,0","0.0036719706242350062,0.004079967360261118,0.004079967360261118,0.004079967360261118,0.004079967360261118,0.049775601795185635,0.0036719706242350062,0.04895960832313342,0.049775601795185635,0.05467156262749898,0.05507955936352509,0.05385556915544676,0.004079967360261118,0.0036719706242350062,0.04814361485108119,0.0036719706242350062,0.004079967360261118,0.004079967360261118,0.004079967360261118,0.04773561811505508,0.004079967360261118,0.004079967360261118,0.004079967360261118,0.004079967360261118,0.004079967360261118,0.004079967360261118,0.004079967360261118,0.004079967360261118,0.004079967360261118,0.06079151366789066,0.004079967360261118,0.05018359853121175,0.004079967360261118,0.049775601795185635,0.050999592003263976,0.004079967360261118,0.05671154630762954,0.004079967360261118,0.004079967360261118,0.004079967360261118,0.04814361485108119,0.049775601795185635,0.04814361485108119,0.004079967360261118,0.04895960832313342,0.004079967360261118,0.004079967360261118,0.0036719706242350062,0.004079967360261118",-1
"0,0,0,0,0,0,0,0,0,0,0,0,0,0,0,0,0,0,0,0,0,0,0,0,0,0,0,0,0,-1,0,0,0,0,0,0,0,0,0,0,0,0,0,0,0,0,0,0,0","0.04344482891195694,0.002691272587466359,0.04805843906189927,0.04421376393694733,0.04767397154940407,0.002691272587466359,0.04767397154940407,0.002691272587466359,0.002691272587466359,0.002691272587466359,0.002691272587466359,0.002691272587466359,0.04767397154940407,0.04421376393694733,0.002691272587466359,0.002691272587466359,0.0457516339869281,0.04344482891195694,0.05074971164936563,0.050365244136870435,0.04421376393694733,0.002691272587466359,0.04652056901191849,0.002691272587466359,0.002691272587466359,0.002691272587466359,0.002691272587466359,0.002691272587466359,0.002691272587466359,0,0.002691272587466359,0.04306036139946175,0.002691272587466359,0.002691272587466359,0.002691272587466359,0.050365244136870435,0.002691272587466359,0.002691272587466359,0.0457516339869281,0.002691272587466359,0.04421376393694733,0.002691272587466359,0.04690503652441369,0.0457516339869281,0.002691272587466359,0.002691272587466359,0.002691272587466359,0.04459823144944252,0.002691272587466359",1
"0,0,0,0,0,0,0,0,0,0,0,0,0,0,0,0,0,0,1,0,0,0,0,0,0,0,0,0,0,-1,0,0,0,0,0,0,0,0,0,0,0,0,0,0,0,0,0,0,0","0.005029013539651838,0.005029013539651838,0.06576402321083172,0.005029013539651838,0.005029013539651838,0.058027079303675046,0.06692456479690523,0.005029013539651838,0.005029013539651838,0.005029013539651838,0.005029013539651838,0.005029013539651838,0.005029013539651838,0.005029013539651838,0.05647969052224371,0.005029013539651838,0.005029013539651838,0.005029013539651838,0,0.005029013539651838,0.05493230174081238,0.005029013539651838,0.005029013539651838,0.005029013539651838,0.005029013539651838,0.06847195357833656,0.005029013539651838,0.005029013539651838,0.005029013539651838,0,0.058027079303675046,0.005029013539651838,0.005029013539651838,0.058027079303675046,0.005029013539651838,0.059574468085106386,0.005029013539651838,0.055705996131528046,0.005029013539651838,0.005029013539651838,0.058027079303675046,0.055705996131528046,0.005029013539651838,0.06112185686653772,0.005029013539651838,0.005029013539651838,0.05725338491295938,0.005029013539651838,0.005029013539651838",-1
"0,0,0,0,0,0,0,0,0,0,0,0,0,0,0,0,0,0,1,0,0,0,0,0,0,-1,0,0,0,-1,0,0,0,0,0,0,0,0,0,0,0,0,0,0,0,0,0,0,0","0.004561003420752566,0.04979095400988218,0.004561003420752566,0.004561003420752566,0.004561003420752566,0.004561003420752566,0.004561003420752566,0.004561003420752566,0.05397187381223869,0.05055112124667427,0.004561003420752566,0.004561003420752566,0.004561003420752566,0.004561003420752566,0.05549220828582288,0.004561003420752566,0.004561003420752566,0.004561003420752566,0,0.004561003420752566,0.06271379703534778,0.058532877232991255,0.004561003420752566,0.05701254275940707,0.06043329532497149,0,0.060053211706575446,0.004561003420752566,0.004561003420752566,0,0.0668947168377043,0.004561003420752566,0.004561003420752566,0.004561003420752566,0.004561003420752566,0.004561003420752566,0.004561003420752566,0.004561003420752566,0.004561003420752566,0.004561003420752566,0.004561003420752566,0.058532877232991255,0.0596731280881794,0.05549220828582288,0.004561003420752566,0.05397187381223869,0.004561003420752566,0.05549220828582288,0.004561003420752566",1
"0,0,0,0,0,0,0,0,0,0,0,0,0,0,0,0,0,0,1,0,0,0,0,0,0,-1,0,0,0,-1,1,0,0,0,0,0,0,0,0,0,0,0,0,0,0,0,0,0,0","0.06727480045610035,0.007601672367920942,0.007601672367920942,0.007601672367920942,0.07411630558722919,0.08095781071835804,0.007601672367920942,0.07525655644241733,0.007601672367920942,0.07411630558722919,0.07525655644241733,0.007601672367920942,0.007601672367920942,0.007601672367920942,0.007601672367920942,0.007601672367920942,0.007601672367920942,0.007601672367920942,0,0.007601672367920942,0.007601672367920942,0.007601672367920942,0.007601672367920942,0.007601672367920942,0.007601672367920942,0,0.07031546940326872,0.007601672367920942,0.0661345496009122,0,0,0.007601672367920942,0.007601672367920942,0.007601672367920942,0.007601672367920942,0.007601672367920942,0.07715697453439757,0.007601672367920942,0.007601672367920942,0.007601672367920942,0.0733561383504371,0.007601672367920942,0.007601672367920942,0.007601672367920942,0.007601672367920942,0.007601672367920942,0.007601672367920942,0.007601672367920942,0.007601672367920942",-1
"0,0,0,0,0,-1,0,0,0,0,0,0,0,0,0,0,0,0,1,0,0,0,0,0,0,-1,0,0,0,-1,1,0,0,0,0,0,0,0,0,0,0,0,0,0,0,0,0,0,0","0.046084675908579995,0.03709254402397902,0.0029973772948669914,0.04983139752716373,0.047208692394155115,0,0.0029973772948669914,0.0029973772948669914,0.0029973772948669914,0.04683402023229674,0.0029973772948669914,0.050955414012738856,0.0029973772948669914,0.0029973772948669914,0.04271262645185463,0.0029973772948669914,0.0029973772948669914,0.04571000374672162,0,0.0029973772948669914,0.04870738104158861,0.046084675908579995,0.0502060696890221,0.0029973772948669914,0.0029973772948669914,0,0.04683402023229674,0.0029973772948669914,0.04683402023229674,0,0,0.04571000374672162,0.04383664293742975,0.0029973772948669914,0.0029973772948669914,0.0029973772948669914,0.047208692394155115,0.04795803671787186,0.04683402023229674,0.0029973772948669914,0.0029973772948669914,0.0029973772948669914,0.0029973772948669914,0.0029973772948669914,0.0029973772948669914,0.0029973772948669914,0.04271262645185463,0.04870738104158861,0.0029973772948669914",1
"0,0,0,0,0,-1,0,0,0,0,0,1,0,0,0,0,0,0,1,0,0,0,0,0,0,-1,0,0,0,-1,1,0,0,0,0,0,0,0,0,0,0,0,0,0,0,0,0,0,0","0.007327419976860779,0.07096027767065176,0.06903200925568839,0.007327419976860779,0.08137292711145391,0,0.06864635557269572,0.007327419976860779,0.007327419976860779,0.007327419976860779,0.007327419976860779,0,0.007327419976860779,0.007327419976860779,0.06594677979174701,0.007327419976860779,0.0717315850366371,0.007327419976860779,0,0.007327419976860779,0.007327419976860779,0.007327419976860779,0.007327419976860779,0.007327419976860779,0.007327419976860779,0,0.007327419976860779,0.007327419976860779,0.007327419976860779,0,0,0.064789818742769,0.007327419976860779,0.007327419976860779,0.007327419976860779,0.007327419976860779,0.07944465869649055,0.007327419976860779,0.007327419976860779,0.007327419976860779,0.06787504820671038,0.060933281912842266,0.007327419976860779,0.007327419976860779,0.007327419976860779,0.007327419976860779,0.064789818742769,0.007327419976860779,0.007327419976860779",-1
"0,0,0,0,-1,-1,0,0,0,0,0,1,0,0,0,0,0,0,1,0,0,0,0,0,0,-1,0,0,0,-1,1,0,0,0,0,0,0,0,0,0,0,0,0,0,0,0,0,0,0","0.05807418508804796,0.005994754589733983,0.005994754589733983,0.005994754589733983,0,0,0.1004121393780442,0.005994754589733983,0.005994754589733983,0.005994754589733983,0.005994754589733983,0,0.005994754589733983,0.005994754589733983,0.05732484076433121,0.005994754589733983,0.056575496440614464,0.0532034469838891,0,0.06257025103034844,0.06257025103034844,0.005994754589733983,0.005994754589733983,0.05470213563132259,0.005994754589733983,0,0.005994754589733983,0.053952791307605844,0.005994754589733983,0,0,0.052079430498313976,0.005994754589733983,0.005994754589733983,0.005994754589733983,0.005994754589733983,0.005994754589733983,0.005994754589733983,0.005994754589733983,0.05919820157362308,0.005994754589733983,0.005994754589733983,0.049456725365305355,0.005994754589733983,0.005994754589733983,0.05545147995503934,0.005994754589733983,0.056575496440614464,0.005994754589733983",1
"0,0,0,0,-1,-1,1,0,0,0,0,1,0,0,0,0,0,0,1,0,0,0,0,0,0,-1,0,0,0,-1,1,0,0,0,0,0,0,0,0,0,0,0,0,0,0,0,0,0,0","0.010634396773010634,0.010634396773010634,0.010634396773010634,0.07590759075907591,0,0,0,0.010634396773010634,0.010634396773010634,0.010634396773010634,0.010634396773010634,0,0.010634396773010634,0.010634396773010634,0.010634396773010634,0.09020902090209021,0.010634396773010634,0.08177484415108177,0,0.010634396773010634,0.07590759075907591,0.010634396773010634,0.010634396773010634,0.08764209754308765,0.010634396773010634,0,0.010634396773010634,0.010634396773010634,0.010634396773010634,0,0,0.010634396773010634,0.010634396773010634,0.010634396773010634,0.010634396773010634,0.010634396773010634,0.010634396773010634,0.010634396773010634,0.07847451411807847,0.0748074807480748,0.010634396773010634,0.010634396773010634,0.010634396773010634,0.08434176751008435,0.010634396773010634,0.010634396773010634,0.010634396773010634,0.010634396773010634,0.010634396773010634",-1
"0,0,0,0,-1,-1,1,0,0,0,0,1,0,0,0,-1,0,0,1,0,0,0,0,0,0,-1,0,0,0,-1,1,0,0,0,0,0,0,0,0,0,0,0,0,0,0,0,0,0,0","0.0022172949002217295,0.0022172949002217295,0.038063562453806356,0.30450849963045085,0,0,0,0.0022172949002217295,0.038802660753880266,0.0022172949002217295,0.03917220990391722,0,0.06171470805617147,0.04212860310421286,0.0022172949002217295,0,0.0022172949002217295,0.0022172949002217295,0,0.03215077605321508,0.031781226903178125,0.036585365853658534,0.032520325203252036,0.041019955654102,0.0022172949002217295,0,0.0022172949002217295,0.03621581670362158,0.0022172949002217295,0,0,0.03954175905395418,0.0022172949002217295,0.0022172949002217295,0.0022172949002217295,0.037324464153732445,0.0022172949002217295,0.0022172949002217295,0.0336289726533629,0.0022172949002217295,0.0022172949002217295,0.03215077605321508,0.035846267553584624,0.0022172949002217295,0.038063562453806356,0.0022172949002217295,0.0022172949002217295,0.0022172949002217295,0.0022172949002217295",1
"0,0,0,1,-1,-1,1,0,0,0,0,1,0,0,0,-1,0,0,1,0,0,0,0,0,0,-1,0,0,0,-1,1,0,0,0,0,0,0,0,0,0,0,0,0,0,0,0,0,0,0","0.01704718417047184,0.019178082191780823,0.019178082191780823,0,0,0,0,0.0213089802130898,0.01704718417047184,0.024961948249619482,0.026788432267884323,0,0.02313546423135464,0.028614916286149164,0.019178082191780823,0,0.045357686453576865,0.026788432267884323,0,0.01704718417047184,0.02313546423135464,0.019178082191780823,0.0213089802130898,0.18082191780821918,0.026788432267884323,0,0.028614916286149164,0.019178082191780823,0.019178082191780823,0,0,0.019178082191780823,0.01704718417047184,0.024961948249619482,0.01704718417047184,0.01704718417047184,0.026788432267884323,0.026788432267884323,0.01704718417047184,0.01704718417047184,0.019178082191780823,0.01704718417047184,0.0213089802130898,0.01704718417047184,0.01704718417047184,0.01704718417047184,0.01704718417047184,0.01704718417047184,0.030441400304414",-1
"0,0,0,1,-1,-1,1,0,0,0,0,1,0,0,0,-1,0,0,1,0,0,0,0,-1,0,-1,0,0,0,-1,1,0,0,0,0,0,0,0,0,0,0,0,0,0,0,0,0,0,0","0.016034031413612565,0.0013089005235602095,0.0013089005235602095,0,0,0,0,0.0013089005235602095,0.0013089005235602095,0.0013089005235602095,0.01963350785340314,0,0.0013089005235602095,0.0013089005235602095,0.0013089005235602095,0,0.0013089005235602095,0.016361256544502618,0,0.01799738219895288,0.018651832460732983,0.01832460732984293,0.0013089005235602095,0,0.7778141361256544,0,0.027814136125654452,0.0013089005235602095,0.0013089005235602095,0,0,0.016361256544502618,0.0013089005235602095,0.0013089005235602095,0.0013089005235602095,0.0013089005235602095,0.0013089005235602095,0.0013089005235602095,0.0013089005235602095,0.01930628272251309,0.0013089005235602095,0.0013089005235602095,0.0013089005235602095,0.0013089005235602095,0.016361256544502618,0.0013089005235602095,0.0013089005235602095,0.0013089005235602095,0.0013089005235602095",1
"0,0,0,1,-1,-1,1,0,0,0,0,1,0,0,0,-1,0,0,1,0,0,0,0,-1,1,-1,0,0,0,-1,1,0,0,0,0,0,0,0,0,0,0,0,0,0,0,0,0,0,0","0.026446280991735537,0.028512396694214875,0.026446280991735537,0,0,0,0,0.026446280991735537,0.026446280991735537,0.028512396694214875,0.026239669421487602,0,0.028512396694214875,0.026446280991735537,0.026446280991735537,0,0.026239669421487602,0.028512396694214875,0,0.028512396694214875,0.028512396694214875,0.026446280991735537,0.026239669421487602,0,0,0,0.026446280991735537,0.026446280991735537,0.026446280991735537,0,0,0.028512396694214875,0.026446280991735537,0.026446280991735537,0.026239669421487602,0.026446280991735537,0.028512396694214875,0.026446280991735537,0.026446280991735537,0.026446280991735537,0.026239669421487602,0.026446280991735537,0.026446280991735537,0.026446280991735537,0.026239669421487602,0.028512396694214875,0.028512396694214875,0.026446280991735537,0.028512396694214875",-1
"0,-1,0,1,-1,-1,1,0,0,0,0,1,0,0,0,-1,0,0,1,0,0,0,0,-1,1,-1,0,0,0,-1,1,0,0,0,0,0,0,0,0,0,0,0,0,0,0,0,0,0,0","0.01921598770176787,0,0.016910069177555727,0,0,0,0,0.021137586471944657,0.027671022290545733,0.027286702536510377,0.05803228285933897,0,0.05803228285933897,0.05803228285933897,0.023059185242121444,0,0.027286702536510377,0.027286702536510377,0,0.05803228285933897,0.02382782475019216,0.021906225980015372,0.0011529592621060721,0,0,0,0.027671022290545733,0.017678708685626442,0.027286702536510377,0,0,0.027286702536510377,0.02382782475019216,0.028055342044581093,0.02421214450422752,0.027671022290545733,0.028055342044581093,0.025749423520368946,0.027286702536510377,0.027286702536510377,0.021521906225980016,0.021137586471944657,0.027286702536510377,0.027671022290545733,0.028055342044581093,0.017294388931591083,0.027286702536510377,0.027286702536510377,0.021521906225980016",1
"0,-1,0,1,-1,-1,1,0,0,0,1,1,0,0,0,-1,0,0,1,0,0,0,0,-1,1,-1,0,0,0,-1,1,0,0,0,0,0,0,0,0,0,0,0,0,0,0,0,0,0,0","0.028287461773700305,0,0.028287461773700305,0,0,0,0,0.028669724770642203,0.028287461773700305,0.028669724770642203,0,0,0.028287461773700305,0.028287461773700305,0.028287461773700305,0,0.028669724770642203,0.028287461773700305,0,0.028669724770642203,0.028669724770642203,0.028287461773700305,0.028287461773700305,0,0,0,0.028669724770642203,0.028287461773700305,0.028287461773700305,0,0,0.028669724770642203,0.028669724770642203,0.028287461773700305,0.028669724770642203,0.028669724770642203,0.03172782874617737,0.028669724770642203,0.028669724770642203,0.028287461773700305,0.028287461773700305,0.028669724770642203,0.028669724770642203,0.028287461773700305,0.028669724770642203,0.028669724770642203,0.028287461773700305,0.028287461773700305,0.028669724770642203",-1
"0,-1,0,1,-1,-1,1,0,0,0,1,1,0,0,0,-1,0,0,1,0,0,0,0,-1,1,-1,0,0,0,-1,1,0,0,0,0,0,-1,0,0,0,0,0,0,0,0,0,0,0,0","0.02706943899568458,0,0.02157708905453119,0,0,0,0,0.04315417810906238,0.04315417810906238,0.04315417810906238,0,0,0.0011769321302471558,0.025107885445272655,0.026677128285602196,0,0.026677128285602196,0.02157708905453119,0,0.02157708905453119,0.021184778344448804,0.02157708905453119,0.02706943899568458,0,0,0,0.04315417810906238,0.026677128285602196,0.02706943899568458,0,0,0.04315417810906238,0.02550019615535504,0.02706943899568458,0.026677128285602196,0.04315417810906238,0,0.04315417810906238,0.026677128285602196,0.04315417810906238,0.02706943899568458,0.02706943899568458,0.026677128285602196,0.04315417810906238,0.02706943899568458,0.021969399764613574,0.02706943899568458,0.02706943899568458,0.026677128285602196",1
"0,-1,0,1,-1,-1,1,1,0,0,1,1,0,0,0,-1,0,0,1,0,0,0,0,-1,1,-1,0,0,0,-1,1,0,0,0,0,0,-1,0,0,0,0,0,0,0,0,0,0,0,0","0.02522312766783081,0,0.02522312766783081,0,0,0,0,0,0.033760186263096625,0.028327512611563833,0,0,0.028327512611563833,0.028327512611563833,0.028327512611563833,0,0.028327512611563833,0.028327512611563833,0,0.033760186263096625,0.02522312766783081,0.02522312766783081,0.02522312766783081,0,0,0,0.03104384943733023,0.02522312766783081,0.03647652308886302,0,0,0.05587892898719441,0.03647652308886302,0.028327512611563833,0.028327512611563833,0.03104384943733023,0,0.033760186263096625,0.028327512611563833,0.03104384943733023,0.03647652308886302,0.028327512611563833,0.03104384943733023,0.028327512611563833,0.028327512611563833,0.03647652308886302,0.02522312766783081,0.02522312766783081,0.03104384943733023",-1
"0,-1,0,1,-1,-1,1,1,0,0,1,1,0,0,0,-1,0,0,1,0,0,0,0,-1,1,-1,0,0,0,-1,1,-1,0,0,0,0,-1,0,0,0,0,0,0,0,0,0,0,0,0","0.027947932618683002,0,0.0015313935681470138,0,0,0,0,0,0.0015313935681470138,0.01914241960183767,0,0,0.0015313935681470138,0.01914241960183767,0.02679938744257274,0,0.0015313935681470138,0.0015313935681470138,0,0.0015313935681470138,0.02450229709035222,0.0015313935681470138,0.0015313935681470138,0,0,0,0.26837672281776415,0.02450229709035222,0.027182235834609495,0,0,0,0.021822358346094948,0.024119448698315466,0.0015313935681470138,0.026033690658499236,0,0.26837672281776415,0.02679938744257274,0.02526799387442573,0.02526799387442573,0.0015313935681470138,0.024119448698315466,0.0015313935681470138,0.024885145482388973,0.027947932618683002,0.022970903522205207,0.0015313935681470138,0.026416539050535988",1
"0,-1,0,1,-1,-1,1,1,0,0,1,1,0,0,0,-1,0,0,1,0,0,0,0,-1,1,-1,1,0,0,-1,1,-1,0,0,0,0,-1,0,0,0,0,0,0,0,0,0,0,0,0","0.02965299684542587,0,0.02965299684542587,0,0,0,0,0,0.02965299684542587,0.02996845425867508,0,0,0.02965299684542587,0.03533123028391167,0.02965299684542587,0,0.02996845425867508,0.02965299684542587,0,0.038170347003154574,0.032807570977917984,0.02965299684542587,0.02965299684542587,0,0,0,0,0.02996845425867508,0.03533123028391167,0,0,0,0.05993690851735016,0.032807570977917984,0.02965299684542587,0.02965299684542587,0,0.032807570977917984,0.02965299684542587,0.043217665615141954,0.02965299684542587,0.032807570977917984,0.02965299684542587,0.02965299684542587,0.032807570977917984,0.02996845425867508,0.02965299684542587,0.02965299684542587,0.02965299684542587",-1
"0,-1,0,1,-1,-1,1,1,0,0,1,1,0,0,0,-1,0,0,1,0,0,0,0,-1,1,-1,1,0,0,-1,1,-1,-1,0,0,0,-1,0,0,0,0,0,0,0,0,0,0,0,0","0.02556390977443609,0,0.022556390977443608,0,0,0,0,0,0.0015037593984962407,0.0015037593984962407,0,0,0.0015037593984962407,0.0015037593984962407,0.02406015037593985,0,0.0015037593984962407,0.0015037593984962407,0,0.02481203007518797,0.0015037593984962407,0.0015037593984962407,0.02218045112781955,0,0,0,0,0.0015037593984962407,0.02518796992481203,0,0,0,0,0.21203007518796993,0.0015037593984962407,0.0015037593984962407,0,0.212406015037594,0.02443609022556391,0.021052631578947368,0.02518796992481203,0.0015037593984962407,0.02293233082706767,0.02368421052631579,0.020676691729323307,0.02368421052631579,0.212406015037594,0.014285714285714285,0.02481203007518797",1
"0,-1,0,1,-1,-1,1,1,0,0,1,1,0,0,0,-1,0,0,1,0,0,0,0,-1,1,-1,1,0,0,-1,1,-1,-1,0,0,0,-1,1,0,0,0,0,0,0,0,0,0,0,0","0.03458498023715415,0,0.03458498023715415,0,0,0,0,0,0.03458498023715415,0.034255599472990776,0,0,0.03458498023715415,0.03458498023715415,0.03458498023715415,0,0.03458498023715415,0.03458498023715415,0,0.03458498023715415,0.034255599472990776,0.034255599472990776,0.03458498023715415,0,0,0,0,0.034255599472990776,0.034255599472990776,0,0,0,0,0.034255599472990776,0.03458498023715415,0.03458498023715415,0,0,0.034255599472990776,0.03458498023715415,0.03458498023715415,0.03458498023715415,0.03458498023715415,0.034255599472990776,0.03458498023715415,0.034255599472990776,0.03458498023715415,0.03458498023715415,0.03458498023715415",-1
"-1,-1,0,1,-1,-1,1,1,0,0,1,1,0,0,0,-1,0,0,1,0,0,0,0,-1,1,-1,1,0,0,-1,1,-1,-1,0,0,0,-1,1,0,0,0,0,0,0,0,0,0,0,0","0,0,0.03647652308886302,0,0,0,0,0,0.02211874272409779,0.03608847497089639,0,0,0.03647652308886302,0.03608847497089639,0.03608847497089639,0,0.03608847497089639,0.03608847497089639,0,0.03647652308886302,0.03608847497089639,0.03608847497089639,0.03608847497089639,0,0,0,0,0.03647652308886302,0.03608847497089639,0,0,0,0,0.03647652308886302,0.03608847497089639,0.03608847497089639,0,0,0.03608847497089639,0.03608847497089639,0.03608847497089639,0.03608847497089639,0.03647652308886302,0.03647652308886302,0.03608847497089639,0.03647652308886302,0.03608847497089639,0.03647652308886302,0.03608847497089639",1
"-1,-1,1,1,-1,-1,1,1,0,0,1,1,0,0,0,-1,0,0,1,0,0,0,0,-1,1,-1,1,0,0,-1,1,-1,-1,0,0,0,-1,1,0,0,0,0,0,0,0,0,0,0,0","0,0,0,0,0,0,0,0,0.036618620958317104,0.036618620958317104,0,0,0.03700818075574601,0.036618620958317104,0.03700818075574601,0,0.03700818075574601,0.03700818075574601,0,0.03700818075574601,0.036618620958317104,0.03700818075574601,0.03700818075574601,0,0,0,0,0.036618620958317104,0.03700818075574601,0,0,0,0,0.03700818075574601,0.03700818075574601,0.03700818075574601,0,0,0.03700818075574601,0.03700818075574601,0.03700818075574601,0.03700818075574601,0.036618620958317104,0.04051421893260616,0.03700818075574601,0.036618620958317104,0.03700818075574601,0.03700818075574601,0.03700818075574601",-1
"-1,-1,1,1,-1,-1,1,1,0,0,1,1,0,0,0,-1,0,0,1,0,0,0,0,-1,1,-1,1,0,0,-1,1,-1,-1,0,0,0,-1,1,0,0,0,0,0,-1,0,0,0,0,0","0,0,0,0,0,0,0,0,0.0011636927851047323,0.021334367726920093,0,0,0.022110162916989914,0.021722265321955005,0.021334367726920093,0,0.021334367726920093,0.11326609775019394,0,0.021334367726920093,0.02094647013188518,0.11326609775019394,0.021334367726920093,0,0,0,0,0.021334367726920093,0.022110162916989914,0,0,0,0,0.021334367726920093,0.021334367726920093,0.021722265321955005,0,0,0.021722265321955005,0.11326609775019394,0.11326609775019394,0.022110162916989914,0.021722265321955005,0,0.11365399534522885,0.022110162916989914,0.021722265321955005,0.021722265321955005,0.021722265321955005",1
"0,0,0,0,0,0,0,0,0,0,0,0,0,0,0,0,0,0,0,0,0,0,0,0,0,0,0,0,0,0,0,0,0,0,0,0,0,0,0,0,0,0,0,0,0,0,0,0,0","0.022031823745410038,0.0012239902080783353,0.022031823745410038,0.026519787841697267,0.02447980416156671,0.0012239902080783353,0.021215830273357814,0.0012239902080783353,0.022439820481436147,0.022439820481436147,0.026111791105671155,0.02529579763361893,0.02284781721746226,0.021215830273357814,0.02284781721746226,0.022439820481436147,0.022439820481436147,0.02284781721746226,0.026519787841697267,0.021623827009383926,0.022031823745410038,0.02039983680130559,0.021215830273357814,0.022439820481436147,0.021215830273357814,0.022439820481436147,0.0012239902080783353,0.0208078335373317,0.022439820481436147,0.023255813953488372,0.02039983680130559,0.0208078335373317,0.022439820481436147,0.022031823745410038,0.02284781721746226,0.024071807425540596,0.022439820481436147,0.022031823745410038,0.02039983680130559,0.02284781721746226,0.022439820481436147,0.022439820481436147,0.022439820481436147,0.022439820481436147,0.026519787841697267,0.0208078335373317,0.0012239902080783353,0.02284781721746226,0.022031823745410038",1
"0,0,0,1,0,0,0,0,0,0,0,0,0,0,0,0,0,0,0,0,0,0,0,0,0,0,0,0,0,0,0,0,0,0,0,0,0,0,0,0,0,0,0,0,0,0,0,0,0","0.014700039729837107,0.014700039729837107,0.11323003575685339,0,0.014700039729837107,0.014700039729837107,0.014700039729837107,0.014700039729837107,0.014700039729837107,0.014700039729837107,0.014700039729837107,0.014700039729837107,0.014700039729837107,0.014700039729837107,0.014700039729837107,0.014700039729837107,0.014700039729837107,0.014700039729837107,0.014700039729837107,0.014700039729837107,0.014700039729837107,0.014700039729837107,0.014700039729837107,0.10766785856177989,0.014700039729837107,0.014700039729837107,0.014700039729837107,0.014700039729837107,0.014700039729837107,0.11760031783869686,0.014700039729837107,0.014700039729837107,0.014700039729837107,0.014700039729837107,0.014700039729837107,0.014700039729837107,0.014700039729837107,0.014700039729837107,0.014700039729837107,0.014700039729837107,0.014700039729837107,0.014700039729837107,0.014700039729837107,0.014700039729837107,0.014700039729837107,0.014700039729837107,0.014700039729837107,0.014700039729837107,0.014700039729837107",-1
"0,0,0,1,0,0,0,0,0,0,0,0,0,0,0,0,0,0,0,0,0,0,0,0,0,0,0,0,0,-1,0,0,0,0,0,0,0,0,0,0,0,0,0,0,0,0,0,0,0","0.032739177882866496,0.0018188432157148053,0.034558021098581304,0,0.031647871953437615,0.0018188432157148053,0.03419425245543834,0.035649327028010186,0.0018188432157148053,0.0018188432157148053,0.0018188432157148053,0.03201164059658058,0.037468170243724994,0.030920334667151692,0.032375409239723534,0.0018188432157148053,0.03601309567115315,0.035649327028010186,0.03710440160058203,0.029101491451436885,0.02691887959257912,0.039287013459439794,0.0018188432157148053,0.03492178974172426,0.037468170243724994,0.03528555838486722,0.0018188432157148053,0.0018188432157148053,0.031647871953437615,0,0.0018188432157148053,0.0018188432157148053,0.03601309567115315,0.0018188432157148053,0.0018188432157148053,0.03201164059658058,0.03492178974172426,0.0018188432157148053,0.03492178974172426,0.0018188432157148053,0.0018188432157148053,0.032739177882866496,0.03674063295743907,0.02728264823572208,0.026555110949436158,0.02728264823572208,0.0018188432157148053,0.03383048381229538,0.0018188432157148053",1
"0,0,0,1,0,0,0,0,0,0,0,0,0,0,0,0,0,0,0,0,0,1,0,0,0,0,0,0,0,-1,0,0,0,0,0,0,0,0,0,0,0,0,0,0,0,0,0,0,0","0.09484777517564402,0.01053864168618267,0.01053864168618267,0,0.01053864168618267,0.01053864168618267,0.01053864168618267,0.01053864168618267,0.01053864168618267,0.01053864168618267,0.01053864168618267,0.01053864168618267,0.01053864168618267,0.01053864168618267,0.01053864168618267,0.01053864168618267,0.01053864168618267,0.10070257611241218,0.01053864168618267,0.01053864168618267,0.09718969555035128,0,0.01053864168618267,0.01053864168618267,0.01053864168618267,0.01053864168618267,0.01053864168618267,0.01053864168618267,0.01053864168618267,0,0.01053864168618267,0.01053864168618267,0.01053864168618267,0.09133489461358314,0.01053864168618267,0.01053864168618267,0.01053864168618267,0.01053864168618267,0.01053864168618267,0.01053864168618267,0.01053864168618267,0.01053864168618267,0.01053864168618267,0.01053864168618267,0.01053864168618267,0.09718969555035128,0.09718969555035128,0.01053864168618267,0.01053864168618267",-1
"0,0,0,1,0,0,0,0,0,0,0,0,0,0,0,0,0,-1,0,0,0,1,0,0,0,0,0,0,0,-1,0,0,0,0,0,0,0,0,0,0,0,0,0,0,0,0,0,0,0","0.043494286767416145,0.002948765204570586,0.042388499815702176,0,0.04312569111684482,0.002948765204570586,0.049391817176557315,0.002948765204570586,0.04017692591227424,0.002948765204570586,0.002948765204570586,0.05307777368227055,0.002948765204570586,0.002948765204570586,0.03943973461113159,0.002948765204570586,0.0475488389237007,0,0.002948765204570586,0.002948765204570586,0.002948765204570586,0,0.002948765204570586,0.041651308514559525,0.05270917803169923,0.002948765204570586,0.04791743457427202,0.045337265020272764,0.049391817176557315,0,0.002948765204570586,0.002948765204570586,0.0475488389237007,0.002948765204570586,0.040545521562845556,0.002948765204570586,0.002948765204570586,0.03943973461113159,0.002948765204570586,0.044600073719130114,0.037596756358274974,0.002948765204570586,0.002948765204570586,0.002948765204570586,0.03612237375598968,0.002948765204570586,0.043494286767416145,0.04423147806855879,0.002948765204570586",1
"0,0,0,1,0,0,0,0,0,0,0,1,0,0,0,0,0,-1,0,0,0,1,0,0,0,0,0,0,0,-1,0,0,0,0,0,0,0,0,0,0,0,0,0,0,0,0,0,0,0","0.010769230769230769,0.010769230769230769,0.010769230769230769,0,0.010384615384615384,0.010384615384615384,0.010384615384615384,0.010769230769230769,0.010384615384615384,0.010384615384615384,0.07807692307692307,0,0.010769230769230769,0.010769230769230769,0.010384615384615384,0.13615384615384615,0.010384615384615384,0,0.09461538461538462,0.010769230769230769,0.010769230769230769,0,0.010769230769230769,0.010384615384615384,0.010384615384615384,0.09807692307692308,0.010384615384615384,0.010384615384615384,0.010769230769230769,0,0.010769230769230769,0.010769230769230769,0.010769230769230769,0.010384615384615384,0.010769230769230769,0.10038461538461538,0.09,0.010769230769230769,0.010384615384615384,0.010769230769230769,0.010384615384615384,0.010384615384615384,0.010384615384615384,0.010769230769230769,0.010769230769230769,0.010769230769230769,0.010769230769230769,0.010384615384615384,0.010769230769230769",-1
"0,0,0,1,0,0,0,0,0,0,0,1,0,0,0,-1,0,-1,0,0,0,1,0,0,0,0,0,0,0,-1,0,0,0,0,0,0,0,0,0,0,0,0,0,0,0,0,0,0,0","0.005336179295624333,0.005336179295624333,0.05478477410174315,0,0.05300604766986838,0.005336179295624333,0.005336179295624333,0.005336179295624333,0.05300604766986838,0.005336179295624333,0.005336179295624333,0,0.06545713269299182,0.005336179295624333,0.05300604766986838,0,0.005336179295624333,0,0.10530060476698684,0.05940946282461757,0.005336179295624333,0,0.005336179295624333,0.005336179295624333,0.06616862326574173,0.005336179295624333,0.005336179295624333,0.005336179295624333,0.005336179295624333,0,0.06688011383849164,0.005336179295624333,0.060832443970117396,0.005336179295624333,0.005336179295624333,0.005336179295624333,0.005336179295624333,0.005336179295624333,0.005336179295624333,0.056207755247242974,0.005336179295624333,0.04909284951974386,0.005336179295624333,0.04909284951974386,0.05300604766986838,0.005336179295624333,0.005336179295624333,0.005336179295624333,0.005336179295624333",1
"0,0,0,1,0,0,0,0,0,0,0,1,0,0,0,-1,0,-1,1,0,0,1,0,0,0,0,0,0,0,-1,0,0,0,0,0,0,0,0,0,0,0,0,0,0,0,0,0,0,0","0.008714596949891068,0.008714596949891068,0.008714596949891068,0,0.008714596949891068,0.008714596949891068,0.008714596949891068,0.008714596949891068,0.06717501815541031,0.008714596949891068,0.008714596949891068,0,0.008714596949891068,0.06608569353667393,0.008714596949891068,0,0.008714596949891068,0,0,0.008714596949891068,0.008714596949891068,0,0.008714596949891068,0.008714596949891068,0.008714596949891068,0.46332607116920843,0.008714596949891068,0.008714596949891068,0.008714596949891068,0,0.008714596949891068,0.008714596949891068,0.008714596949891068,0.008714596949891068,0.008714596949891068,0.008714596949891068,0.008714596949891068,0.008714596949891068,0.008714596949891068,0.008714596949891068,0.008714596949891068,0.008714596949891068,0.07225853304284677,0.008714596949891068,0.008714596949891068,0.008714596949891068,0.008714596949891068,0.008714596949891068,0.008714596949891068",-1
"0,0,0,1,0,0,0,0,0,0,0,1,0,0,0,-1,0,-1,1,0,0,1,0,0,0,-1,0,0,0,-1,0,0,0,0,0,0,0,0,0,0,0,0,0,0,0,0,0,0,0","0.0029451137884872825,0.0029451137884872825,0.0029451137884872825,0,0.0029451137884872825,0.0029451137884872825,0.02677376171352075,0.0029451137884872825,0.0029451137884872825,0.0029451137884872825,0.0029451137884872825,0,0.0029451137884872825,0.0029451137884872825,0.0029451137884872825,0,0.0029451137884872825,0,0,0.0029451137884872825,0.0029451137884872825,0,0.0029451137884872825,0.0029451137884872825,0.03614457831325301,0,0.7424364123159304,0.0029451137884872825,0.0029451137884872825,0,0.05836680053547524,0.0029451137884872825,0.0029451137884872825,0.0029451137884872825,0.0029451137884872825,0.0029451137884872825,0.0029451137884872825,0.0029451137884872825,0.0029451137884872825,0.0029451137884872825,0.0029451137884872825,0.0029451137884872825,0.0029451137884872825,0.0029451137884872825,0.030254350736278447,0.0029451137884872825,0.0029451137884872825,0.0029451137884872825,0.0029451137884872825",1
"0,0,0,1,0,0,0,0,0,0,0,1,0,0,0,-1,0,-1,1,0,0,1,0,0,0,-1,1,0,0,-1,0,0,0,0,0,0,0,0,0,0,0,0,0,0,0,0,0,0,0","0.008981463787502388,0.011083508503726351,0.01012803363271546,0,0.01012803363271546,0.01012803363271546,0.012230078348939423,0.011083508503726351,0.008981463787502388,0.01012803363271546,0.013185553219950316,0,0.011083508503726351,0.015287597936174279,0.008981463787502388,0,0.015287597936174279,0,0,0.5715650678387159,0.008981463787502388,0,0.008981463787502388,0.01012803363271546,0.008981463787502388,0,0,0.008981463787502388,0.01012803363271546,0,0.008981463787502388,0.01624307280718517,0.02770877125931588,0.008981463787502388,0.01012803363271546,0.008981463787502388,0.008981463787502388,0.008981463787502388,0.008981463787502388,0.012230078348939423,0.011083508503726351,0.008981463787502388,0.01012803363271546,0.008981463787502388,0.011083508503726351,0.008981463787502388,0.008981463787502388,0.018154022549206957,0.008981463787502388",-1
"0,0,0,1,0,0,0,0,0,0,0,1,0,0,0,-1,0,-1,1,-1,0,1,0,0,0,-1,1,0,0,-1,0,0,0,0,0,0,0,0,0,0,0,0,0,0,0,0,0,0,0","0.001834189288334556,0.001834189288334556,0.001834189288334556,0,0.001834189288334556,0.001834189288334556,0.001834189288334556,0.001834189288334556,0.001834189288334556,0.001834189288334556,0.020359501100513572,0,0.001834189288334556,0.001834189288334556,0.001834189288334556,0,0.001834189288334556,0,0,0,0.001834189288334556,0,0.001834189288334556,0.001834189288334556,0.02347762289068232,0,0,0.001834189288334556,0.001834189288334556,0,0.8549156272927366,0.001834189288334556,0.001834189288334556,0.001834189288334556,0.001834189288334556,0.001834189288334556,0.001834189288334556,0.001834189288334556,0.001834189288334556,0.019809244314013204,0.001834189288334556,0.001834189288334556,0.001834189288334556,0.001834189288334556,0.001834189288334556,0.001834189288334556,0.001834189288334556,0.001834189288334556,0.019075568598679385",1
"0,0,0,1,0,0,0,0,0,0,0,1,0,0,0,-1,0,-1,1,-1,0,1,0,0,0,-1,1,0,0,-1,1,0,0,0,0,0,0,0,0,0,0,0,0,0,0,0,0,0,0","0.015021760494173803,0.015021760494173803,0.016987224484065703,0,0.012775515934297347,0.05082128316720483,0.012775515934297347,0.0189526884739576,0.015021760494173803,0.023585567878702793,0.016004492489119754,0,0.015021760494173803,0.016004492489119754,0.012775515934297347,0,0.33791941597641445,0,0,0,0.011652393654359118,0,0.015021760494173803,0.03313210725817774,0.015021760494173803,0,0,0.016004492489119754,0.015021760494173803,0,0,0.012775515934297347,0.013898638214235575,0.012775515934297347,0.06907202021620104,0.016987224484065703,0.011652393654359118,0.015021760494173803,0.015021760494173803,0.011652393654359118,0.013898638214235575,0.012775515934297347,0.013898638214235575,0.015021760494173803,0.015021760494173803,0.016987224484065703,0.015021760494173803,0.015021760494173803,0.0189526884739576",-1
"0,0,0,1,0,0,0,0,0,0,0,1,0,0,0,-1,-1,-1,1,-1,0,1,0,0,0,-1,1,0,0,-1,1,0,0,0,0,0,0,0,0,0,0,0,0,0,0,0,0,0,0","0.0162217659137577,0.017453798767967144,0.001026694045174538,0,0.001026694045174538,0.015605749486652977,0.001026694045174538,0.001026694045174538,0.016016427104722793,0.017453798767967144,0.001026694045174538,0,0.001026694045174538,0.001026694045174538,0.001026694045174538,0,0,0,0,0,0.014168377823408624,0,0.016632443531827516,0.016016427104722793,0.8123203285420945,0,0,0.001026694045174538,0.001026694045174538,0,0,0.001026694045174538,0.001026694045174538,0.001026694045174538,0.001026694045174538,0.001026694045174538,0.001026694045174538,0.001026694045174538,0.001026694045174538,0.001026694045174538,0.001026694045174538,0.001026694045174538,0.001026694045174538,0.015195071868583163,0.0162217659137577,0.001026694045174538,0.001026694045174538,0.001026694045174538,0.001026694045174538",1
"0,0,0,1,0,0,0,0,0,0,0,1,0,0,0,-1,-1,-1,1,-1,0,1,0,0,1,-1,1,0,0,-1,1,0,0,0,0,0,0,0,0,0,0,0,0,0,0,0,0,0,0","0.025233644859813085,0.025077881619937695,0.025077881619937695,0,0.035358255451713394,0.02866043613707165,0.025077881619937695,0.025077881619937695,0.025233644859813085,0.025077881619937695,0.10124610591900311,0,0.025077881619937695,0.025233644859813085,0.025233644859813085,0,0,0,0,0,0.025233644859813085,0,0.025077881619937695,0.025077881619937695,0,0,0,0.025077881619937695,0.025233644859813085,0,0,0.025077881619937695,0.025077881619937695,0.025233644859813085,0.025077881619937695,0.02694704049844237,0.025233644859813085,0.025233644859813085,0.025077881619937695,0.025077881619937695,0.025077881619937695,0.025077881619937695,0.025233644859813085,0.025077881619937695,0.025077881619937695,0.025077881619937695,0.025077881619937695,0.02866043613707165,0.025233644859813085",-1
"0,0,0,1,0,0,0,0,0,0,-1,1,0,0,0,-1,-1,-1,1,-1,0,1,0,0,1,-1,1,0,0,-1,1,0,0,0,0,0,0,0,0,0,0,0,0,0,0,0,0,0,0","0.02375601926163724,0.063884430176565,0.023434991974317816,0,0.06420545746388442,0.023434991974317816,0.023113964686998396,0.06420545746388442,0.02375601926163724,0.063884430176565,0,0,0.06420545746388442,0.02375601926163724,0.0009630818619582664,0,0,0,0,0,0.06420545746388442,0,0.02375601926163724,0.02375601926163724,0,0,0,0.0009630818619582664,0.06420545746388442,0,0,0.02375601926163724,0.0009630818619582664,0.06420545746388442,0.0009630818619582664,0.022792937399678973,0.0009630818619582664,0.0009630818619582664,0.0009630818619582664,0.021508828250401284,0.02247191011235955,0.06420545746388442,0.063884430176565,0.0009630818619582664,0.02375601926163724,0.02375601926163724,0.0009630818619582664,0.02247191011235955,0.0009630818619582664",1
"0,0,0,1,1,0,0,0,0,0,-1,1,0,0,0,-1,-1,-1,1,-1,0,1,0,0,1,-1,1,0,0,-1,1,0,0,0,0,0,0,0,0,0,0,0,0,0,0,0,0,0,0","0.0277569392348087,0.0277569392348087,0.02738184546136534,0,0,0.02738184546136534,0.0277569392348087,0.03075768942235559,0.0277569392348087,0.03075768942235559,0,0,0.0277569392348087,0.03075768942235559,0.0277569392348087,0,0,0,0,0,0.0277569392348087,0,0.0277569392348087,0.03075768942235559,0,0,0,0.0277569392348087,0.0277569392348087,0,0,0.03338334583645911,0.03075768942235559,0.0277569392348087,0.0277569392348087,0.03075768942235559,0.0277569392348087,0.0277569392348087,0.03900975243810953,0.04426106526631658,0.0277569392348087,0.0277569392348087,0.0277569392348087,0.0277569392348087,0.0277569392348087,0.0277569392348087,0.0277569392348087,0.03338334583645911,0.0277569392348087",-1
"0,0,0,1,1,0,0,0,0,0,-1,1,0,0,0,-1,-1,-1,1,-1,0,1,0,0,1,-1,1,0,0,-1,1,0,0,0,0,0,0,0,0,-1,0,0,0,0,0,0,0,0,0","0.026692456479690523,0.026692456479690523,0.0011605415860735009,0,0,0.02630560928433269,0.026692456479690523,0.025918762088974853,0.0011605415860735009,0.02630560928433269,0,0,0.061895551257253385,0.0011605415860735009,0.0011605415860735009,0,0,0,0,0,0.02630560928433269,0,0.026692456479690523,0.02630560928433269,0,0,0,0.026692456479690523,0.025918762088974853,0,0,0.06150870406189555,0.026692456479690523,0.0011605415860735009,0.025918762088974853,0.02553191489361702,0.026692456479690523,0.025918762088974853,0.061895551257253385,0,0.06150870406189555,0.026692456479690523,0.06150870406189555,0.06150870406189555,0.06150870406189555,0.06150870406189555,0.025918762088974853,0.02630560928433269,0.0011605415860735009",1
"0,0,0,1,1,0,0,0,0,0,-1,1,1,0,0,-1,-1,-1,1,-1,0,1,0,0,1,-1,1,0,0,-1,1,0,0,0,0,0,0,0,0,-1,0,0,0,0,0,0,0,0,0","0.030060882800608826,0.027016742770167426,0.0563165905631659,0,0,0.027016742770167426,0.027016742770167426,0.030060882800608826,0.033105022831050226,0.030060882800608826,0,0,0,0.030060882800608826,0.027016742770167426,0,0,0,0,0,0.027016742770167426,0,0.027016742770167426,0.03576864535768645,0,0,0,0.030060882800608826,0.027016742770167426,0,0,0.030060882800608826,0.030060882800608826,0.030060882800608826,0.027016742770167426,0.030060882800608826,0.030060882800608826,0.027016742770167426,0.0273972602739726,0,0.030060882800608826,0.033105022831050226,0.033105022831050226,0.06316590563165905,0.033105022831050226,0.027016742770167426,0.027016742770167426,0.030060882800608826,0.027016742770167426",-1
"0,0,0,1,1,0,0,0,0,0,-1,1,1,0,0,-1,-1,-1,1,-1,0,1,0,0,1,-1,1,0,0,-1,1,0,0,0,0,0,0,0,0,-1,0,0,0,-1,0,0,0,0,0","0.02314990512333966,0.0015180265654648956,0.0015180265654648956,0,0,0.025806451612903226,0.026185958254269448,0.0015180265654648956,0.02428842504743833,0.023908918406072108,0,0,0,0.023908918406072108,0.0015180265654648956,0,0,0,0,0,0.0015180265654648956,0,0.026185958254269448,0.026185958254269448,0,0,0,0.0015180265654648956,0.022011385199240986,0,0,0.026944971537001896,0.0015180265654648956,0.0015180265654648956,0.026185958254269448,0.0015180265654648956,0.0015180265654648956,0.025426944971537004,0.0015180265654648956,0,0.0015180265654648956,0.024667931688804556,0.026944971537001896,0,0.30056925996204936,0.3009487666034156,0.025426944971537004,0.0015180265654648956,0.0015180265654648956",1
"0,0,0,1,1,0,0,0,0,0,-1,1,1,0,0,-1,-1,-1,1,-1,0,1,0,0,1,-1,1,0,0,-1,1,0,0,0,0,0,0,0,0,-1,0,0,0,-1,0,1,0,0,0","0.03125957707631014,0.03125957707631014,0.03125957707631014,0,0,0.03401777505363163,0.03125957707631014,0.03125957707631014,0.03401777505363163,0.03401777505363163,0,0,0,0.03125957707631014,0.03125957707631014,0,0,0,0,0,0.03125957707631014,0,0.03125957707631014,0.03125957707631014,0,0,0,0.03125957707631014,0.03125957707631014,0,0,0.03677597303095311,0.03125957707631014,0.03125957707631014,0.03125957707631014,0.03401777505363163,0.04198590254367147,0.03125957707631014,0.0661967514557156,0,0.03125957707631014,0.03125957707631014,0.03125957707631014,0,0.03125957707631014,0,0.03125957707631014,0.03125957707631014,0.03125957707631014",-1
"0,0,0,1,1,0,0,0,0,0,-1,1,1,0,0,-1,-1,-1,1,-1,0,1,0,0,1,-1,1,0,0,-1,1,0,0,0,0,0,0,0,-1,-1,0,0,0,-1,0,1,0,0,0","0.024562709341272793,0.00148864905098623,0.00148864905098623,0,0,0.024562709341272793,0.026423520655005583,0.02530703386676591,0.00148864905098623,0.00148864905098623,0,0,0,0.00148864905098623,0.00148864905098623,0,0,0,0,0,0.00148864905098623,0,0.026051358392259024,0.026423520655005583,0,0,0,0.00148864905098623,0.00148864905098623,0,0,0.026051358392259024,0.02381838481577968,0.00148864905098623,0.026051358392259024,0.00148864905098623,0.026423520655005583,0.025679196129512468,0,0,0.00148864905098623,0.025679196129512468,0.026423520655005583,0,0.6200223297357648,0,0.025679196129512468,0.00148864905098623,0.00148864905098623",1
"0,0,0,1,1,0,0,0,0,0,-1,1,1,0,0,-1,-1,-1,1,-1,0,1,0,0,1,-1,1,0,0,-1,1,0,0,0,0,0,0,0,-1,-1,0,0,0,-1,1,1,0,0,0","0.03069115514741421,0.028274528757854037,0.028274528757854037,0,0,0.028274528757854037,0.028274528757854037,0.028274528757854037,0.04809086515224746,0.028274528757854037,0,0,0,0.033107781536974384,0.03069115514741421,0,0,0,0,0,0.03069115514741421,0,0.028274528757854037,0.028274528757854037,0,0,0,0.033107781536974384,0.028274528757854037,0,0,0.028274528757854037,0.028274528757854037,0.028274528757854037,0.028274528757854037,0.028274528757854037,0.1056065732237796,0.05195746737554374,0,0,0.033107781536974384,0.033107781536974384,0.08675688738521024,0,0,0,0.028274528757854037,0.028274528757854037,0.03069115514741421",-1
"0,0,0,1,1,0,0,0,0,0,-1,1,1,0,0,-1,-1,-1,1,-1,0,1,0,0,1,-1,1,0,0,-1,1,0,0,0,0,0,-1,0,-1,-1,0,0,0,-1,1,1,0,0,0","0.0013745704467353953,0.0013745704467353953,0.0013745704467353953,0,0,0.0013745704467353953,0.0013745704467353953,0.021305841924398626,0.021993127147766325,0.0013745704467353953,0,0,0,0.0013745704467353953,0.02027491408934708,0,0,0,0,0,0.0013745704467353953,0,0.0013745704467353953,0.021993127147766325,0,0,0,0.0013745704467353953,0.021649484536082474,0,0,0.0013745704467353953,0.0013745704467353953,0.0013745704467353953,0.0013745704467353953,0.021993127147766325,0,0.7639175257731958,0,0,0.0013745704467353953,0.020618556701030927,0.021305841924398626,0,0,0,0.021993127147766325,0.020962199312714775,0.0013745704467353953",1
"0,0,0,0,0,0,0,0,0,0,0,0,0,0,0,0,0,0,0,0,0,0,0,0,0,0,0,0,0,0,0,0,0,0,0,0,0,0,0,0,0,0,0,0,0,0,0,0,0","0.006527947776417789,0.006527947776417789,0.006527947776417789,0.006527947776417789,0.006527947776417789,0.006527947776417789,0.006527947776417789,0.006527947776417789,0.006527947776417789,0.07711138310893513,0.07507139942880457,0.006527947776417789,0.006527947776417789,0.006527947776417789,0.006527947776417789,0.006527947776417789,0.0762953896368829,0.06976744186046512,0.006527947776417789,0.006527947776417789,0.006527947776417789,0.006527947776417789,0.006527947776417789,0.08078335373317014,0.006527947776417789,0.006527947776417789,0.07507139942880457,0.006527947776417789,0.006527947776417789,0.006527947776417789,0.06405548755609955,0.006527947776417789,0.006527947776417789,0.006527947776417789,0.07058343533251733,0.006527947776417789,0.07874337005303958,0.006527947776417789,0.006527947776417789,0.006527947776417789,0.07792737658098735,0.006527947776417789,0.006527947776417789,0.006527947776417789,0.006527947776417789,0.006527947776417789,0.006527947776417789,0.006527947776417789,0.006527947776417789",-1
"0,0,0,0,0,0,0,0,0,0,0,0,0,0,0,0,0,0,0,0,0,0,0,-1,0,0,0,0,0,0,0,0,0,0,0,0,0,0,0,0,0,0,0,0,0,0,0,0,0","0.0022641509433962265,0.038867924528301886,0.04150943396226415,0.04150943396226415,0.0022641509433962265,0.0022641509433962265,0.0022641509433962265,0.045283018867924525,0.04150943396226415,0.0022641509433962265,0.04339622641509434,0.0022641509433962265,0.04490566037735849,0.03773584905660377,0.0430188679245283,0.0022641509433962265,0.04264150943396226,0.045283018867924525,0.04641509433962264,0.04452830188679245,0.0022641509433962265,0.0022641509433962265,0.04830188679245283,0,0.04377358490566038,0.0022641509433962265,0.040377358490566034,0.0022641509433962265,0.04679245283018868,0.0022641509433962265,0.0022641509433962265,0.0430188679245283,0.038867924528301886,0.0022641509433962265,0.0022641509433962265,0.0022641509433962265,0.04377358490566038,0.0022641509433962265,0.0022641509433962265,0.0022641509433962265,0.0022641509433962265,0.0022641509433962265,0.04150943396226415,0.0022641509433962265,0.0022641509433962265,0.0022641509433962265,0.0022641509433962265,0.03811320754716981,0.0022641509433962265",1
"0,0,0,0,0,0,0,0,0,0,0,0,0,0,0,0,0,0,0,0,0,0,1,-1,0,0,0,0,0,0,0,0,0,0,0,0,0,0,0,0,0,0,0,0,0,0,0,0,0","0.010461061604029445,0.010461061604029445,0.010461061604029445,0.07865168539325842,0.010461061604029445,0.010461061604029445,0.010461061604029445,0.010461061604029445,0.010461061604029445,0.08795040681906238,0.010461061604029445,0.010461061604029445,0.010461061604029445,0.010461061604029445,0.010461061604029445,0.010461061604029445,0.010461061604029445,0.010461061604029445,0.010461061604029445,0.08678806664083688,0.010461061604029445,0.010461061604029445,0,0,0.010461061604029445,0.010461061604029445,0.010461061604029445,0.010461061604029445,0.010461061604029445,0.1580782642386672,0.010461061604029445,0.010461061604029445,0.010461061604029445,0.010461061604029445,0.010461061604029445,0.010461061604029445,0.1491669895389384,0.010461061604029445,0.010461061604029445,0.010461061604029445,0.010461061604029445,0.010461061604029445,0.010461061604029445,0.010461061604029445,0.010461061604029445,0.010461061604029445,0.010461061604029445,0.010461061604029445,0.010461061604029445",-1
"0,0,0,0,0,0,0,0,0,0,0,0,0,0,0,0,0,0,0,0,0,0,1,-1,0,0,0,0,0,-1,0,0,0,0,0,0,0,0,0,0,0,0,0,0,0,0,0,0,0","0.00803633822501747,0.00803633822501747,0.00803633822501747,0.00803633822501747,0.00803633822501747,0.00803633822501747,0.00803633822501747,0.00803633822501747,0.00803633822501747,0.07617051013277429,0.00803633822501747,0.08071278825995808,0.08001397624039133,0.00803633822501747,0.00803633822501747,0.00803633822501747,0.07512229210342418,0.00803633822501747,0.08176100628930817,0.00803633822501747,0.00803633822501747,0.00803633822501747,0,0,0.00803633822501747,0.00803633822501747,0.00803633822501747,0.00803633822501747,0.08560447239692523,0,0.00803633822501747,0.00803633822501747,0.00803633822501747,0.00803633822501747,0.00803633822501747,0.00803633822501747,0.06918238993710692,0.00803633822501747,0.00803633822501747,0.00803633822501747,0.00803633822501747,0.00803633822501747,0.00803633822501747,0.00803633822501747,0.07791754018169113,0.07617051013277429,0.00803633822501747,0.00803633822501747,0.00803633822501747",1
"0,0,0,0,0,0,0,0,0,0,0,0,0,0,0,0,0,0,0,0,0,0,1,-1,0,0,0,0,1,-1,0,0,0,0,0,0,0,0,0,0,0,0,0,0,0,0,0,0,0","0.004074074074074074,0.055185185185185184,0.004074074074074074,0.004074074074074074,0.05074074074074074,0.004074074074074074,0.06074074074074074,0.004074074074074074,0.053703703703703705,0.05444444444444444,0.05444444444444444,0.05703703703703704,0.004074074074074074,0.004074074074074074,0.004074074074074074,0.056296296296296296,0.004074074074074074,0.004074074074074074,0.004074074074074074,0.052222222222222225,0.004074074074074074,0.004074074074074074,0,0,0.057777777777777775,0.04814814814814815,0.055185185185185184,0.004074074074074074,0,0,0.004074074074074074,0.004074074074074074,0.056666666666666664,0.004074074074074074,0.004074074074074074,0.06481481481481481,0.004074074074074074,0.004074074074074074,0.05074074074074074,0.004074074074074074,0.004074074074074074,0.004074074074074074,0.004074074074074074,0.004074074074074074,0.004074074074074074,0.004074074074074074,0.004074074074074074,0.053703703703703705,0.004074074074074074",-1
"0,0,0,0,0,0,0,0,0,0,0,0,0,0,0,0,0,0,0,0,0,0,1,-1,0,0,0,0,1,-1,0,0,0,0,0,-1,0,0,0,0,0,0,0,0,0,0,0,0,0","0.011022424933485367,0.011022424933485367,0.011022424933485367,0.011022424933485367,0.011022424933485367,0.011022424933485367,0.011022424933485367,0.011022424933485367,0.011022424933485367,0.011022424933485367,0.011022424933485367,0.08589889775750666,0.011022424933485367,0.011022424933485367,0.011022424933485367,0.011022424933485367,0.011022424933485367,0.011022424933485367,0.09692132269099202,0.08361839604713037,0.011022424933485367,0.07639680729760548,0,0,0.011022424933485367,0.011022424933485367,0.011022424933485367,0.011022424933485367,0,0,0.011022424933485367,0.011022424933485367,0.011022424933485367,0.011022424933485367,0.011022424933485367,0,0.011022424933485367,0.011022424933485367,0.011022424933485367,0.08247814519194223,0.011022424933485367,0.011022424933485367,0.07981755986316989,0.011022424933485367,0.0870391486126948,0.011022424933485367,0.011022424933485367,0.011022424933485367,0.011022424933485367",1
"0,0,0,0,0,0,0,0,0,0,0,0,0,0,0,0,0,0,1,0,0,0,1,-1,0,0,0,0,1,-1,0,0,0,0,0,-1,0,0,0,0,0,0,0,0,0,0,0,0,0","0.0029498525073746312,0.0029498525073746312,0.0029498525073746312,0.0029498525073746312,0.0029498525073746312,0.04387905604719764,0.045722713864306784,0.0029498525073746312,0.04277286135693215,0.045722713864306784,0.0029498525073746312,0.04277286135693215,0.045722713864306784,0.03797935103244838,0.0029498525073746312,0.0029498525073746312,0.04793510324483776,0.05014749262536873,0,0.0029498525073746312,0.04129793510324484,0.043510324483775814,0,0,0.04056047197640118,0.07374631268436578,0.0029498525073746312,0.0029498525073746312,0,0,0.03908554572271387,0.0029498525073746312,0.04277286135693215,0.041666666666666664,0.04129793510324484,0,0.0029498525073746312,0.03908554572271387,0.0029498525073746312,0.04682890855457227,0.0029498525073746312,0.042404129793510326,0.0029498525073746312,0.0029498525073746312,0.0029498525073746312,0.0029498525073746312,0.0029498525073746312,0.04019174041297935,0.0029498525073746312",-1
"0,0,0,0,0,0,0,0,0,0,0,0,0,0,0,0,0,0,1,0,0,0,1,-1,0,-1,0,0,1,-1,0,0,0,0,0,-1,0,0,0,0,0,0,0,0,0,0,0,0,0","0.01730624529721595,0.01730624529721595,0.016930022573363433,0.016930022573363433,0.016930022573363433,0.016930022573363433,0.016930022573363433,0.016930022573363433,0.019563581640331076,0.016930022573363433,0.016930022573363433,0.019563581640331076,0.01730624529721595,0.016930022573363433,0.01730624529721595,0.016930022573363433,0.02784048156508653,0.016930022573363433,0,0.016930022573363433,0.016930022573363433,0.019563581640331076,0,0,0.04477050413844996,0,0.15011286681715574,0.016930022573363433,0,0,0.025959367945823927,0.016930022573363433,0.016930022573363433,0.016930022573363433,0.016930022573363433,0,0.016930022573363433,0.019563581640331076,0.016930022573363433,0.01730624529721595,0.09857035364936043,0.016930022573363433,0.016930022573363433,0.016930022573363433,0.029721595184349133,0.016930022573363433,0.01730624529721595,0.01730624529721595,0.01730624529721595",1
"0,0,0,0,0,0,0,0,0,0,0,0,0,0,0,0,0,0,1,0,0,0,1,-1,0,-1,1,0,1,-1,0,0,0,0,0,-1,0,0,0,0,0,0,0,0,0,0,0,0,0","0.02974107767669699,0.0017494751574527643,0.0017494751574527643,0.0017494751574527643,0.0017494751574527643,0.0017494751574527643,0.0017494751574527643,0.030440867739678096,0.02834149755073478,0.03358992302309307,0.02834149755073478,0.0017494751574527643,0.03219034289713086,0.0017494751574527643,0.02589223233030091,0.025542337298810357,0.0017494751574527643,0.0017494751574527643,0,0.3663400979706088,0.02974107767669699,0.0017494751574527643,0,0,0.03079076277116865,0,0,0.02729181245626312,0,0,0.028691392582225334,0.02729181245626312,0.0370888733379986,0.0017494751574527643,0.0017494751574527643,0,0.0017494751574527643,0.02974107767669699,0.0017494751574527643,0.0017494751574527643,0.030090972708187544,0.0017494751574527643,0.0017494751574527643,0.0017494751574527643,0.0017494751574527643,0.030440867739678096,0.03184044786564031,0.030090972708187544,0.031490552834149754",-1
"0,0,0,0,0,0,0,0,0,0,0,0,0,0,0,0,0,0,1,-1,0,0,1,-1,0,-1,1,0,1,-1,0,0,0,0,0,-1,0,0,0,0,0,0,0,0,0,0,0,0,0","0.021100655831194755,0.01710863986313088,0.021100655831194755,0.02480752780153978,0.0926717992586256,0.01710863986313088,0.03165098374679213,0.01710863986313088,0.019104647847162818,0.019104647847162818,0.01710863986313088,0.028229255774165955,0.026518391787852865,0.02281151981750784,0.01710863986313088,0.021100655831194755,0.02281151981750784,0.026518391787852865,0,0,0.01710863986313088,0.026518391787852865,0,0,0.034787567721699456,0,0,0.02281151981750784,0,0,0.029940119760479042,0.034787567721699456,0.01710863986313088,0.03649843170801255,0.034787567721699456,0,0.02281151981750784,0.01710863986313088,0.02480752780153978,0.03165098374679213,0.02281151981750784,0.021100655831194755,0.019104647847162818,0.01710863986313088,0.03165098374679213,0.01710863986313088,0.01710863986313088,0.019104647847162818,0.021100655831194755",1
"0,0,0,0,1,0,0,0,0,0,0,0,0,0,0,0,0,0,1,-1,0,0,1,-1,0,-1,1,0,1,-1,0,0,0,0,0,-1,0,0,0,0,0,0,0,0,0,0,0,0,0","0.02907394113424264,0.029432878679109833,0.02907394113424264,0.022254127781765973,0,0.09547738693467336,0.029432878679109833,0.021536252692031587,0.02763819095477387,0.0010768126346015793,0.09583632447954056,0.029432878679109833,0.02799712849964106,0.0010768126346015793,0.0010768126346015793,0.028356066044508254,0.028715003589375447,0.02907394113424264,0,0,0.0010768126346015793,0.029791816223977027,0,0,0.09547738693467336,0,0,0.028715003589375447,0,0,0.028356066044508254,0.029791816223977027,0.026920315865039485,0.0010768126346015793,0.0010768126346015793,0,0.029791816223977027,0.02404881550610194,0.0010768126346015793,0.02799712849964106,0.028356066044508254,0.0010768126346015793,0.0010768126346015793,0.02763819095477387,0.02907394113424264,0.0010768126346015793,0.0010768126346015793,0.029432878679109833,0.029432878679109833",-1
"0,0,0,0,1,0,0,0,0,0,-1,0,0,0,0,0,0,0,1,-1,0,0,1,-1,0,-1,1,0,1,-1,0,0,0,0,0,-1,0,0,0,0,0,0,0,0,0,0,0,0,0","0.024184683034078416,0.029681201905459875,0.027116159765481863,0.02674972517405643,0,0.04177354342249908,0.024184683034078416,0.024184683034078416,0.02674972517405643,0.024184683034078416,0,0.02674972517405643,0.024184683034078416,0.027116159765481863,0.024184683034078416,0.024184683034078416,0.02674972517405643,0.02674972517405643,0,0,0.02674972517405643,0.03224624404543789,0,0,0.037009893733968485,0,0,0.024184683034078416,0,0,0.024184683034078416,0.029681201905459875,0.024184683034078416,0.02674972517405643,0.024184683034078416,0,0.024184683034078416,0.024184683034078416,0.024184683034078416,0.024184683034078416,0.024184683034078416,0.02674972517405643,0.024184683034078416,0.02674972517405643,0.024184683034078416,0.024184683034078416,0.024184683034078416,0.02674972517405643,0.024184683034078416",1
"0,0,0,0,1,1,0,0,0,0,-1,0,0,0,0,0,0,0,1,-1,0,0,1,-1,0,-1,1,0,1,-1,0,0,0,0,0,-1,0,0,0,0,0,0,0,0,0,0,0,0,0","0.027939464493597205,0.06752037252619325,0.02910360884749709,0.025999223903764065,0,0,0.029491656965463717,0.0011641443538998836,0.029879705083430345,0.0011641443538998836,0,0.06752037252619325,0.028327512611563833,0.022894838960031045,0.029491656965463717,0.028327512611563833,0.029491656965463717,0.02910360884749709,0,0,0.0011641443538998836,0.029879705083430345,0,0,0.06752037252619325,0,0,0.029491656965463717,0,0,0.024447031431897557,0.06752037252619325,0.02677532013969732,0.025999223903764065,0.02910360884749709,0,0.02677532013969732,0.0011641443538998836,0.0236709351959643,0.02871556072953046,0.02871556072953046,0.02405898331393093,0.026387272021730693,0.0011641443538998836,0.02910360884749709,0.0011641443538998836,0.02910360884749709,0.029491656965463717,0.0011641443538998836",-1
"0,-1,0,0,1,1,0,0,0,0,-1,0,0,0,0,0,0,0,1,-1,0,0,1,-1,0,-1,1,0,1,-1,0,0,0,0,0,-1,0,0,0,0,0,0,0,0,0,0,0,0,0","0.026914329037149357,0,0.026535253980288095,0.026914329037149357,0,0,0.026914329037149357,0.026535253980288095,0.026535253980288095,0.026535253980288095,0,0.029567854435178165,0.026914329037149357,0.026535253980288095,0.026535253980288095,0.026535253980288095,0.026914329037149357,0.026535253980288095,0,0,0.026535253980288095,0.026535253980288095,0,0,0.05989385898407885,0,0,0.026535253980288095,0,0,0.026535253980288095,0.026914329037149357,0.026535253980288095,0.026914329037149357,0.026535253980288095,0,0.026914329037149357,0.026914329037149357,0.026914329037149357,0.026535253980288095,0.029567854435178165,0.026914329037149357,0.026535253980288095,0.026535253980288095,0.026535253980288095,0.026914329037149357,0.026914329037149357,0.026914329037149357,0.026535253980288095",1
"0,-1,0,0,1,1,0,0,0,0,-1,0,0,0,0,0,0,0,1,-1,0,0,1,-1,1,-1,1,0,1,-1,0,0,0,0,0,-1,0,0,0,0,0,0,0,0,0,0,0,0,0","0.04269919939001144,0,0.036599313762866945,0.0030499428135722455,0,0,0.03926801372474266,0.0030499428135722455,0.03431185665268776,0.03812428516965307,0,0.0434616850934045,0.03812428516965307,0.0030499428135722455,0.0030499428135722455,0.0030499428135722455,0.04384292794510103,0.0030499428135722455,0,0,0.03736179946626001,0.04384292794510103,0,0,0,0,0,0.0030499428135722455,0,0,0.040411742279832255,0.12657262676324818,0.0030499428135722455,0.0385055280213496,0.0030499428135722455,0,0.03431185665268776,0.0030499428135722455,0.04384292794510103,0.04460541364849409,0.035074342356080826,0.0030499428135722455,0.0030499428135722455,0.03926801372474266,0.03812428516965307,0.040792985131528785,0.0030499428135722455,0.041555470834921844,0.03964925657643919",-1
"0,-1,0,0,1,1,0,0,0,0,-1,0,0,0,0,0,0,0,1,-1,0,0,1,-1,1,-1,1,0,1,-1,0,-1,0,0,0,-1,0,0,0,0,0,0,0,0,0,0,0,0,0","0.016440314510364547,0,0.016440314510364547,0.016440314510364547,0,0,0.018942101501072194,0.016440314510364547,0.016440314510364547,0.016440314510364547,0,0.016440314510364547,0.07898498927805575,0.016440314510364547,0.016440314510364547,0.016440314510364547,0.016440314510364547,0.016440314510364547,0,0,0.016440314510364547,0.016440314510364547,0,0,0,0,0,0.016440314510364547,0,0,0.3874195854181558,0,0.016440314510364547,0.018942101501072194,0.016440314510364547,0,0.016440314510364547,0.016440314510364547,0.016440314510364547,0.016440314510364547,0.016440314510364547,0.016440314510364547,0.016440314510364547,0.016440314510364547,0.016440314510364547,0.016440314510364547,0.018942101501072194,0.016440314510364547,0.016440314510364547",1
"0,-1,0,0,1,1,0,0,0,0,-1,0,0,0,0,0,0,0,1,-1,0,0,1,-1,1,-1,1,0,1,-1,1,-1,0,0,0,-1,0,0,0,0,0,0,0,0,0,0,0,0,0","0.00422416220782878,0,0.004505773021684032,0.004505773021684032,0,0,0.00422416220782878,0.038299070684314276,0.00422416220782878,0.03886229231202478,0,0.03886229231202478,0.03576457335961701,0.00422416220782878,0.004505773021684032,0.00422416220782878,0.004505773021684032,0.036327794987327515,0,0,0.004505773021684032,0.03717262742889327,0,0,0,0,0,0.004505773021684032,0,0,0,0,0.004505773021684032,0.004505773021684032,0.004505773021684032,0,0.5680090115460433,0.004505773021684032,0.004505773021684032,0.004505773021684032,0.004505773021684032,0.035201351731906506,0.00422416220782878,0.004505773021684032,0.004505773021684032,0.034638130104196,0.035201351731906506,0.00422416220782878,0.004505773021684032",-1
"0,-1,0,0,1,1,0,0,0,0,-1,0,0,0,0,0,0,0,1,-1,0,0,1,-1,1,-1,1,0,1,-1,1,-1,0,0,0,-1,-1,0,0,0,0,0,0,0,0,0,0,0,0","0.004905239687848384,0,0.004905239687848384,0.004905239687848384,0,0,0.004905239687848384,0.004905239687848384,0.004905239687848384,0.004905239687848384,0,0.004905239687848384,0.004905239687848384,0.004905239687848384,0.004905239687848384,0.004905239687848384,0.004905239687848384,0.004905239687848384,0,0,0.004905239687848384,0.004905239687848384,0,0,0,0,0,0.004905239687848384,0,0,0,0,0.004905239687848384,0.004905239687848384,0.004905239687848384,0,0,0.8479375696767001,0.004905239687848384,0.004905239687848384,0.004905239687848384,0.004905239687848384,0.004905239687848384,0.004905239687848384,0.004905239687848384,0.004905239687848384,0.004905239687848384,0.004905239687848384,0.004905239687848384",1
"0,-1,0,0,1,1,0,0,0,0,-1,0,0,0,0,0,0,0,1,-1,0,0,1,-1,1,-1,1,0,1,-1,1,-1,0,0,0,-1,-1,1,0,0,0,0,0,0,0,0,0,0,0","0.019770408163265307,0,0.06345663265306123,0.019770408163265307,0,0,0.06058673469387755,0.2729591836734694,0.015146683673469387,0.01610331632653061,0,0.02503188775510204,0.01610331632653061,0.022480867346938774,0.04336734693877551,0.014190051020408163,0.062021683673469385,0.06058673469387755,0,0,0.01610331632653061,0.01610331632653061,0,0,0,0,0,0.015146683673469387,0,0,0,0,0.019770408163265307,0.019770408163265307,0.014190051020408163,0,0,0,0.018016581632653062,0.013073979591836735,0.02072704081632653,0.01610331632653061,0.019770408163265307,0.01881377551020408,0.022480867346938774,0.017059948979591837,0.014190051020408163,0.011001275510204082,0.01610331632653061",-1
"0,-1,0,0,1,1,0,-1,0,0,-1,0,0,0,0,0,0,0,1,-1,0,0,1,-1,1,-1,1,0,1,-1,1,-1,0,0,0,-1,-1,1,0,0,0,0,0,0,0,0,0,0,0","0.0011956001912960307,0,0.016260162601626018,0.01673840267814443,0,0,0.01721664275466284,0,0.014586322333811573,0.015064562410329985,0,0.8125298900047824,0.0011956001912960307,0.0011956001912960307,0.016260162601626018,0.016977522716403636,0.0011956001912960307,0.0011956001912960307,0,0,0.0011956001912960307,0.0011956001912960307,0,0,0,0,0,0.0011956001912960307,0,0,0,0,0.0011956001912960307,0.0011956001912960307,0.0011956001912960307,0,0,0,0.0011956001912960307,0.0011956001912960307,0.0011956001912960307,0.0011956001912960307,0.0011956001912960307,0.0011956001912960307,0.01721664275466284,0.018412242945958873,0.0011956001912960307,0.0011956001912960307,0.01602104256336681",1
"0,-1,0,0,1,1,0,-1,0,0,-1,1,0,0,0,0,0,0,1,-1,0,0,1,-1,1,-1,1,0,1,-1,1,-1,0,0,0,-1,-1,1,0,0,0,0,0,0,0,0,0,0,0","0.03049923325949906,0,0.03237348781734537,0.03237348781734537,0,0,0.02675072414380644,0,0.02675072414380644,0.02675072414380644,0,0,0.028624978701652752,0.03049923325949906,0.028624978701652752,0.02675072414380644,0.03424774237519169,0.028624978701652752,0,0,0.02675072414380644,0.028624978701652752,0,0,0,0,0,0.03049923325949906,0,0,0,0,0.035951610155051966,0.03237348781734537,0.02675072414380644,0,0,0,0.028624978701652752,0.03237348781734537,0.03237348781734537,0.03049923325949906,0.03424774237519169,0.15931163741693644,0.03424774237519169,0.028624978701652752,0.028624978701652752,0.028624978701652752,0.028624978701652752",-1
"0,-1,0,0,1,1,0,-1,0,0,-1,1,0,0,0,0,0,0,1,-1,0,0,1,-1,1,-1,1,0,1,-1,1,-1,0,0,0,-1,-1,1,0,0,0,0,0,-1,0,0,0,0,0","0.01937188142060464,0,0.017023774581743468,0.019665394775462284,0,0,0.019665394775462284,0,0.017610801291458762,0.001174053419430584,0,0,0.01937188142060464,0.001174053419430584,0.017904314646316408,0.001174053419430584,0.001174053419430584,0.019078368065746993,0,0,0.019078368065746993,0.01937188142060464,0,0,0,0,0,0.019665394775462284,0,0,0,0,0.001174053419430584,0.019078368065746993,0.001174053419430584,0,0,0,0.001174053419430584,0.01937188142060464,0.011740534194305841,0.019665394775462284,0.001174053419430584,0,0.6897563839154681,0.019665394775462284,0.001174053419430584,0.001174053419430584,0.001174053419430584",1
"0,0,0,0,0,0,0,0,0,0,0,0,0,0,0,0,0,0,0,0,0,0,0,0,0,0,0,0,0,0,0,0,0,0,0,0,0,0,0,0,0,0,0,0,0,0,0,0,0","0.0208078335373317,0.023663810689514484,0.023663810689514484,0.02447980416156671,0.0012239902080783353,0.022031823745410038,0.023663810689514484,0.02733578131374949,0.02733578131374949,0.022031823745410038,0.02733578131374949,0.02284781721746226,0.021215830273357814,0.021215830273357814,0.02529579763361893,0.0208078335373317,0.023663810689514484,0.023255813953488372,0.0012239902080783353,0.026111791105671155,0.0012239902080783353,0.02284781721746226,0.022439820481436147,0.021623827009383926,0.022439820481436147,0.023663810689514484,0.02284781721746226,0.023663810689514484,0.021215830273357814,0.024071807425540596,0.0012239902080783353,0.022031823745410038,0.023663810689514484,0.02284781721746226,0.02284781721746226,0.0012239902080783353,0.021215830273357814,0.021215830273357814,0.023663810689514484,0.0208078335373317,0.023255813953488372,0.0208078335373317,0.023255813953488372,0.023255813953488372,0.023663810689514484,0.023255813953488372,0.0012239902080783353,0.024887800897592818,0.02039983680130559",1
"0,0,0,0,0,0,0,1,0,0,0,0,0,0,0,0,0,0,0,0,0,0,0,0,0,0,0,0,0,0,0,0,0,0,0,0,0,0,0,0,0,0,0,0,0,0,0,0,0","0.011512504962286622,0.011512504962286622,0.011512504962286622,0.011512504962286622,0.011512504962286622,0.011512504962286622,0.011512504962286622,0,0.011512504962286622,0.10123064708217547,0.011512504962286622,0.011512504962286622,0.011512504962286622,0.011512504962286622,0.011512504962286622,0.011512504962286622,0.011512504962286622,0.011512504962286622,0.011512504962286622,0.011512504962286622,0.011512504962286622,0.011512504962286622,0.08257244938467646,0.011512504962286622,0.011512504962286622,0.011512504962286622,0.011512504962286622,0.011512504962286622,0.011512504962286622,0.10996427153632393,0.011512504962286622,0.011512504962286622,0.011512504962286622,0.011512504962286622,0.011512504962286622,0.011512504962286622,0.11115522032552601,0.011512504962286622,0.011512504962286622,0.011512504962286622,0.011512504962286622,0.011512504962286622,0.011512504962286622,0.1000396982929734,0.011512504962286622,0.011512504962286622,0.011512504962286622,0.011512504962286622,0.011512504962286622",-1
"0,0,0,0,0,0,0,1,0,0,0,0,0,0,0,0,0,0,0,0,0,0,0,0,0,0,0,0,0,0,0,0,0,0,0,0,-1,0,0,0,0,0,0,0,0,0,0,0,0","0.04610318331503842,0.042810098792535674,0.04061470911086718,0.0029271862422246614,0.0029271862422246614,0.050128064398097326,0.0029271862422246614,0,0.0029271862422246614,0.0029271862422246614,0.0029271862422246614,0.048298572996706916,0.040248810830589093,0.0029271862422246614,0.04610318331503842,0.0029271862422246614,0.0029271862422246614,0.0029271862422246614,0.050493962678375415,0.0029271862422246614,0.04244420051225759,0.0029271862422246614,0.0380534211489206,0.0029271862422246614,0.04939626783754116,0.0029271862422246614,0.0029271862422246614,0.04903036955726308,0.0029271862422246614,0.045737285034760336,0.052323454079765824,0.0029271862422246614,0.0029271862422246614,0.0029271862422246614,0.0029271862422246614,0.0029271862422246614,0,0.04500548847420417,0.04939626783754116,0.048298572996706916,0.0029271862422246614,0.0029271862422246614,0.05378704720087816,0.04500548847420417,0.03768752286864252,0.0029271862422246614,0.0029271862422246614,0.0029271862422246614,0.0029271862422246614",1
"0,0,0,0,0,0,0,1,0,0,0,0,0,0,0,0,0,0,0,0,0,0,0,0,0,0,0,0,0,0,0,0,0,0,0,0,-1,0,0,0,0,0,1,0,0,0,0,0,0","0.00922722029988466,0.00922722029988466,0.00922722029988466,0.00922722029988466,0.00922722029988466,0.00922722029988466,0.00922722029988466,0,0.00922722029988466,0.00922722029988466,0.00922722029988466,0.00922722029988466,0.00922722029988466,0.00922722029988466,0.00922722029988466,0.00922722029988466,0.00922722029988466,0.00922722029988466,0.00922722029988466,0.00922722029988466,0.00922722029988466,0.00922722029988466,0.00922722029988466,0.08727412533640908,0.00922722029988466,0.00922722029988466,0.00922722029988466,0.00922722029988466,0.00922722029988466,0.00922722029988466,0.00922722029988466,0.00922722029988466,0.08073817762399077,0.00922722029988466,0.07535563244905806,0.3690888119953864,0,0.00922722029988466,0.00922722029988466,0.00922722029988466,0.00922722029988466,0.00922722029988466,0,0.00922722029988466,0.00922722029988466,0.00922722029988466,0.00922722029988466,0.00922722029988466,0.00922722029988466",-1
"0,0,0,0,0,0,0,1,0,0,0,0,0,0,0,0,0,0,0,0,0,0,0,0,0,0,0,0,0,0,0,0,0,0,0,-1,-1,0,0,0,0,0,1,0,0,0,0,0,0","0.01171303074670571,0.01171303074670571,0.01171303074670571,0.01171303074670571,0.01171303074670571,0.01171303074670571,0.01171303074670571,0,0.01171303074670571,0.01171303074670571,0.0767203513909224,0.01171303074670571,0.0843338213762811,0.01171303074670571,0.08872620790629575,0.01171303074670571,0.01171303074670571,0.01171303074670571,0.13352855051244508,0.01171303074670571,0.01171303074670571,0.01171303074670571,0.01171303074670571,0.01171303074670571,0.01171303074670571,0.01171303074670571,0.01171303074670571,0.01171303074670571,0.01171303074670571,0.01171303074670571,0.08872620790629575,0.01171303074670571,0.01171303074670571,0.01171303074670571,0.01171303074670571,0,0,0.01171303074670571,0.01171303074670571,0.01171303074670571,0.01171303074670571,0.07115666178623718,0,0.01171303074670571,0.01171303074670571,0.01171303074670571,0.01171303074670571,0.01171303074670571,0.01171303074670571",1
"0,0,0,0,0,0,0,1,0,0,0,0,0,0,0,0,0,0,1,0,0,0,0,0,0,0,0,0,0,0,0,0,0,0,0,-1,-1,0,0,0,0,0,1,0,0,0,0,0,0","0.003434065934065934,0.003434065934065934,0.003434065934065934,0.003434065934065934,0.003434065934065934,0.003434065934065934,0.003434065934065934,0,0.003434065934065934,0.04532967032967033,0.038804945054945056,0.003434065934065934,0.04189560439560439,0.003434065934065934,0.05151098901098901,0.003434065934065934,0.042925824175824176,0.050824175824175824,0,0.003434065934065934,0.003434065934065934,0.003434065934065934,0.003434065934065934,0.003434065934065934,0.003434065934065934,0.3334478021978022,0.003434065934065934,0.003434065934065934,0.04429945054945055,0.003434065934065934,0.003434065934065934,0.003434065934065934,0.05460164835164835,0.003434065934065934,0.0521978021978022,0,0,0.003434065934065934,0.003434065934065934,0.0521978021978022,0.003434065934065934,0.04429945054945055,0,0.003434065934065934,0.003434065934065934,0.04120879120879121,0.003434065934065934,0.003434065934065934,0.003434065934065934",-1
"0,0,0,0,0,0,0,1,0,0,0,0,0,0,0,0,0,0,1,0,0,0,0,0,0,-1,0,0,0,0,0,0,0,0,0,-1,-1,0,0,0,0,0,1,0,0,0,0,0,0","0.01633605600933489,0.014294049008168028,0.014294049008168028,0.014294049008168028,0.014294049008168028,0.014294049008168028,0.014585764294049008,0,0.014585764294049008,0.014294049008168028,0.014585764294049008,0.014294049008168028,0.014294049008168028,0.014294049008168028,0.014294049008168028,0.01808634772462077,0.014294049008168028,0.014585764294049008,0,0.014294049008168028,0.014585764294049008,0.014585764294049008,0.014294049008168028,0.014294049008168028,0.014585764294049008,0,0.2543757292882147,0.014585764294049008,0.014294049008168028,0.014294049008168028,0.1411901983663944,0.01808634772462077,0.014294049008168028,0.014294049008168028,0.014294049008168028,0,0,0.014294049008168028,0.01633605600933489,0.014294049008168028,0.014294049008168028,0.014585764294049008,0,0.014294049008168028,0.01633605600933489,0.014294049008168028,0.01633605600933489,0.014294049008168028,0.014294049008168028",1
"0,0,0,0,0,0,0,1,0,0,0,0,0,0,0,0,0,0,1,0,0,0,0,0,0,-1,1,0,0,0,0,0,0,0,0,-1,-1,0,0,0,0,0,1,0,0,0,0,0,0","0.0012012012012012011,0.0012012012012012011,0.0012012012012012011,0.0012012012012012011,0.0012012012012012011,0.0012012012012012011,0.0012012012012012011,0,0.0012012012012012011,0.0012012012012012011,0.0012012012012012011,0.0012012012012012011,0.0012012012012012011,0.0012012012012012011,0.0012012012012012011,0.0012012012012012011,0.02072072072072072,0.023423423423423424,0,0.824924924924925,0.0012012012012012011,0.0012012012012012011,0.0012012012012012011,0.0012012012012012011,0.02072072072072072,0,0,0.0012012012012012011,0.0012012012012012011,0.01921921921921922,0.0012012012012012011,0.0012012012012012011,0.02702702702702703,0.0012012012012012011,0.0012012012012012011,0,0,0.0012012012012012011,0.0012012012012012011,0.0012012012012012011,0.0012012012012012011,0.0012012012012012011,0,0.0012012012012012011,0.0012012012012012011,0.0012012012012012011,0.02192192192192192,0.0012012012012012011,0.0012012012012012011",-1
"0,0,0,0,0,0,0,1,0,0,0,0,0,0,0,0,0,0,1,-1,0,0,0,0,0,-1,1,0,0,0,0,0,0,0,0,-1,-1,0,0,0,0,0,1,0,0,0,0,0,0","0.02305032654629274,0.021321552055320783,0.021321552055320783,0.021321552055320783,0.02305032654629274,0.021321552055320783,0.02305032654629274,0,0.024779101037264696,0.02305032654629274,0.021321552055320783,0.021321552055320783,0.021321552055320783,0.02305032654629274,0.021321552055320783,0.02305032654629274,0.02305032654629274,0.024779101037264696,0,0,0.021129466000768343,0.021321552055320783,0.028236650019208605,0.021321552055320783,0.031502112946600075,0,0,0.021321552055320783,0.021321552055320783,0.02305032654629274,0.08394160583941605,0.031502112946600075,0.02305032654629274,0.024779101037264696,0.02305032654629274,0,0,0.021321552055320783,0.02305032654629274,0.02305032654629274,0.02305032654629274,0.021321552055320783,0,0.021321552055320783,0.021129466000768343,0.021321552055320783,0.02305032654629274,0.02305032654629274,0.021321552055320783",1
"0,0,0,0,0,0,0,1,0,0,0,0,0,0,0,0,0,0,1,-1,0,0,0,0,0,-1,1,0,0,0,1,0,0,0,0,-1,-1,0,0,0,0,0,1,0,0,0,0,0,0","0.004142216085605799,0.004142216085605799,0.004142216085605799,0.004142216085605799,0.004142216085605799,0.04694511563686572,0.004142216085605799,0,0.004142216085605799,0.04729030031066621,0.004142216085605799,0.004142216085605799,0.04694511563686572,0.04349326889886089,0.05212288574387297,0.004142216085605799,0.05626510182947877,0.004142216085605799,0,0,0.04729030031066621,0.004142216085605799,0.037970314118053156,0.0555747324818778,0.004142216085605799,0,0,0.04729030031066621,0.04729030031066621,0.004142216085605799,0,0.051432516396272006,0.004142216085605799,0.004142216085605799,0.04625474628926476,0,0,0.08146358301691405,0.004142216085605799,0.004142216085605799,0.051432516396272006,0.04625474628926476,0,0.004142216085605799,0.05074214704867104,0.052813255091473936,0.004142216085605799,0.004142216085605799,0.004142216085605799",-1
"0,0,0,0,0,0,0,1,0,0,0,0,0,0,0,0,0,0,1,-1,0,0,0,0,0,-1,1,0,0,0,1,0,0,0,0,-1,-1,-1,0,0,0,0,1,0,0,0,0,0,0","0.01557285873192436,0.09751575824990731,0.015202076381164257,0.017426770485724878,0.09603262884686689,0.09306637004078606,0.03967371153133111,0,0.017426770485724878,0.015202076381164257,0.09751575824990731,0.015202076381164257,0.015202076381164257,0.015202076381164257,0.0196514645902855,0.015202076381164257,0.017426770485724878,0.015202076381164257,0,0,0.01557285873192436,0.015202076381164257,0.03967371153133111,0.015202076381164257,0.01557285873192436,0,0,0.01557285873192436,0.01557285873192436,0.015202076381164257,0,0.015202076381164257,0.015202076381164257,0.017426770485724878,0.015202076381164257,0,0,0,0.01557285873192436,0.01557285873192436,0.017426770485724878,0.0292918057100482,0,0.015202076381164257,0.015202076381164257,0.015202076381164257,0.01557285873192436,0.015202076381164257,0.017426770485724878",1
"0,1,0,0,0,0,0,1,0,0,0,0,0,0,0,0,0,0,1,-1,0,0,0,0,0,-1,1,0,0,0,1,0,0,0,0,-1,-1,-1,0,0,0,0,1,0,0,0,0,0,0","0.027889908256880733,0,0.0014678899082568807,0.029357798165137616,0.0014678899082568807,0.0014678899082568807,0.029357798165137616,0,0.0014678899082568807,0.029357798165137616,0.027522935779816515,0.026422018348623854,0.0014678899082568807,0.0014678899082568807,0.029724770642201834,0.027522935779816515,0.02348623853211009,0.029357798165137616,0,0,0.0014678899082568807,0.026422018348623854,0.028623853211009173,0.030458715596330274,0.0014678899082568807,0,0,0.028256880733944955,0.0014678899082568807,0.0014678899082568807,0,0.31522935779816513,0.0014678899082568807,0.0014678899082568807,0.027889908256880733,0,0,0,0.027889908256880733,0.03155963302752294,0.029357798165137616,0.0014678899082568807,0,0.028623853211009173,0.026422018348623854,0.022018348623853212,0.023853211009174313,0.028256880733944955,0.026055045871559632",-1
"0,1,0,0,0,0,0,1,0,0,0,0,0,0,0,0,0,0,1,-1,0,0,0,0,0,-1,1,0,0,0,1,-1,0,0,0,-1,-1,-1,0,0,0,0,1,0,0,0,0,0,0","0.027092113184828417,0,0.027092113184828417,0.027092113184828417,0.02679108970499699,0.02679108970499699,0.02679108970499699,0,0.027092113184828417,0.02679108970499699,0.027092113184828417,0.027092113184828417,0.027092113184828417,0.02679108970499699,0.027092113184828417,0.027092113184828417,0.027092113184828417,0.027092113184828417,0,0,0.027092113184828417,0.027092113184828417,0.027092113184828417,0.027092113184828417,0.027092113184828417,0,0,0.027092113184828417,0.027092113184828417,0.027092113184828417,0,0,0.027092113184828417,0.027092113184828417,0.027092113184828417,0,0,0,0.027092113184828417,0.027092113184828417,0.027092113184828417,0.027092113184828417,0,0.02679108970499699,0.02679108970499699,0.02679108970499699,0.027092113184828417,0.027092113184828417,0.027092113184828417",1
"1,1,0,0,0,0,0,1,0,0,0,0,0,0,0,0,0,0,1,-1,0,0,0,0,0,-1,1,0,0,0,1,-1,0,0,0,-1,-1,-1,0,0,0,0,1,0,0,0,0,0,0","0,0,0.02779953014878622,0.028191072826938137,0.02779953014878622,0.02779953014878622,0.02779953014878622,0,0.02779953014878622,0.02779953014878622,0.02779953014878622,0.02779953014878622,0.02779953014878622,0.02779953014878622,0.02779953014878622,0.02779953014878622,0.02779953014878622,0.02779953014878622,0,0,0.02779953014878622,0.028191072826938137,0.02779953014878622,0.028191072826938137,0.02779953014878622,0,0,0.02779953014878622,0.028191072826938137,0.02779953014878622,0,0,0.02779953014878622,0.02779953014878622,0.02779953014878622,0,0,0,0.028191072826938137,0.02779953014878622,0.02779953014878622,0.028191072826938137,0,0.02427564604541895,0.02779953014878622,0.02779953014878622,0.02779953014878622,0.028191072826938137,0.02779953014878622",-1
"1,1,0,-1,0,0,0,1,0,0,0,0,0,0,0,0,0,0,1,-1,0,0,0,0,0,-1,1,0,0,0,1,-1,0,0,0,-1,-1,-1,0,0,0,0,1,0,0,0,0,0,0","0,0,0.02837997635001971,0,0.02837997635001971,0.02837997635001971,0.028774142688214426,0,0.02837997635001971,0.02837997635001971,0.02837997635001971,0.028774142688214426,0.028774142688214426,0.028774142688214426,0.028774142688214426,0.02837997635001971,0.028774142688214426,0.02837997635001971,0,0,0.02837997635001971,0.028774142688214426,0.02837997635001971,0.028774142688214426,0.02837997635001971,0,0,0.028774142688214426,0.028774142688214426,0.028774142688214426,0,0,0.028774142688214426,0.02837997635001971,0.02837997635001971,0,0,0,0.028774142688214426,0.028774142688214426,0.02837997635001971,0.028774142688214426,0,0.028774142688214426,0.02837997635001971,0.02837997635001971,0.02837997635001971,0.02837997635001971,0.028774142688214426",1
"1,1,0,-1,0,0,1,1,0,0,0,0,0,0,0,0,0,0,1,-1,0,0,0,0,0,-1,1,0,0,0,1,-1,0,0,0,-1,-1,-1,0,0,0,0,1,0,0,0,0,0,0","0,0,0.02993304450571091,0,0.026388341866876722,0.026388341866876722,0,0,0.02993304450571091,0.02993304450571091,0.030326900354470263,0.030326900354470263,0.02993304450571091,0.02993304450571091,0.026388341866876722,0.02993304450571091,0.026388341866876722,0.030326900354470263,0,0,0.02993304450571091,0.026388341866876722,0.02993304450571091,0.030326900354470263,0.030326900354470263,0,0,0.030326900354470263,0.02993304450571091,0.02993304450571091,0,0,0.02993304450571091,0.02993304450571091,0.02993304450571091,0,0,0,0.030326900354470263,0.02993304450571091,0.030326900354470263,0.02993304450571091,0,0.02993304450571091,0.02993304450571091,0.026388341866876722,0.02993304450571091,0.02993304450571091,0.030326900354470263",-1
"1,1,0,-1,0,0,1,1,0,0,-1,0,0,0,0,0,0,0,1,-1,0,0,0,0,0,-1,1,0,0,0,1,-1,0,0,0,-1,-1,-1,0,0,0,0,1,0,0,0,0,0,0","0,0,0.0294811320754717,0,0.0294811320754717,0.029874213836477988,0,0,0.0294811320754717,0.0294811320754717,0,0.0294811320754717,0.0294811320754717,0.0294811320754717,0.0294811320754717,0.0294811320754717,0.0294811320754717,0.0294811320754717,0,0,0.055424528301886794,0.0294811320754717,0.0294811320754717,0.0294811320754717,0.0294811320754717,0,0,0.0294811320754717,0.0294811320754717,0.0294811320754717,0,0,0.0294811320754717,0.0294811320754717,0.029874213836477988,0,0,0,0.0294811320754717,0.0294811320754717,0.0294811320754717,0.0294811320754717,0,0.0294811320754717,0.0294811320754717,0.0294811320754717,0.0294811320754717,0.029874213836477988,0.0294811320754717",1
"1,1,0,-1,0,0,1,1,0,0,-1,0,0,0,0,0,0,0,1,-1,1,0,0,0,0,-1,1,0,0,0,1,-1,0,0,0,-1,-1,-1,0,0,0,0,1,0,0,0,0,0,0","0,0,0.0015331544653123803,0,0.0015331544653123803,0.019931008049060943,0,0,0.025680337293982367,0.0015331544653123803,0,0.0015331544653123803,0.02491376006132618,0.45879647374472976,0.02491376006132618,0.025680337293982367,0.018781142200076657,0.024530471444998085,0,0,0,0.0015331544653123803,0.027213491759294748,0.01763127635109237,0.024530471444998085,0,0,0.0015331544653123803,0.0015331544653123803,0.025680337293982367,0,0,0.0015331544653123803,0.02184745113070142,0.02414718282866999,0,0,0,0.02491376006132618,0.02798006899195094,0.025680337293982367,0.02108087389804523,0,0.0015331544653123803,0.02261402836335761,0.02184745113070142,0.026446914526638558,0.026830203142966653,0.024530471444998085",-1
"0,0,0,0,0,0,0,0,0,0,0,0,0,0,0,0,0,0,0,0,0,0,0,0,0,0,0,0,0,0,0,0,0,0,0,0,0,0,0,0,0,0,0,0,0,0,0,0,0","0.014279885760913913,0.0138718890248878,0.014279885760913913,0.014279885760913913,0.0138718890248878,0.0138718890248878,0.0138718890248878,0.0138718890248878,0.0138718890248878,0.0138718890248878,0.0138718890248878,0.0138718890248878,0.0138718890248878,0.0138718890248878,0.0138718890248878,0.014279885760913913,0.0138718890248878,0.0138718890248878,0.0138718890248878,0.0138718890248878,0.014279885760913913,0.0138718890248878,0.0138718890248878,0.12974296205630356,0.0138718890248878,0.0138718890248878,0.0138718890248878,0.0138718890248878,0.0138718890248878,0.0138718890248878,0.0138718890248878,0.0138718890248878,0.0138718890248878,0.0138718890248878,0.014279885760913913,0.0138718890248878,0.014279885760913913,0.11587107303141575,0.0138718890248878,0.0138718890248878,0.11301509587923296,0.0138718890248878,0.0138718890248878,0.0138718890248878,0.0138718890248878,0.0138718890248878,0.0138718890248878,0.0138718890248878,0.014279885760913913",-1
"0,0,0,0,0,0,0,0,0,0,0,0,0,0,0,0,0,0,0,0,0,0,0,-1,0,0,0,0,0,0,0,0,0,0,0,0,0,0,0,0,0,0,0,0,0,0,0,0,0","0.002527075812274368,0.04043321299638989,0.04043321299638989,0.002527075812274368,0.002527075812274368,0.04296028880866426,0.03935018050541516,0.0444043321299639,0.002527075812274368,0.04007220216606498,0.002527075812274368,0.04512635379061372,0.04548736462093863,0.002527075812274368,0.002527075812274368,0.002527075812274368,0.04115523465703971,0.002527075812274368,0.04693140794223827,0.04512635379061372,0.03898916967509025,0.002527075812274368,0.07184115523465703,0,0.03935018050541516,0.002527075812274368,0.04115523465703971,0.002527075812274368,0.059927797833935016,0.002527075812274368,0.002527075812274368,0.002527075812274368,0.002527075812274368,0.002527075812274368,0.002527075812274368,0.04259927797833935,0.002527075812274368,0.002527075812274368,0.0444043321299639,0.03754512635379061,0.002527075812274368,0.002527075812274368,0.002527075812274368,0.002527075812274368,0.04043321299638989,0.002527075812274368,0.002527075812274368,0.002527075812274368,0.04404332129963899",1
"0,0,0,0,0,0,0,0,0,0,0,0,0,0,0,0,0,0,0,0,0,0,1,-1,0,0,0,0,0,0,0,0,0,0,0,0,0,0,0,0,0,0,0,0,0,0,0,0,0","0.007164404223227752,0.007164404223227752,0.007164404223227752,0.007164404223227752,0.007164404223227752,0.007164404223227752,0.007164404223227752,0.007164404223227752,0.007164404223227752,0.007164404223227752,0.06636500754147813,0.007164404223227752,0.007164404223227752,0.007164404223227752,0.007164404223227752,0.007164404223227752,0.007164404223227752,0.007164404223227752,0.007164404223227752,0.007164404223227752,0.007164404223227752,0.007164404223227752,0,0,0.007164404223227752,0.007164404223227752,0.007164404223227752,0.007164404223227752,0.007164404223227752,0.4883107088989442,0.007164404223227752,0.007164404223227752,0.007164404223227752,0.007164404223227752,0.007164404223227752,0.007164404223227752,0.13009049773755657,0.007164404223227752,0.007164404223227752,0.007164404223227752,0.007164404223227752,0.007164404223227752,0.007164404223227752,0.007164404223227752,0.007164404223227752,0.007164404223227752,0.007164404223227752,0.007164404223227752,0.007164404223227752",-1
"0,0,0,0,0,0,0,0,0,0,0,0,0,0,0,0,0,0,0,0,0,0,1,-1,0,0,0,0,0,-1,0,0,0,0,0,0,0,0,0,0,0,0,0,0,0,0,0,0,0","0.012269938650306749,0.01200320085356095,0.01200320085356095,0.01200320085356095,0.01200320085356095,0.012269938650306749,0.015737530008002133,0.01200320085356095,0.012269938650306749,0.012269938650306749,0.08402240597492665,0.012269938650306749,0.01200320085356095,0.012269938650306749,0.08829021072285943,0.012269938650306749,0.012269938650306749,0.012269938650306749,0.01200320085356095,0.012269938650306749,0.07655374766604428,0.015204054414510537,0,0,0.036276340357428646,0.012269938650306749,0.012269938650306749,0.012269938650306749,0.012269938650306749,0,0.012269938650306749,0.01200320085356095,0.012269938650306749,0.012269938650306749,0.01200320085356095,0.012269938650306749,0.012269938650306749,0.012269938650306749,0.012269938650306749,0.1194985329421179,0.013870365430781541,0.07762069885302747,0.013870365430781541,0.03254201120298746,0.012269938650306749,0.01200320085356095,0.012269938650306749,0.01200320085356095,0.012269938650306749",1
"0,0,0,0,0,0,0,0,0,0,0,0,0,0,0,0,0,0,0,0,0,0,1,-1,0,0,0,0,0,-1,0,0,0,0,0,0,0,0,0,1,0,0,0,0,0,0,0,0,0","0.043058904581467446,0.002755769893213917,0.002755769893213917,0.002755769893213917,0.002755769893213917,0.04857044436789528,0.043058904581467446,0.04409231829142267,0.04133654839820875,0.002755769893213917,0.002755769893213917,0.002755769893213917,0.047192559421288326,0.002755769893213917,0.002755769893213917,0.043058904581467446,0.0461591457113331,0.047537030657940064,0.002755769893213917,0.047192559421288326,0.002755769893213917,0.043058904581467446,0,0,0.049948329314502236,0.07302790217016879,0.002755769893213917,0.04857044436789528,0.04409231829142267,0,0.002755769893213917,0.002755769893213917,0.04409231829142267,0.002755769893213917,0.04030313468825353,0.002755769893213917,0.002755769893213917,0.002755769893213917,0.002755769893213917,0,0.002755769893213917,0.002755769893213917,0.002755769893213917,0.002755769893213917,0.002755769893213917,0.047537030657940064,0.0461591457113331,0.002755769893213917,0.043058904581467446",-1
"0,0,0,0,0,0,0,0,0,0,0,0,0,0,0,0,0,0,0,0,0,0,1,-1,0,-1,0,0,0,-1,0,0,0,0,0,0,0,0,0,1,0,0,0,0,0,0,0,0,0","0.016116941529235384,0.016116941529235384,0.01649175412293853,0.01649175412293853,0.018740629685157422,0.01649175412293853,0.01649175412293853,0.01649175412293853,0.01649175412293853,0.01649175412293853,0.10007496251874062,0.01649175412293853,0.016116941529235384,0.016116941529235384,0.016116941529235384,0.01649175412293853,0.01649175412293853,0.01649175412293853,0.016116941529235384,0.016116941529235384,0.018740629685157422,0.01649175412293853,0,0,0.016116941529235384,0,0.01649175412293853,0.01686656671664168,0.11506746626686656,0,0.1090704647676162,0.01649175412293853,0.01649175412293853,0.016116941529235384,0.01649175412293853,0.01649175412293853,0.016116941529235384,0.016116941529235384,0.01649175412293853,0,0.01649175412293853,0.01649175412293853,0.016116941529235384,0.01649175412293853,0.016116941529235384,0.01649175412293853,0.01649175412293853,0.01649175412293853,0.016116941529235384",1
"0,0,0,0,0,0,0,0,0,0,0,0,0,0,0,0,0,0,0,0,0,0,1,-1,0,-1,0,0,1,-1,0,0,0,0,0,0,0,0,0,1,0,0,0,0,0,0,0,0,0","0.001808972503617945,0.03328509406657019,0.001808972503617945,0.03871201157742402,0.03871201157742402,0.030390738060781478,0.0394356005788712,0.03581765557163531,0.001808972503617945,0.03798842257597684,0.03400868306801737,0.001808972503617945,0.03400868306801737,0.03581765557163531,0.001808972503617945,0.001808972503617945,0.03581765557163531,0.03907380607814761,0.001808972503617945,0.03473227206946455,0.037264833574529664,0.03654124457308249,0,0,0.001808972503617945,0,0.03690303907380608,0.03690303907380608,0,0,0.001808972503617945,0.001808972503617945,0.001808972503617945,0.001808972503617945,0.03979739507959479,0.05824891461649783,0.03762662807525326,0.001808972503617945,0.001808972503617945,0,0.03654124457308249,0.037264833574529664,0.001808972503617945,0.03762662807525326,0.001808972503617945,0.03328509406657019,0.001808972503617945,0.03690303907380608,0.03654124457308249",-1
"0,0,0,0,0,0,0,0,0,0,0,0,0,0,0,0,0,0,0,0,0,0,1,-1,0,-1,0,0,1,-1,0,0,0,0,0,-1,0,0,0,1,0,0,0,0,0,0,0,0,0","0.026727758686521573,0.019473081328751432,0.019473081328751432,0.019473081328751432,0.039327987781596026,0.019473081328751432,0.10767468499427263,0.019473081328751432,0.019473081328751432,0.021764032073310423,0.019473081328751432,0.019473081328751432,0.019473081328751432,0.019473081328751432,0.019473081328751432,0.021764032073310423,0.019473081328751432,0.021764032073310423,0.019473081328751432,0.019473081328751432,0.019473081328751432,0.030927835051546393,0,0,0.033218785796105384,0,0.03512791141657121,0.019473081328751432,0,0,0.019473081328751432,0.019473081328751432,0.019473081328751432,0.019473081328751432,0.019473081328751432,0,0.029018709431080564,0.019473081328751432,0.024436807941962582,0,0.021764032073310423,0.019473081328751432,0.021764032073310423,0.019473081328751432,0.019473081328751432,0.019473081328751432,0.019473081328751432,0.019473081328751432,0.019473081328751432",1
"0,0,0,0,0,0,1,0,0,0,0,0,0,0,0,0,0,0,0,0,0,0,1,-1,0,-1,0,0,1,-1,0,0,0,0,0,-1,0,0,0,1,0,0,0,0,0,0,0,0,0","0.0010944910616563297,0.031010580080262678,0.025902955125866472,0.029551258664720904,0.024078803356439256,0.029551258664720904,0,0.029551258664720904,0.029551258664720904,0.029551258664720904,0.0010944910616563297,0.02991608901860635,0.0010944910616563297,0.030645749726377236,0.03028091937249179,0.020795330171470266,0.025902955125866472,0.029551258664720904,0.0010944910616563297,0.029551258664720904,0.029551258664720904,0.024808464064210143,0,0,0.03028091937249179,0,0.029551258664720904,0.029551258664720904,0,0,0.03028091937249179,0.029551258664720904,0.0010944910616563297,0.024443633710324698,0.029186428310835462,0,0.0010944910616563297,0.028821597956950017,0.029551258664720904,0,0.029551258664720904,0.026267785479751914,0.0269974461875228,0.024443633710324698,0.029551258664720904,0.029551258664720904,0.029551258664720904,0.0269974461875228,0.029551258664720904",-1
"0,-1,0,0,0,0,1,0,0,0,0,0,0,0,0,0,0,0,0,0,0,0,1,-1,0,-1,0,0,1,-1,0,0,0,0,0,-1,0,0,0,1,0,0,0,0,0,0,0,0,0","0.028683693516699412,0,0.021611001964636542,0.01925343811394892,0.018860510805500982,0.018860510805500982,0,0.018860510805500982,0.0412573673870334,0.10609037328094302,0.034970530451866405,0.018860510805500982,0.018860510805500982,0.018860510805500982,0.018860510805500982,0.018860510805500982,0.021611001964636542,0.01925343811394892,0.01925343811394892,0.021611001964636542,0.026326129666011788,0.033005893909626716,0,0,0.047151277013752456,0,0.034970530451866405,0.026326129666011788,0,0,0.021611001964636542,0.018860510805500982,0.018860510805500982,0.018860510805500982,0.021611001964636542,0,0.018860510805500982,0.018860510805500982,0.01925343811394892,0,0.029076620825147347,0.021611001964636542,0.018860510805500982,0.018860510805500982,0.018860510805500982,0.021611001964636542,0.021611001964636542,0.021611001964636542,0.018860510805500982",1
"0,-1,0,0,0,0,1,0,0,1,0,0,0,0,0,0,0,0,0,0,0,0,1,-1,0,-1,0,0,1,-1,0,0,0,0,0,-1,0,0,0,1,0,0,0,0,0,0,0,0,0","0.02892713291834493,0,0.020139143170999633,0.025997803002563165,0.0010984987184181618,0.0010984987184181618,0,0.02929329915781765,0.0010984987184181618,0,0.020139143170999633,0.028194800439399488,0.02892713291834493,0.02929329915781765,0.02965946539729037,0.024533138044672283,0.02929329915781765,0.02892713291834493,0.025265470523617724,0.02892713291834493,0.02892713291834493,0.021603808128890515,0,0,0.08055657268399853,0,0.02929329915781765,0.0010984987184181618,0,0,0.02892713291834493,0.03002563163676309,0.026363969242035885,0.0010984987184181618,0.02965946539729037,0,0.02965946539729037,0.02929329915781765,0.02892713291834493,0,0.08055657268399853,0.03002563163676309,0.0010984987184181618,0.027462467960454047,0.0010984987184181618,0.02856096667887221,0.02892713291834493,0.026730135481508606,0.02929329915781765",-1
"0,-1,0,0,0,0,1,0,0,1,0,0,0,0,0,0,0,0,0,0,0,0,1,-1,-1,-1,0,0,1,-1,0,0,0,0,0,-1,0,0,0,1,0,0,0,0,0,0,0,0,0","0.024981357196122298,0,0.027218493661446682,0.027218493661446682,0.024981357196122298,0.02237136465324385,0,0.024981357196122298,0.02982848620432513,0,0.024981357196122298,0.02237136465324385,0.02237136465324385,0.027218493661446682,0.02982848620432513,0.02237136465324385,0.024981357196122298,0.02237136465324385,0.024981357196122298,0.024981357196122298,0.0436241610738255,0.02237136465324385,0,0,0,0,0.058165548098434,0.02237136465324385,0,0,0.02237136465324385,0.02982848620432513,0.024981357196122298,0.02982848620432513,0.02237136465324385,0,0.02237136465324385,0.027218493661446682,0.024981357196122298,0,0.03243847874720358,0.02237136465324385,0.02237136465324385,0.024981357196122298,0.02237136465324385,0.02982848620432513,0.02237136465324385,0.02237136465324385,0.02237136465324385",1
"0,-1,0,0,0,0,1,0,0,1,0,0,0,0,0,0,0,0,0,0,0,0,1,-1,-1,-1,1,0,1,-1,0,0,0,0,0,-1,0,0,0,1,0,0,0,0,0,0,0,0,0","0.0286368843069874,0,0.0015273004963726614,0.029018709431080564,0.022145857197403588,0.0015273004963726614,0,0.0015273004963726614,0.025582283314242078,0,0.0015273004963726614,0.026345933562428408,0.030164184803360063,0.0015273004963726614,0.0015273004963726614,0.029782359679266894,0.022527682321496753,0.0015273004963726614,0.025200458190148912,0.45857197403589156,0.030927835051546393,0.0015273004963726614,0,0,0,0,0,0.024436807941962582,0,0,0.0015273004963726614,0.019091256204658267,0.03169148529973272,0.021382206949217258,0.0015273004963726614,0,0.0015273004963726614,0.028255059182894234,0.021764032073310423,0,0.023291332569683087,0.027109583810614738,0.0015273004963726614,0.0015273004963726614,0.018709431080565102,0.0015273004963726614,0.030927835051546393,0.0015273004963726614,0.0015273004963726614",-1
"0,-1,0,0,0,0,1,0,0,1,0,0,0,0,0,0,0,0,0,-1,0,0,1,-1,-1,-1,1,0,1,-1,0,0,0,0,0,-1,0,0,0,1,0,0,0,0,0,0,0,0,0","0.027557980900409278,0,0.021282401091405185,0.021282401091405185,0.023465211459754432,0.02946793997271487,0,0.021282401091405185,0.03519781718963165,0,0.037107776261937245,0.021282401091405185,0.027557980900409278,0.037107776261937245,0.027557980900409278,0.03165075034106412,0.02946793997271487,0.021282401091405185,0.02946793997271487,0,0.0461118690313779,0.025648021828103683,0,0,0,0,0,0.025648021828103683,0,0,0.025648021828103683,0.025648021828103683,0.03165075034106412,0.023465211459754432,0.02946793997271487,0,0.02946793997271487,0.03165075034106412,0.025648021828103683,0,0.040654843110504775,0.021282401091405185,0.023465211459754432,0.025375170532060027,0.021282401091405185,0.023465211459754432,0.02946793997271487,0.023465211459754432,0.02946793997271487",1
"0,-1,0,0,0,0,1,0,0,1,0,0,0,0,0,0,0,0,0,-1,1,0,1,-1,-1,-1,1,0,1,-1,0,0,0,0,0,-1,0,0,0,1,0,0,0,0,0,0,0,0,0","0.023538344722854973,0,0.0015186028853454822,0.023538344722854973,0.0015186028853454822,0.0015186028853454822,0,0.026955201214882308,0.0015186028853454822,0,0.020121488230827638,0.02809415337889142,0.029233105542900532,0.42293090356871677,0.0015186028853454822,0.02771450265755505,0.02201974183750949,0.0015186028853454822,0.02771450265755505,0,0,0.0015186028853454822,0,0,0,0,0,0.0015186028853454822,0,0,0.023917995444191344,0.0015186028853454822,0.029233105542900532,0.026955201214882308,0.0015186028853454822,0,0.0015186028853454822,0.02771450265755505,0.02733485193621868,0,0.02733485193621868,0.02733485193621868,0.02771450265755505,0.0015186028853454822,0.02733485193621868,0.02847380410022779,0.029612756264236904,0.0015186028853454822,0.025436598329536826",-1
"0,0,0,0,0,0,0,0,0,0,0,0,0,0,0,0,0,0,0,0,0,0,0,0,0,0,0,0,0,0,0,0,0,0,0,0,0,0,0,0,0,0,0,0,0,0,0,0,0","0.02284781721746226,0.0208078335373317,0.02284781721746226,0.022439820481436147,0.022031823745410038,0.022439820481436147,0.021215830273357814,0.022439820481436147,0.0208078335373317,0.022439820481436147,0.02284781721746226,0.022439820481436147,0.021623827009383926,0.02284781721746226,0.0208078335373317,0.02039983680130559,0.0208078335373317,0.022031823745410038,0.022439820481436147,0.02284781721746226,0.0012239902080783353,0.02039983680130559,0.02039983680130559,0.022031823745410038,0.0208078335373317,0.022439820481436147,0.022439820481436147,0.022439820481436147,0.0012239902080783353,0.021215830273357814,0.021215830273357814,0.022439820481436147,0.022031823745410038,0.021215830273357814,0.0208078335373317,0.022031823745410038,0.021215830273357814,0.019991840065279477,0.022439820481436147,0.0208078335373317,0.02284781721746226,0.019991840065279477,0.022031823745410038,0.022439820481436147,0.019991840065279477,0.0012239902080783353,0.02284781721746226,0.02039983680130559,0.019991840065279477",1
"1,0,0,0,0,0,0,0,0,0,0,0,0,0,0,0,0,0,0,0,0,0,0,0,0,0,0,0,0,0,0,0,0,0,0,0,0,0,0,0,0,0,0,0,0,0,0,0,0","0,0.01076555023923445,0.01076555023923445,0.01076555023923445,0.01076555023923445,0.01076555023923445,0.01076555023923445,0.01076555023923445,0.01076555023923445,0.01076555023923445,0.08931419457735247,0.01076555023923445,0.01076555023923445,0.01076555023923445,0.01076555023923445,0.01076555023923445,0.01076555023923445,0.01076555023923445,0.01076555023923445,0.01076555023923445,0.01076555023923445,0.01076555023923445,0.01076555023923445,0.01076555023923445,0.08213716108452951,0.01076555023923445,0.01076555023923445,0.01076555023923445,0.08572567783094098,0.10964912280701754,0.01076555023923445,0.01076555023923445,0.01076555023923445,0.01076555023923445,0.08692185007974482,0.01076555023923445,0.01076555023923445,0.01076555023923445,0.01076555023923445,0.01076555023923445,0.09409888357256778,0.01076555023923445,0.01076555023923445,0.01076555023923445,0.01076555023923445,0.01076555023923445,0.01076555023923445,0.01076555023923445,0.01076555023923445",-1
"1,0,0,0,0,0,0,0,0,0,0,0,0,0,0,0,0,0,0,0,0,0,0,0,0,0,0,0,0,-1,0,0,0,0,0,0,0,0,0,0,0,0,0,0,0,0,0,0,0","0,0.045087976539589444,0.04948680351906158,0.0036656891495601175,0.04948680351906158,0.0036656891495601175,0.0036656891495601175,0.047653958944281524,0.0036656891495601175,0.0036656891495601175,0.0036656891495601175,0.0036656891495601175,0.0036656891495601175,0.0036656891495601175,0.0036656891495601175,0.0469208211143695,0.0036656891495601175,0.0036656891495601175,0.05535190615835777,0.0469208211143695,0.04875366568914956,0.0036656891495601175,0.0036656891495601175,0.050219941348973604,0.06085043988269795,0.0036656891495601175,0.0036656891495601175,0.0036656891495601175,0.056085043988269793,0,0.0036656891495601175,0.04875366568914956,0.0036656891495601175,0.047653958944281524,0.0036656891495601175,0.0036656891495601175,0.0469208211143695,0.0036656891495601175,0.0469208211143695,0.0036656891495601175,0.0036656891495601175,0.0036656891495601175,0.053519061583577714,0.0036656891495601175,0.0036656891495601175,0.0036656891495601175,0.0469208211143695,0.04618768328445748,0.0036656891495601175",1
"1,0,0,0,0,0,0,0,0,0,0,0,0,0,0,0,0,0,0,0,0,0,0,0,1,0,0,0,0,-1,0,0,0,0,0,0,0,0,0,0,0,0,0,0,0,0,0,0,0","0,0.007633587786259542,0.007633587786259542,0.007633587786259542,0.07061068702290077,0.007633587786259542,0.007633587786259542,0.007633587786259542,0.007633587786259542,0.007633587786259542,0.08587786259541985,0.007633587786259542,0.007633587786259542,0.007633587786259542,0.007633587786259542,0.007633587786259542,0.007633587786259542,0.007633587786259542,0.07137404580152672,0.007633587786259542,0.007633587786259542,0.007633587786259542,0.007633587786259542,0.007633587786259542,0,0.13053435114503817,0.0751908396946565,0.06946564885496183,0.007633587786259542,0,0.007633587786259542,0.007633587786259542,0.007633587786259542,0.007633587786259542,0.007633587786259542,0.007633587786259542,0.007633587786259542,0.07442748091603053,0.007633587786259542,0.007633587786259542,0.007633587786259542,0.007633587786259542,0.007633587786259542,0.07061068702290077,0.007633587786259542,0.007633587786259542,0.007633587786259542,0.06946564885496183,0.007633587786259542",-1
"1,0,0,0,0,0,0,0,0,0,0,0,0,0,0,0,0,0,0,0,0,0,0,0,1,-1,0,0,0,-1,0,0,0,0,0,0,0,0,0,0,0,0,0,0,0,0,0,0,0","0,0.0050053628888094386,0.0050053628888094386,0.0050053628888094386,0.0050053628888094386,0.0050053628888094386,0.0050053628888094386,0.0050053628888094386,0.0050053628888094386,0.0050053628888094386,0.0050053628888094386,0.0050053628888094386,0.0050053628888094386,0.0050053628888094386,0.0050053628888094386,0.0050053628888094386,0.0050053628888094386,0.05219878441186986,0.0050053628888094386,0.0050053628888094386,0.0050053628888094386,0.0050053628888094386,0.0050053628888094386,0.053628888094386845,0,0,0.0050053628888094386,0.0050053628888094386,0.0050053628888094386,0,0.06542724347515194,0.5219878441186986,0.0050053628888094386,0.0050053628888094386,0.0050053628888094386,0.0050053628888094386,0.0050053628888094386,0.0050053628888094386,0.06006435466571326,0.0050053628888094386,0.0050053628888094386,0.0050053628888094386,0.0050053628888094386,0.05148373257061137,0.0050053628888094386,0.0050053628888094386,0.0050053628888094386,0.0050053628888094386,0.0050053628888094386",1
"1,0,0,0,0,0,0,0,0,0,0,0,0,0,0,0,0,0,0,0,0,0,0,0,1,-1,0,0,0,-1,0,1,0,0,0,0,0,0,0,0,0,0,0,0,0,0,0,0,0","0,0.014300306435137897,0.012768130745658836,0.015832482124616958,0.017364657814096015,0.028089887640449437,0.012768130745658836,0.012768130745658836,0.012768130745658836,0.022982635342185902,0.11159346271705822,0.015832482124616958,0.012768130745658836,0.012768130745658836,0.017364657814096015,0.012768130745658836,0.03421859039836568,0.012768130745658836,0.012768130745658836,0.012768130745658836,0.012768130745658836,0.012768130745658836,0.012768130745658836,0.03677221654749745,0,0,0.02553626149131767,0.014300306435137897,0.01251276813074566,0,0.012768130745658836,0,0.012768130745658836,0.014300306435137897,0.012768130745658836,0.07277834525025537,0.012768130745658836,0.0186414708886619,0.012768130745658836,0.012768130745658836,0.012768130745658836,0.012768130745658836,0.01251276813074566,0.11772216547497447,0.012768130745658836,0.012768130745658836,0.012768130745658836,0.07814096016343207,0.012768130745658836",-1
"1,0,0,0,0,0,0,0,0,0,0,0,0,0,0,0,0,0,0,0,0,0,0,0,1,-1,0,0,0,-1,0,1,0,0,0,0,0,0,0,0,0,0,0,-1,0,0,0,0,0","0,0.003084304318026045,0.049006168608636054,0.07128169979437972,0.04660726525017135,0.003084304318026045,0.07128169979437972,0.003084304318026045,0.049006168608636054,0.003084304318026045,0.003084304318026045,0.003084304318026045,0.003084304318026045,0.003084304318026045,0.04557916381082933,0.04934886908841672,0.003084304318026045,0.003084304318026045,0.04763536668951337,0.003084304318026045,0.04763536668951337,0.047292666209732694,0.003084304318026045,0.003084304318026045,0,0,0.04660726525017135,0.046264564770390676,0.04455106237148732,0,0.003084304318026045,0,0.003084304318026045,0.003084304318026045,0.003084304318026045,0.003084304318026045,0.003084304318026045,0.003084304318026045,0.04455106237148732,0.07128169979437972,0.003084304318026045,0.04934886908841672,0.003084304318026045,0,0.047978067169294036,0.003084304318026045,0.04763536668951337,0.003084304318026045,0.003084304318026045",1
"1,0,0,1,0,0,0,0,0,0,0,0,0,0,0,0,0,0,0,0,0,0,0,0,1,-1,0,0,0,-1,0,1,0,0,0,0,0,0,0,0,0,0,0,-1,0,0,0,0,0","0,0.0086271567891973,0.0086271567891973,0,0.0086271567891973,0.0086271567891973,0.0086271567891973,0.0086271567891973,0.0086271567891973,0.0086271567891973,0.0086271567891973,0.0086271567891973,0.0086271567891973,0.07501875468867217,0.0086271567891973,0.0086271567891973,0.07801950487621906,0.0086271567891973,0.0086271567891973,0.0086271567891973,0.0086271567891973,0.0086271567891973,0.0086271567891973,0.12378094523630907,0,0,0.0086271567891973,0.0086271567891973,0.0086271567891973,0,0.0086271567891973,0,0.0086271567891973,0.0086271567891973,0.0086271567891973,0.0086271567891973,0.0086271567891973,0.0086271567891973,0.0086271567891973,0.3953488372093023,0.0086271567891973,0.0086271567891973,0.0086271567891973,0,0.0086271567891973,0.0086271567891973,0.0086271567891973,0.0086271567891973,0.0086271567891973",-1
"1,0,0,1,0,0,0,0,0,0,0,0,0,0,0,0,0,0,0,0,0,0,0,0,1,-1,0,0,0,-1,0,1,0,0,0,0,0,0,0,-1,0,0,0,-1,0,0,0,0,0","0,0.002277255906632508,0.002277255906632508,0,0.002277255906632508,0.002277255906632508,0.002277255906632508,0.002277255906632508,0.002277255906632508,0.002277255906632508,0.002277255906632508,0.002277255906632508,0.002277255906632508,0.002277255906632508,0.002277255906632508,0.002277255906632508,0.002277255906632508,0.002277255906632508,0.002277255906632508,0.002277255906632508,0.002277255906632508,0.002277255906632508,0.002277255906632508,0.002277255906632508,0,0,0.002277255906632508,0.002277255906632508,0.002277255906632508,0,0.002277255906632508,0,0.002277255906632508,0.002277255906632508,0.002277255906632508,0.002277255906632508,0.002277255906632508,0.002277255906632508,0.002277255906632508,0,0.002277255906632508,0.002277255906632508,0.05664674067748363,0,0.7717050953600911,0.05863933959578708,0.02875035582123541,0.002277255906632508,0.002277255906632508",1
"1,0,0,1,0,0,0,0,0,0,0,0,0,0,0,0,0,0,0,0,0,0,0,0,1,-1,0,0,0,-1,0,1,0,0,0,0,0,0,0,-1,0,0,0,-1,1,0,0,0,0","0,0.01914523303036163,0.01914523303036163,0,0.01914523303036163,0.01914523303036163,0.01914523303036163,0.01914523303036163,0.01914523303036163,0.022626184490427383,0.020885708760394507,0.01914523303036163,0.01914523303036163,0.01914523303036163,0.01914523303036163,0.01914523303036163,0.025720363566041383,0.01914523303036163,0.01914523303036163,0.020885708760394507,0.01914523303036163,0.01914523303036163,0.01914523303036163,0.030361632179462385,0,0,0.01914523303036163,0.01914523303036163,0.01914523303036163,0,0.01914523303036163,0,0.01914523303036163,0.07851479404370527,0.01914523303036163,0.022626184490427383,0.020885708760394507,0.01914523303036163,0.16225101527750918,0,0.01914523303036163,0.01914523303036163,0.01914523303036163,0,0,0.020885708760394507,0.01914523303036163,0.01914523303036163,0.01914523303036163",-1
"1,0,0,1,0,0,0,0,0,0,0,0,0,0,0,0,0,0,0,0,0,0,0,0,1,-1,0,0,0,-1,0,1,0,0,0,0,0,0,-1,-1,0,0,0,-1,1,0,0,0,0","0,0.025757575757575757,0.0018181818181818182,0,0.0018181818181818182,0.0018181818181818182,0.0018181818181818182,0.0018181818181818182,0.03212121212121212,0.0018181818181818182,0.0018181818181818182,0.03151515151515152,0.0018181818181818182,0.02696969696969697,0.030303030303030304,0.0018181818181818182,0.0018181818181818182,0.0018181818181818182,0.030606060606060605,0.0018181818181818182,0.027878787878787878,0.0018181818181818182,0.0018181818181818182,0.0018181818181818182,0,0,0.0018181818181818182,0.0018181818181818182,0.02909090909090909,0,0.027878787878787878,0,0.0018181818181818182,0.030606060606060605,0.0018181818181818182,0.0018181818181818182,0.0018181818181818182,0.5442424242424242,0,0,0.03272727272727273,0.0018181818181818182,0.0018181818181818182,0,0,0.030303030303030304,0.02666666666666667,0.029696969696969697,0.0018181818181818182",1
"1,0,0,1,0,0,0,0,0,0,0,0,0,0,0,0,0,0,0,0,0,0,0,0,1,-1,0,0,0,-1,0,1,0,0,0,0,0,1,-1,-1,0,0,0,-1,1,0,0,0,0","0,0.020666979802724285,0.018788163457022077,0,0.018788163457022077,0.018788163457022077,0.018788163457022077,0.018788163457022077,0.018788163457022077,0.025833724753405354,0.018788163457022077,0.018788163457022077,0.018788163457022077,0.018788163457022077,0.018788163457022077,0.018788163457022077,0.027712541099107563,0.018788163457022077,0.018788163457022077,0.018788163457022077,0.018788163457022077,0.018788163457022077,0.018788163457022077,0.27947393142320337,0,0,0.020666979802724285,0.018788163457022077,0.020666979802724285,0,0.020666979802724285,0,0.018788163457022077,0.020666979802724285,0.018788163457022077,0.018788163457022077,0.018788163457022077,0,0,0,0.018788163457022077,0.018788163457022077,0.018788163457022077,0,0,0.018788163457022077,0.018788163457022077,0.018788163457022077,0.018788163457022077",-1
"1,0,0,1,0,0,0,0,0,0,0,0,0,0,0,0,0,0,0,0,0,0,0,-1,1,-1,0,0,0,-1,0,1,0,0,0,0,0,1,-1,-1,0,0,0,-1,1,0,0,0,0","0,0.01834108951546674,0.0010949904188338351,0,0.0010949904188338351,0.0010949904188338351,0.014508623049548317,0.021626060771968245,0.0010949904188338351,0.0010949904188338351,0.0010949904188338351,0.02053107035313441,0.0010949904188338351,0.017519846701341362,0.02053107035313441,0.0010949904188338351,0.0010949904188338351,0.7886668491650698,0.0010949904188338351,0.0010949904188338351,0.01834108951546674,0.019983575143717493,0.0010949904188338351,0,0,0,0.0010949904188338351,0.0010949904188338351,0.0010949904188338351,0,0.0010949904188338351,0,0.0010949904188338351,0.0010949904188338351,0.0010949904188338351,0.0010949904188338351,0.015603613468382151,0,0,0,0.0010949904188338351,0.0010949904188338351,0.01587736107309061,0,0,0.0010949904188338351,0.0010949904188338351,0.0010949904188338351,0.0010949904188338351",1
"1,0,0,1,0,0,0,0,0,0,0,0,0,0,0,0,0,1,0,0,0,0,0,-1,1,-1,0,0,0,-1,0,1,0,0,0,0,0,1,-1,-1,0,0,0,-1,1,0,0,0,0","0,0.027689429373246026,0.027502338634237605,0,0.027502338634237605,0.027502338634237605,0.027502338634237605,0.027502338634237605,0.027502338634237605,0.027502338634237605,0.03367633302151544,0.027502338634237605,0.027502338634237605,0.027502338634237605,0.027502338634237605,0.027689429373246026,0.029747427502338636,0,0.027502338634237605,0.027502338634237605,0.027689429373246026,0.027502338634237605,0.027689429373246026,0,0,0,0.027502338634237605,0.027502338634237605,0.027689429373246026,0,0.027502338634237605,0,0.027502338634237605,0.027502338634237605,0.027502338634237605,0.027502338634237605,0.027502338634237605,0,0,0,0.027502338634237605,0.027689429373246026,0.027502338634237605,0,0,0.027502338634237605,0.027689429373246026,0.027689429373246026,0.027502338634237605",-1
"1,0,0,1,0,0,0,0,0,0,-1,0,0,0,0,0,0,1,0,0,0,0,0,-1,1,-1,0,0,0,-1,0,1,0,0,0,0,0,1,-1,-1,0,0,0,-1,1,0,0,0,0","0,0.02722117202268431,0.02722117202268431,0,0.05330812854442344,0.053686200378071834,0.026843100189035917,0.0011342155009451795,0.023440453686200378,0.053686200378071834,0,0.053686200378071834,0.02608695652173913,0.02722117202268431,0.02722117202268431,0.05330812854442344,0.026843100189035917,0,0.053686200378071834,0.026465028355387523,0.02570888468809074,0.02722117202268431,0.026465028355387523,0,0,0,0.026465028355387523,0.02608695652173913,0.0011342155009451795,0,0.02608695652173913,0,0.020415879017013232,0.026843100189035917,0.02608695652173913,0.0011342155009451795,0.026843100189035917,0,0,0,0.023440453686200378,0.026843100189035917,0.024574669187145556,0,0,0.023440453686200378,0.026465028355387523,0.026465028355387523,0.02722117202268431",1
"1,0,0,1,0,1,0,0,0,0,-1,0,0,0,0,0,0,1,0,0,0,0,0,-1,1,-1,0,0,0,-1,0,1,0,0,0,0,0,1,-1,-1,0,0,0,-1,1,0,0,0,0","0,0.030291411042944784,0.030291411042944784,0,0.027607361963190184,0,0.027607361963190184,0.027607361963190184,0.027607361963190184,0.033358895705521474,0,0.027607361963190184,0.027607361963190184,0.027607361963190184,0.027607361963190184,0.027607361963190184,0.04946319018404908,0,0.027607361963190184,0.027607361963190184,0.027607361963190184,0.027607361963190184,0.036042944785276074,0,0,0,0.027607361963190184,0.027607361963190184,0.027607361963190184,0,0.03067484662576687,0,0.027607361963190184,0.027607361963190184,0.027607361963190184,0.036042944785276074,0.030291411042944784,0,0,0,0.027607361963190184,0.027607361963190184,0.027607361963190184,0,0,0.027607361963190184,0.027607361963190184,0.027607361963190184,0.033358895705521474",-1
"1,0,0,1,0,1,0,0,0,0,-1,0,0,0,0,0,-1,1,0,0,0,0,0,-1,1,-1,0,0,0,-1,0,1,0,0,0,0,0,1,-1,-1,0,0,0,-1,1,0,0,0,0","0,0.026194144838212634,0.028120184899845916,0,0.0015408320493066256,0,0.0015408320493066256,0.02465331278890601,0.027349768875192602,0.026579352850539292,0,0.363251155624037,0.026194144838212634,0.0015408320493066256,0.026194144838212634,0.027349768875192602,0,0,0.025423728813559324,0.02426810477657935,0.0015408320493066256,0.0015408320493066256,0.02426810477657935,0,0,0,0.027349768875192602,0.02580893682588598,0.0015408320493066256,0,0.02465331278890601,0,0.028120184899845916,0.02580893682588598,0.02580893682588598,0.02580893682588598,0.027349768875192602,0,0,0,0.0211864406779661,0.026964560862865947,0.0015408320493066256,0,0,0.0015408320493066256,0.025038520801232665,0.026579352850539292,0.027349768875192602",1
"0,0,0,0,0,0,0,0,0,0,0,0,0,0,0,0,0,0,0,0,0,0,0,0,0,0,0,0,0,0,0,0,0,0,0,0,0,0,0,0,0,0,0,0,0,0,0,0,0","0.006119951040391677,0.006119951040391677,0.006527947776417789,0.07384740922072623,0.006119951040391677,0.006119951040391677,0.006527947776417789,0.006527947776417789,0.006119951040391677,0.006119951040391677,0.006527947776417789,0.006527947776417789,0.006119951040391677,0.006119951040391677,0.006119951040391677,0.006527947776417789,0.006119951040391677,0.006527947776417789,0.006119951040391677,0.006119951040391677,0.06283149734802121,0.006119951040391677,0.006119951040391677,0.0864953080375357,0.06650346797225622,0.006119951040391677,0.006119951040391677,0.006119951040391677,0.006119951040391677,0.12362301101591187,0.006527947776417789,0.06731946144430845,0.06119951040391677,0.006119951040391677,0.006119951040391677,0.07180742554059567,0.006119951040391677,0.07670338637290902,0.006119951040391677,0.006527947776417789,0.006119951040391677,0.006119951040391677,0.06650346797225622,0.006119951040391677,0.006119951040391677,0.006527947776417789,0.006119951040391677,0.006119951040391677,0.006527947776417789",-1
"0,0,0,0,0,0,0,0,0,0,0,0,0,0,0,0,0,0,0,0,0,0,0,0,0,0,0,0,0,-1,0,0,0,0,0,0,0,0,0,0,0,0,0,0,0,0,0,0,0","0.006896551724137931,0.006896551724137931,0.006896551724137931,0.06315789473684211,0.006896551724137931,0.006896551724137931,0.006896551724137931,0.006896551724137931,0.006896551724137931,0.006896551724137931,0.006896551724137931,0.006896551724137931,0.006896551724137931,0.006896551724137931,0.006896551724137931,0.006896551724137931,0.006896551724137931,0.006896551724137931,0.006896551724137931,0.006896551724137931,0.06860254083484574,0.006896551724137931,0.0751361161524501,0.006896551724137931,0.07404718693284937,0.006896551724137931,0.06606170598911071,0.06606170598911071,0.07223230490018148,0,0.11542649727767695,0.006896551724137931,0.006896551724137931,0.006896551724137931,0.006896551724137931,0.006896551724137931,0.006896551724137931,0.006896551724137931,0.06678765880217785,0.006896551724137931,0.006896551724137931,0.07041742286751361,0.006896551724137931,0.006896551724137931,0.006896551724137931,0.006896551724137931,0.006896551724137931,0.006896551724137931,0.006896551724137931",1
"0,0,0,0,0,0,0,0,0,0,0,0,0,0,0,0,0,0,0,0,0,0,0,0,0,0,0,0,0,-1,1,0,0,0,0,0,0,0,0,0,0,0,0,0,0,0,0,0,0","0.057740887766149405,0.06892818477084085,0.00577408877661494,0.00577408877661494,0.00577408877661494,0.00577408877661494,0.00577408877661494,0.00577408877661494,0.00577408877661494,0.00577408877661494,0.00577408877661494,0.00577408877661494,0.00577408877661494,0.00577408877661494,0.00577408877661494,0.00577408877661494,0.07073258751353302,0.00577408877661494,0.00577408877661494,0.00577408877661494,0.06098881270299531,0.00577408877661494,0.00577408877661494,0.07542403464453266,0.00577408877661494,0.00577408877661494,0.06748466257668712,0.07217610970768676,0.06820642367376398,0,0,0.00577408877661494,0.05918440996030314,0.00577408877661494,0.00577408877661494,0.00577408877661494,0.00577408877661494,0.06748466257668712,0.00577408877661494,0.00577408877661494,0.06315409599422592,0.00577408877661494,0.00577408877661494,0.00577408877661494,0.00577408877661494,0.06640202093107181,0.00577408877661494,0.00577408877661494,0.00577408877661494",-1
"0,0,0,0,0,0,0,0,0,0,0,0,0,0,0,0,0,0,0,0,0,0,0,-1,0,0,0,0,0,-1,1,0,0,0,0,0,0,0,0,0,0,0,0,0,0,0,0,0,0","0.006759294029290274,0.006383777694329703,0.06759294029290275,0.006383777694329703,0.061209162598573036,0.006383777694329703,0.061209162598573036,0.006383777694329703,0.006383777694329703,0.006383777694329703,0.061209162598573036,0.07172361997746902,0.006383777694329703,0.060082613593691325,0.006383777694329703,0.006383777694329703,0.006383777694329703,0.006383777694329703,0.006383777694329703,0.06383777694329704,0.006383777694329703,0.006383777694329703,0.006383777694329703,0,0.06834397296282388,0.006383777694329703,0.006759294029290274,0.006383777694329703,0.07622981599699587,0,0,0.06759294029290275,0.006383777694329703,0.006383777694329703,0.006383777694329703,0.05933158092377019,0.006383777694329703,0.006383777694329703,0.006383777694329703,0.006383777694329703,0.006383777694329703,0.006383777694329703,0.006383777694329703,0.006383777694329703,0.006383777694329703,0.006383777694329703,0.06383777694329704,0.006383777694329703,0.006383777694329703",1
"0,0,0,0,0,0,0,0,0,0,0,0,0,0,0,0,0,0,0,0,0,0,0,-1,0,0,0,0,1,-1,1,0,0,0,0,0,0,0,0,0,0,0,0,0,0,0,0,0,0","0.003386004514672686,0.003386004514672686,0.05003762227238525,0.05154251316779534,0.003386004514672686,0.003386004514672686,0.003386004514672686,0.04702784048156509,0.046651617757712566,0.003386004514672686,0.04702784048156509,0.05154251316779534,0.003386004514672686,0.003386004514672686,0.003386004514672686,0.081640331075997,0.05003762227238525,0.04702784048156509,0.003386004514672686,0.003386004514672686,0.045146726862302484,0.05379984951091046,0.04589917231000752,0,0.003386004514672686,0.003386004514672686,0.003386004514672686,0.003386004514672686,0,0,0,0.003386004514672686,0.003386004514672686,0.003386004514672686,0.003386004514672686,0.003386004514672686,0.0545522949586155,0.04477050413844996,0.003386004514672686,0.04815650865312265,0.003386004514672686,0.04288939051918736,0.003386004514672686,0.003386004514672686,0.003386004514672686,0.003386004514672686,0.003386004514672686,0.0526711813393529,0.04815650865312265",-1
"0,0,0,0,0,0,0,0,0,0,0,0,0,0,0,-1,0,0,0,0,0,0,0,-1,0,0,0,0,1,-1,1,0,0,0,0,0,0,0,0,0,0,0,0,0,0,0,0,0,0","0.013468013468013467,0.013093901982790871,0.013468013468013467,0.08791619902731014,0.013468013468013467,0.013468013468013467,0.013468013468013467,0.10362888140665918,0.013093901982790871,0.013468013468013467,0.013468013468013467,0.013468013468013467,0.16647961092405536,0.013468013468013467,0.013468013468013467,0,0.013468013468013467,0.013468013468013467,0.013093901982790871,0.013468013468013467,0.013468013468013467,0.013468013468013467,0.013468013468013467,0,0.10624766180321736,0.013468013468013467,0.013468013468013467,0.013468013468013467,0,0,0,0.013468013468013467,0.013093901982790871,0.013093901982790871,0.013468013468013467,0.013468013468013467,0.013093901982790871,0.013093901982790871,0.013468013468013467,0.013468013468013467,0.013468013468013467,0.013468013468013467,0.013468013468013467,0.013468013468013467,0.013468013468013467,0.013093901982790871,0.013468013468013467,0.013468013468013467,0.013468013468013467",1
"0,0,0,0,0,0,0,0,0,0,0,0,1,0,0,-1,0,0,0,0,0,0,0,-1,0,0,0,0,1,-1,1,0,0,0,0,0,0,0,0,0,0,0,0,0,0,0,0,0,0","0.003790489317711923,0.003790489317711923,0.003790489317711923,0.003790489317711923,0.003790489317711923,0.05444521019986216,0.05134390075809786,0.003790489317711923,0.003790489317711923,0.003790489317711923,0.04686423156443832,0.003790489317711923,0,0.003790489317711923,0.049276361130255,0,0.003790489317711923,0.003790489317711923,0.003790489317711923,0.055823569951757405,0.003790489317711923,0.003790489317711923,0.003790489317711923,0,0.003790489317711923,0.47105444521019985,0.003790489317711923,0.048587181254307374,0,0,0,0.003790489317711923,0.003790489317711923,0.003790489317711923,0.003790489317711923,0.003790489317711923,0.003790489317711923,0.003790489317711923,0.003790489317711923,0.003790489317711923,0.003790489317711923,0.003790489317711923,0.003790489317711923,0.003790489317711923,0.003790489317711923,0.0461750516884907,0.003790489317711923,0.003790489317711923,0.04755341144038594",-1
"0,0,0,0,0,0,0,0,0,0,0,0,1,0,0,-1,0,0,0,0,0,0,0,-1,0,-1,0,0,1,-1,1,0,0,0,0,0,0,0,0,0,0,0,0,0,0,0,0,0,0","0.07555555555555556,0.01411764705882353,0.01411764705882353,0.015947712418300654,0.01411764705882353,0.01411764705882353,0.01411764705882353,0.08026143790849673,0.015947712418300654,0.022222222222222223,0.015947712418300654,0.01411764705882353,0,0.01411764705882353,0.01411764705882353,0,0.025359477124183006,0.015947712418300654,0.02954248366013072,0.01411764705882353,0.04156862745098039,0.02065359477124183,0.01411764705882353,0,0.02666666666666667,0,0.05542483660130719,0.01411764705882353,0,0,0,0.01411764705882353,0.01411764705882353,0.017516339869281045,0.01411764705882353,0.11895424836601307,0.015947712418300654,0.015947712418300654,0.015947712418300654,0.023790849673202615,0.01411764705882353,0.01411764705882353,0.015947712418300654,0.01411764705882353,0.02666666666666667,0.015947712418300654,0.01411764705882353,0.02065359477124183,0.017516339869281045",1
"0,0,0,0,0,0,0,0,0,0,0,0,1,0,0,-1,0,0,0,0,0,0,0,-1,0,-1,0,0,1,-1,1,0,0,0,0,1,0,0,0,0,0,0,0,0,0,0,0,0,0","0.044955387783115995,0.0030885380919698007,0.0030885380919698007,0.042210020590253944,0.0030885380919698007,0.0030885380919698007,0.0030885380919698007,0.0030885380919698007,0.0030885380919698007,0.044955387783115995,0.0030885380919698007,0.0030885380919698007,0,0.044955387783115995,0.04049416609471517,0,0.041523678792038436,0.0030885380919698007,0.0030885380919698007,0.0030885380919698007,0.04392587508579272,0.04598490048043926,0.04770075497597804,0,0.0030885380919698007,0,0.07137954701441318,0.0030885380919698007,0,0,0,0.042210020590253944,0.0030885380919698007,0.0030885380919698007,0.03740562800274537,0,0.13486616334934798,0.04083733699382292,0.03809196980096088,0.0030885380919698007,0.0030885380919698007,0.0425531914893617,0.0030885380919698007,0.050102951269732326,0.0030885380919698007,0.0030885380919698007,0.0030885380919698007,0.03980782429649966,0.03809196980096088",-1
"0,0,0,0,0,0,0,0,0,0,0,0,1,0,0,-1,0,0,0,0,0,0,0,-1,0,-1,0,0,1,-1,1,0,0,0,0,1,-1,0,0,0,0,0,0,0,0,0,0,0,0","0.011917280056081317,0.011917280056081317,0.011917280056081317,0.011917280056081317,0.011917280056081317,0.011917280056081317,0.011917280056081317,0.011917280056081317,0.011917280056081317,0.011917280056081317,0.011917280056081317,0.011917280056081317,0,0.011917280056081317,0.011917280056081317,0,0.011917280056081317,0.011917280056081317,0.011917280056081317,0.011917280056081317,0.011917280056081317,0.011917280056081317,0.011917280056081317,0,0.011917280056081317,0,0.4682790045566071,0.011917280056081317,0,0,0,0.011917280056081317,0.011917280056081317,0.011917280056081317,0.011917280056081317,0,0,0.011917280056081317,0.011917280056081317,0.011917280056081317,0.011917280056081317,0.011917280056081317,0.07886435331230283,0.011917280056081317,0.011917280056081317,0.011917280056081317,0.011917280056081317,0.011917280056081317,0.011917280056081317",1
"0,0,0,0,0,0,0,0,0,0,0,0,1,0,0,-1,0,0,0,0,0,0,0,-1,0,-1,1,0,1,-1,1,0,0,0,0,1,-1,0,0,0,0,0,0,0,0,0,0,0,0","0.0021069265209375824,0.0021069265209375824,0.0021069265209375824,0.0021069265209375824,0.0021069265209375824,0.0021069265209375824,0.0021069265209375824,0.0021069265209375824,0.0021069265209375824,0.02501975243613379,0.0021069265209375824,0.0021069265209375824,0,0.0021069265209375824,0.0021069265209375824,0,0.0021069265209375824,0.0021069265209375824,0.0021069265209375824,0.7534895970503028,0.02475638662101659,0.0021069265209375824,0.0021069265209375824,0,0.023439557545430603,0,0,0.028970239662891757,0,0,0,0.025546484066368186,0.02501975243613379,0.0021069265209375824,0.028443508032657362,0,0,0.0021069265209375824,0.0021069265209375824,0.0021069265209375824,0.0021069265209375824,0.0021069265209375824,0.0021069265209375824,0.0021069265209375824,0.0021069265209375824,0.0021069265209375824,0.0021069265209375824,0.0021069265209375824,0.0021069265209375824",-1
"0,0,0,0,0,0,0,0,0,0,0,0,1,0,0,-1,0,0,0,-1,0,0,0,-1,0,-1,1,0,1,-1,1,0,0,0,0,1,-1,0,0,0,0,0,0,0,0,0,0,0,0","0.02216795040390757,0.02028931053916964,0.020477174525643436,0.020477174525643436,0.020477174525643436,0.023858726282171706,0.020477174525643436,0.020477174525643436,0.02724027803869998,0.02216795040390757,0.020477174525643436,0.020477174525643436,0,0.020477174525643436,0.02216795040390757,0,0.020477174525643436,0.025549502160435843,0.02216795040390757,0,0.11572421566785647,0.020477174525643436,0.02216795040390757,0,0.020477174525643436,0,0,0.02028931053916964,0,0,0,0.020477174525643436,0.02216795040390757,0.020477174525643436,0.020477174525643436,0,0,0.020477174525643436,0.02216795040390757,0.02028931053916964,0.02028931053916964,0.020477174525643436,0.11797858350554198,0.02216795040390757,0.02028931053916964,0.02216795040390757,0.02028931053916964,0.020477174525643436,0.02028931053916964",1
"0,0,0,0,0,0,0,0,0,0,0,0,1,0,0,-1,0,0,0,-1,0,0,0,-1,0,-1,1,0,1,-1,1,0,0,0,0,1,-1,0,0,0,0,0,1,0,0,0,0,0,0","0.004852798447104497,0.046263345195729534,0.004852798447104497,0.004852798447104497,0.004852798447104497,0.004852798447104497,0.004852798447104497,0.04723390488515044,0.07635069556777742,0.004852798447104497,0.04367518602394047,0.004852798447104497,0,0.051439663539307665,0.05402782271109673,0,0.004852798447104497,0.004852798447104497,0.0498220640569395,0,0.04561630540278227,0.06729213846651569,0.04852798447104497,0,0.004852798447104497,0,0,0.042704626334519574,0,0,0,0.047880944678097705,0.004852798447104497,0.049175024263992236,0.004852798447104497,0,0,0.04852798447104497,0.004852798447104497,0.004852798447104497,0.004852798447104497,0.004852798447104497,0,0.004852798447104497,0.004852798447104497,0.047880944678097705,0.049175024263992236,0.04367518602394047,0.04852798447104497",-1
"0,0,0,0,0,0,0,0,-1,0,0,0,1,0,0,-1,0,0,0,-1,0,0,0,-1,0,-1,1,0,1,-1,1,0,0,0,0,1,-1,0,0,0,0,0,1,0,0,0,0,0,0","0.0014814814814814814,0.0014814814814814814,0.0014814814814814814,0.0014814814814814814,0.01888888888888889,0.0014814814814814814,0.0014814814814814814,0.0014814814814814814,0,0.01925925925925926,0.0014814814814814814,0.0014814814814814814,0,0.0014814814814814814,0.0014814814814814814,0,0.0014814814814814814,0.0014814814814814814,0.0014814814814814814,0,0.0014814814814814814,0.0014814814814814814,0.8440740740740741,0,0.024444444444444446,0,0,0.0014814814814814814,0,0,0,0.0014814814814814814,0.0014814814814814814,0.0014814814814814814,0.0014814814814814814,0,0,0.0014814814814814814,0.0014814814814814814,0.0014814814814814814,0.0014814814814814814,0.022222222222222223,0,0.0014814814814814814,0.02666666666666667,0.0014814814814814814,0.0014814814814814814,0.0014814814814814814,0.0014814814814814814",1
"0,0,0,0,0,0,0,0,-1,0,0,0,1,0,0,-1,0,0,0,-1,0,0,1,-1,0,-1,1,0,1,-1,1,0,0,0,0,1,-1,0,0,0,0,0,1,0,0,0,0,0,0","0.01517706576728499,0.012436762225969646,0.010961214165261383,0.017495784148397975,0.01370151770657673,0.010961214165261383,0.010961214165261383,0.012436762225969646,0,0.017495784148397975,0.010961214165261383,0.010961214165261383,0,0.012436762225969646,0.010961214165261383,0,0.5727234401349073,0.01370151770657673,0.012436762225969646,0,0.010961214165261383,0.012436762225969646,0,0,0.01370151770657673,0,0,0.010961214165261383,0,0,0,0.010961214165261383,0.01370151770657673,0.012436762225969646,0.01370151770657673,0,0,0.010961214165261383,0.016441821247892074,0.010961214165261383,0.010961214165261383,0.010961214165261383,0,0.010961214165261383,0.01370151770657673,0.010961214165261383,0.017495784148397975,0.010961214165261383,0.010961214165261383",-1
"0,0,0,0,0,0,0,0,-1,0,0,0,1,0,0,-1,-1,0,0,-1,0,0,1,-1,0,-1,1,0,1,-1,1,0,0,0,0,1,-1,0,0,0,0,0,1,0,0,0,0,0,0","0.01678564537912406,0.020451475979162647,0.014084507042253521,0.01678564537912406,0.019293845263360986,0.01543507621068879,0.019293845263360986,0.023924368126567626,0,0.014084507042253521,0.014084507042253521,0.014084507042253521,0,0.01543507621068879,0.05614508971638048,0,0,0.014084507042253521,0.012733937873818251,0,0.21377580551803974,0.01543507621068879,0,0,0.055180397453212425,0,0,0.052093382211074665,0,0,0,0.01678564537912406,0.01543507621068879,0.019293845263360986,0.022766737410765965,0,0,0.057109781979548524,0.01678564537912406,0.014084507042253521,0.055180397453212425,0.014084507042253521,0,0.014084507042253521,0.019293845263360986,0.022766737410765965,0.057109781979548524,0.014084507042253521,0.017943276094925718",1
"0,0,0,0,0,0,0,0,-1,0,0,0,1,0,0,-1,-1,0,0,-1,1,0,1,-1,0,-1,1,0,1,-1,1,0,0,0,0,1,-1,0,0,0,0,0,1,0,0,0,0,0,0","0.01986013986013986,0.0013986013986013986,0.0013986013986013986,0.0013986013986013986,0.0206993006993007,0.02293706293706294,0.0220979020979021,0.0013986013986013986,0,0.0013986013986013986,0.019580419580419582,0.0013986013986013986,0,0.733986013986014,0.0013986013986013986,0,0,0.0013986013986013986,0.0013986013986013986,0,0,0.0013986013986013986,0,0,0.022377622377622378,0,0,0.022657342657342656,0,0,0,0.0013986013986013986,0.0013986013986013986,0.0013986013986013986,0.0013986013986013986,0,0,0.0013986013986013986,0.0193006993006993,0.0013986013986013986,0.02293706293706294,0.0013986013986013986,0,0.0013986013986013986,0.0013986013986013986,0.022377622377622378,0.0013986013986013986,0.0013986013986013986,0.02181818181818182",-1
"0,0,0,0,0,0,0,0,-1,0,0,0,1,-1,0,-1,-1,0,0,-1,1,0,1,-1,0,-1,1,0,1,-1,1,0,0,0,0,1,-1,0,0,0,0,0,1,0,0,0,0,0,0","0.0312254516889238,0.029261586802827966,0.027101335428122545,0.027101335428122545,0.029261586802827966,0.029261586802827966,0.0312254516889238,0.03338570306362922,0,0.027101335428122545,0.027101335428122545,0.027101335428122545,0,0,0.0312254516889238,0,0,0.098586017282011,0.027101335428122545,0,0,0.027101335428122545,0,0,0.031421838177533384,0,0,0.029261586802827966,0,0,0,0.029261586802827966,0.027101335428122545,0.03338570306362922,0.027101335428122545,0,0,0.027101335428122545,0.029261586802827966,0.027101335428122545,0.027101335428122545,0.029261586802827966,0,0.03338570306362922,0.0312254516889238,0.029261586802827966,0.029261586802827966,0.027101335428122545,0.029261586802827966",1
"0,0,0,0,0,0,0,0,-1,0,0,0,1,-1,0,-1,-1,1,0,-1,1,0,1,-1,0,-1,1,0,1,-1,1,0,0,0,0,1,-1,0,0,0,0,0,1,0,0,0,0,0,0","0.02288791652642208,0.023561090541905083,0.0013463480309660047,0.23089868731066981,0.023561090541905083,0.02288791652642208,0.02288791652642208,0.023561090541905083,0,0.023224503534163582,0.02255132951868058,0.02288791652642208,0,0,0.023561090541905083,0,0,0,0.0013463480309660047,0,0,0.23089868731066981,0,0,0.023224503534163582,0,0,0.02288791652642208,0,0,0,0.023224503534163582,0.0013463480309660047,0.0013463480309660047,0.023224503534163582,0,0,0.02255132951868058,0.023224503534163582,0.0013463480309660047,0.02221474251093908,0.02255132951868058,0,0.023561090541905083,0.0013463480309660047,0.023561090541905083,0.02288791652642208,0.02255132951868058,0.02288791652642208",-1
"0,0,0,-1,0,0,0,0,-1,0,0,0,1,-1,0,-1,-1,1,0,-1,1,0,1,-1,0,-1,1,0,1,-1,1,0,0,0,0,1,-1,0,0,0,0,0,1,0,0,0,0,0,0","0.043092522179974654,0.05038022813688213,0.02788339670468948,0,0.03073510773130545,0.03073510773130545,0.03326996197718631,0.03073510773130545,0,0.03073510773130545,0.03073510773130545,0.02788339670468948,0,0,0.02788339670468948,0,0,0,0.03580481622306717,0,0,0.03326996197718631,0,0,0.045627376425855515,0,0,0.03073510773130545,0,0,0,0.03580481622306717,0.02788339670468948,0.03073510773130545,0.03326996197718631,0,0,0.03580481622306717,0.02788339670468948,0.03833967046894803,0.03580481622306717,0.03326996197718631,0,0.03326996197718631,0.03580481622306717,0.03073510773130545,0.03326996197718631,0.03073510773130545,0.02788339670468948",1
"0,1,0,-1,0,0,0,0,-1,0,0,0,1,-1,0,-1,-1,1,0,-1,1,0,1,-1,0,-1,1,0,1,-1,1,0,0,0,0,1,-1,0,0,0,0,0,1,0,0,0,0,0,0","0.019011406844106463,0,0.023954372623574145,0,0.023574144486692015,0.023574144486692015,0.023193916349809884,0.2011406844106464,0,0.02015209125475285,0.023193916349809884,0.023574144486692015,0,0,0.20076045627376427,0,0,0,0.001520912547528517,0,0,0.20076045627376427,0,0,0.022433460076045627,0,0,0.001520912547528517,0,0,0,0.023954372623574145,0.001520912547528517,0.001520912547528517,0.022433460076045627,0,0,0.022433460076045627,0.001520912547528517,0.023954372623574145,0.022813688212927757,0.023193916349809884,0,0.001520912547528517,0.022813688212927757,0.001520912547528517,0.001520912547528517,0.001520912547528517,0.019391634980988594",-1
"0,1,0,-1,0,0,0,-1,-1,0,0,0,1,-1,0,-1,-1,1,0,-1,1,0,1,-1,0,-1,1,0,1,-1,1,0,0,0,0,1,-1,0,0,0,0,0,1,0,0,0,0,0,0","0.034988337220926355,0,0.034988337220926355,0,0.034988337220926355,0.04131956014661779,0.034988337220926355,0,0,0.034988337220926355,0.034988337220926355,0.034988337220926355,0,0,0.034988337220926355,0,0,0,0.034988337220926355,0,0,0.034988337220926355,0,0,0.04131956014661779,0,0,0.034988337220926355,0,0,0,0.034988337220926355,0.034988337220926355,0.034988337220926355,0.034988337220926355,0,0,0.034988337220926355,0.03532155948017328,0.03532155948017328,0.034988337220926355,0.034988337220926355,0,0.034988337220926355,0.038320559813395536,0.038320559813395536,0.034988337220926355,0.03532155948017328,0.034988337220926355",1
"0,1,0,-1,0,1,0,-1,-1,0,0,0,1,-1,0,-1,-1,1,0,-1,1,0,1,-1,0,-1,1,0,1,-1,1,0,0,0,0,1,-1,0,0,0,0,0,1,0,0,0,0,0,0","0.04351174432036966,0,0.0431266846361186,0,0.02117828263380824,0,0.0431266846361186,0,0,0.04351174432036966,0.04351174432036966,0.0431266846361186,0,0,0.0011551790527531767,0,0,0,0.04351174432036966,0,0,0.0215633423180593,0,0,0.04351174432036966,0,0,0.04351174432036966,0,0,0,0.0431266846361186,0.04351174432036966,0.04351174432036966,0.04351174432036966,0,0,0.04351174432036966,0.04351174432036966,0.04351174432036966,0.04351174432036966,0.0215633423180593,0,0.0011551790527531767,0.04351174432036966,0.04351174432036966,0.04351174432036966,0.04351174432036966,0.02117828263380824",-1
"-1,1,0,-1,0,1,0,-1,-1,0,0,0,1,-1,0,-1,-1,1,0,-1,1,0,1,-1,0,-1,1,0,1,-1,1,0,0,0,0,1,-1,0,0,0,0,0,1,0,0,0,0,0,0","0,0,0.035175879396984924,0,0.038654812524159254,0,0.035175879396984924,0,0,0.035175879396984924,0.035175879396984924,0.038654812524159254,0,0,0.035175879396984924,0,0,0,0.05759567066099729,0,0,0.04213374565133359,0,0,0.038654812524159254,0,0,0.038654812524159254,0,0,0,0.04870506378044066,0.035175879396984924,0.035175879396984924,0.04213374565133359,0,0,0.03904136064940085,0.03904136064940085,0.038654812524159254,0.035175879396984924,0.035175879396984924,0,0.035175879396984924,0.038654812524159254,0.035175879396984924,0.04213374565133359,0.035175879396984924,0.035175879396984924",1
"-1,1,0,-1,0,1,0,-1,-1,0,0,0,1,-1,0,-1,-1,1,1,-1,1,0,1,-1,0,-1,1,0,1,-1,1,0,0,0,0,1,-1,0,0,0,0,0,1,0,0,0,0,0,0","0,0,0.09832317073170732,0,0.020579268292682928,0,0.020960365853658538,0,0,0.0011432926829268292,0.020960365853658538,0.09832317073170732,0,0,0.0011432926829268292,0,0,0,0,0,0,0.020960365853658538,0,0,0.09832317073170732,0,0,0.020960365853658538,0,0,0,0.09832317073170732,0.0011432926829268292,0.0011432926829268292,0.019435975609756097,0,0,0.09832317073170732,0.020579268292682928,0.09870426829268293,0.0011432926829268292,0.09832317073170732,0,0.019817073170731708,0.09870426829268293,0.020198170731707318,0.0011432926829268292,0.0011432926829268292,0.020198170731707318",-1
"-1,1,0,-1,0,1,0,-1,-1,0,0,0,1,-1,0,-1,-1,1,1,-1,1,0,1,-1,0,-1,1,0,1,-1,1,0,0,0,0,1,-1,0,0,-1,0,0,1,0,0,0,0,0,0","0,0,0.03985374771480804,0,0.04314442413162706,0,0.03985374771480804,0,0,0.03985374771480804,0.03985374771480804,0.03985374771480804,0,0,0.03985374771480804,0,0,0,0,0,0,0.03985374771480804,0,0,0.04314442413162706,0,0,0.03985374771480804,0,0,0,0.04314442413162706,0.03985374771480804,0.03985374771480804,0.04680073126142596,0,0,0.04314442413162706,0.03948811700182815,0,0.03985374771480804,0.03985374771480804,0,0.03985374771480804,0.05338208409506399,0.04314442413162706,0.04680073126142596,0.03985374771480804,0.03985374771480804",1
"-1,1,0,-1,0,1,0,-1,-1,0,0,0,1,-1,0,-1,-1,1,1,-1,1,0,1,-1,0,-1,1,0,1,-1,1,0,0,0,0,1,-1,0,0,-1,0,0,1,0,1,0,0,0,0","0,0,0.019443385436523065,0,0.001143728555089592,0,0.08959207014868471,0,0,0.017918414029736943,0.08921082729698818,0.08959207014868471,0,0,0.019062142584826535,0,0,0,0,0,0,0.019062142584826535,0,0,0.08959207014868471,0,0,0.019443385436523065,0,0,0,0.08959207014868471,0.017918414029736943,0.001143728555089592,0.019443385436523065,0,0,0.019443385436523065,0.08921082729698818,0,0.001143728555089592,0.018680899733130005,0,0.019443385436523065,0,0.08959207014868471,0.08959207014868471,0.001143728555089592,0.08959207014868471",-1
"-1,1,0,-1,0,1,-1,-1,-1,0,0,0,1,-1,0,-1,-1,1,1,-1,1,0,1,-1,0,-1,1,0,1,-1,1,0,0,0,0,1,-1,0,0,-1,0,0,1,0,1,0,0,0,0","0,0,0.04017692591227424,0,0.05086619977884261,0,0,0,0,0.04718024327312938,0.04017692591227424,0.04017692591227424,0,0,0.04386288241798747,0,0,0,0,0,0,0.04386288241798747,0,0,0.04718024327312938,0,0,0.04386288241798747,0,0,0,0.05750092148912643,0.04017692591227424,0.04718024327312938,0.04386288241798747,0,0,0.06376704754883893,0.0475488389237007,0,0.04386288241798747,0.04718024327312938,0,0.04017692591227424,0,0.04017692591227424,0.04386288241798747,0.04718024327312938,0.04017692591227424",1
"-1,1,0,-1,0,1,-1,-1,-1,0,0,0,1,-1,0,-1,-1,1,1,-1,1,0,1,-1,0,-1,1,0,1,-1,1,0,0,0,0,1,-1,1,0,-1,0,0,1,0,1,0,0,0,0","0,0,0.0015082956259426848,0,0.014705882352941176,0,0,0,0,0.016968325791855202,0.019230769230769232,0.0015082956259426848,0,0,0.014705882352941176,0,0,0,0,0,0,0.016968325791855202,0,0,0.7737556561085973,0,0,0.016591251885369532,0,0,0,0.0015082956259426848,0.017722473604826545,0.016591251885369532,0.016214177978883863,0,0,0,0.016968325791855202,0,0.0015082956259426848,0.01583710407239819,0,0.0015082956259426848,0,0.016591251885369532,0.0015082956259426848,0.016591251885369532,0.0015082956259426848",-1
"0,0,0,0,0,0,0,0,0,0,0,0,0,0,0,0,0,0,0,0,0,0,0,0,0,0,0,0,0,0,0,0,0,0,0,0,0,0,0,0,0,0,0,0,0,0,0,0,0","0.022439820481436147,0.024071807425540596,0.0208078335373317,0.0012239902080783353,0.022439820481436147,0.021215830273357814,0.023255813953488372,0.02039983680130559,0.0012239902080783353,0.022439820481436147,0.026519787841697267,0.02284781721746226,0.022439820481436147,0.02447980416156671,0.022439820481436147,0.024887800897592818,0.026519787841697267,0.022439820481436147,0.02284781721746226,0.022031823745410038,0.0012239902080783353,0.022439820481436147,0.022439820481436147,0.02529579763361893,0.0012239902080783353,0.022439820481436147,0.022439820481436147,0.023255813953488372,0.023255813953488372,0.026111791105671155,0.022439820481436147,0.0208078335373317,0.022439820481436147,0.0208078335373317,0.023255813953488372,0.022439820481436147,0.02284781721746226,0.02529579763361893,0.026519787841697267,0.0208078335373317,0.02529579763361893,0.02039983680130559,0.026111791105671155,0.02284781721746226,0.0012239902080783353,0.0012239902080783353,0.022439820481436147,0.023255813953488372,0.022439820481436147",1
"0,0,0,0,0,0,0,0,0,0,1,0,0,0,0,0,0,0,0,0,0,0,0,0,0,0,0,0,0,0,0,0,0,0,0,0,0,0,0,0,0,0,0,0,0,0,0,0,0","0.013508144616607072,0.013508144616607072,0.013508144616607072,0.013110846245530394,0.013508144616607072,0.013508144616607072,0.013110846245530394,0.013508144616607072,0.013508144616607072,0.013508144616607072,0,0.013110846245530394,0.013508144616607072,0.013110846245530394,0.013508144616607072,0.013508144616607072,0.10528406833531982,0.013508144616607072,0.013110846245530394,0.013110846245530394,0.013508144616607072,0.013110846245530394,0.013110846245530394,0.013508144616607072,0.013508144616607072,0.013110846245530394,0.013508144616607072,0.013508144616607072,0.013110846245530394,0.17123559793404847,0.013110846245530394,0.013508144616607072,0.013110846245530394,0.013508144616607072,0.013508144616607072,0.013508144616607072,0.013110846245530394,0.013110846245530394,0.013110846245530394,0.013508144616607072,0.013508144616607072,0.013508144616607072,0.013110846245530394,0.12276519666269368,0.013110846245530394,0.013508144616607072,0.013508144616607072,0.013110846245530394,0.013508144616607072",-1
"0,0,0,0,0,0,0,0,0,0,1,0,0,0,0,0,0,0,0,0,0,0,0,0,0,0,0,0,0,-1,0,0,0,0,0,0,0,0,0,0,0,0,0,0,0,0,0,0,0","0.004160887656033287,0.004160887656033287,0.004160887656033287,0.004160887656033287,0.004160887656033287,0.004160887656033287,0.004160887656033287,0.004160887656033287,0.04854368932038835,0.004160887656033287,0,0.004160887656033287,0.05339805825242718,0.004160887656033287,0.004160887656033287,0.004160887656033287,0.05547850208044383,0.004160887656033287,0.049237170596393896,0.004160887656033287,0.049930651872399444,0.05409153952843273,0.05617198335644938,0.004160887656033287,0.06345353675450763,0.004160887656033287,0.052704576976421634,0.004160887656033287,0.004160887656033287,0,0.13072122052704577,0.004160887656033287,0.004160887656033287,0.004160887656033287,0.004160887656033287,0.05062413314840499,0.05062413314840499,0.004160887656033287,0.004160887656033287,0.004160887656033287,0.052011095700416086,0.004160887656033287,0.004160887656033287,0.004160887656033287,0.04854368932038835,0.05131761442441054,0.004160887656033287,0.004160887656033287,0.004160887656033287",1
"0,0,0,0,0,0,0,0,0,0,1,0,0,0,0,0,0,0,0,0,0,0,0,0,0,0,0,0,0,-1,1,0,0,0,0,0,0,0,0,0,0,0,0,0,0,0,0,0,0","0.014482515012363122,0.014482515012363122,0.014482515012363122,0.014482515012363122,0.014482515012363122,0.014482515012363122,0.014482515012363122,0.014482515012363122,0.014482515012363122,0.014482515012363122,0,0.014482515012363122,0.014482515012363122,0.014482515012363122,0.014482515012363122,0.014482515012363122,0.11020840692334864,0.014482515012363122,0.014482515012363122,0.014482515012363122,0.014482515012363122,0.014482515012363122,0.014482515012363122,0.16743200282585657,0.014482515012363122,0.014482515012363122,0.014482515012363122,0.014482515012363122,0.014482515012363122,0,0,0.014482515012363122,0.014482515012363122,0.014482515012363122,0.014482515012363122,0.014482515012363122,0.014482515012363122,0.014482515012363122,0.014482515012363122,0.014482515012363122,0.014482515012363122,0.014482515012363122,0.014482515012363122,0.014482515012363122,0.014482515012363122,0.014482515012363122,0.0996114447191805,0.014482515012363122,0.014482515012363122",-1
"0,0,0,0,0,0,0,0,0,0,1,0,0,0,0,0,0,0,0,0,0,0,0,-1,0,0,0,0,0,-1,1,0,0,0,0,0,0,0,0,0,0,0,0,0,0,0,0,0,0","0.006145442130419939,0.006145442130419939,0.006145442130419939,0.0597473540457494,0.05462615227039946,0.006145442130419939,0.0064868555821099355,0.0064868555821099355,0.006145442130419939,0.0064868555821099355,0,0.06657562307954934,0.006145442130419939,0.06657562307954934,0.006145442130419939,0.0597473540457494,0.0064868555821099355,0.0064868555821099355,0.06794127688630933,0.05804028678729942,0.05565039262546944,0.0064868555821099355,0.05735745988391942,0,0.0064868555821099355,0.0064868555821099355,0.0064868555821099355,0.0064868555821099355,0.0064868555821099355,0,0,0.06555138272447934,0.006145442130419939,0.0064868555821099355,0.0064868555821099355,0.006145442130419939,0.06555138272447934,0.006145442130419939,0.06145442130419938,0.0064868555821099355,0.006145442130419939,0.0064868555821099355,0.006145442130419939,0.0064868555821099355,0.0064868555821099355,0.0064868555821099355,0.05804028678729942,0.0064868555821099355,0.006145442130419939",1
"0,0,0,0,0,0,0,0,0,0,1,0,0,0,0,0,0,0,1,0,0,0,0,-1,0,0,0,0,0,-1,1,0,0,0,0,0,0,0,0,0,0,0,0,0,0,0,0,0,0","0.003389830508474576,0.0030131826741996233,0.0030131826741996233,0.0030131826741996233,0.05047080979284369,0.04745762711864407,0.05047080979284369,0.04105461393596987,0.0030131826741996233,0.04143126177024482,0,0.04218455743879473,0.0030131826741996233,0.04406779661016949,0.04331450094161959,0.05160075329566855,0.0030131826741996233,0.050094161958568736,0,0.0030131826741996233,0.050094161958568736,0.0030131826741996233,0.0030131826741996233,0,0.0030131826741996233,0.052354048964218455,0.04519774011299435,0.04896421845574388,0.04406779661016949,0,0,0.047080979284369114,0.0030131826741996233,0.0030131826741996233,0.0030131826741996233,0.0030131826741996233,0.045951035781544254,0.0030131826741996233,0.0030131826741996233,0.044444444444444446,0.04143126177024482,0.0030131826741996233,0.0030131826741996233,0.0030131826741996233,0.0030131826741996233,0.0030131826741996233,0.003389830508474576,0.0030131826741996233,0.04519774011299435",-1
"0,0,0,0,0,0,0,0,0,0,1,0,0,0,0,0,0,0,1,0,0,0,0,-1,0,-1,0,0,0,-1,1,0,0,0,0,0,0,0,0,0,0,0,0,0,0,0,0,0,0","0.00847457627118644,0.008859784283513097,0.00847457627118644,0.008859784283513097,0.00847457627118644,0.008859784283513097,0.00847457627118644,0.00847457627118644,0.008859784283513097,0.06702619414483821,0,0.00847457627118644,0.00847457627118644,0.06779661016949153,0.00847457627118644,0.008859784283513097,0.00847457627118644,0.008859784283513097,0,0.008859784283513097,0.00847457627118644,0.07665639445300462,0.00847457627118644,0,0.0901386748844376,0,0.00847457627118644,0.008859784283513097,0.08050847457627118,0,0,0.00847457627118644,0.008859784283513097,0.008859784283513097,0.008859784283513097,0.008859784283513097,0.06702619414483821,0.06779661016949153,0.008859784283513097,0.00847457627118644,0.07010785824345146,0.00847457627118644,0.008859784283513097,0.06471494607087827,0.008859784283513097,0.00847457627118644,0.008859784283513097,0.00847457627118644,0.062403697996918334",1
"0,0,0,0,0,0,0,0,0,0,1,0,0,0,0,0,0,0,1,0,0,0,0,-1,1,-1,0,0,0,-1,1,0,0,0,0,0,0,0,0,0,0,0,0,0,0,0,0,0,0","0.06463595839524518,0.005943536404160475,0.060549777117384844,0.06723625557206538,0.005943536404160475,0.005943536404160475,0.005943536404160475,0.005943536404160475,0.005943536404160475,0.005943536404160475,0,0.005943536404160475,0.005943536404160475,0.05609212481426449,0.005943536404160475,0.06463595839524518,0.005943536404160475,0.07317979197622586,0,0.005943536404160475,0.005943536404160475,0.062035661218424965,0.06575037147102526,0,0,0,0.057206537890044575,0.06575037147102526,0.005943536404160475,0,0,0.005943536404160475,0.06463595839524518,0.005943536404160475,0.005943536404160475,0.005943536404160475,0.005943536404160475,0.005943536404160475,0.005943536404160475,0.005943536404160475,0.005943536404160475,0.005943536404160475,0.005943536404160475,0.005943536404160475,0.0638930163447251,0.005943536404160475,0.062035661218424965,0.005943536404160475,0.005943536404160475",-1
"0,0,0,0,0,0,0,0,0,0,1,0,0,0,0,0,0,-1,1,0,0,0,0,-1,1,-1,0,0,0,-1,1,0,0,0,0,0,0,0,0,0,0,0,0,0,0,0,0,0,0","0.0015060240963855422,0.0015060240963855422,0.025225903614457833,0.0015060240963855422,0.024096385542168676,0.028237951807228916,0.030120481927710843,0.0015060240963855422,0.0015060240963855422,0.0015060240963855422,0,0.7439759036144579,0.0015060240963855422,0.02296686746987952,0.0015060240963855422,0.0015060240963855422,0.0015060240963855422,0,0,0.0015060240963855422,0.0015060240963855422,0.0015060240963855422,0.0015060240963855422,0,0,0,0.0015060240963855422,0.025225903614457833,0.0015060240963855422,0,0,0.0286144578313253,0.0015060240963855422,0.0015060240963855422,0.0015060240963855422,0.0015060240963855422,0.0015060240963855422,0.0015060240963855422,0.0015060240963855422,0.023343373493975902,0.0015060240963855422,0.0015060240963855422,0.0015060240963855422,0.0015060240963855422,0.0015060240963855422,0.0015060240963855422,0.0015060240963855422,0.0015060240963855422,0.0015060240963855422",1
"0,0,0,0,0,0,0,0,0,0,1,1,0,0,0,0,0,-1,1,0,0,0,0,-1,1,-1,0,0,0,-1,1,0,0,0,0,0,0,0,0,0,0,0,0,0,0,0,0,0,0","0.02660054102795311,0.02254283137962128,0.02254283137962128,0.02254283137962128,0.028403967538322812,0.02660054102795311,0.02254283137962128,0.024571686203787194,0.02254283137962128,0.02254283137962128,0,0,0.02254283137962128,0.024571686203787194,0.02254283137962128,0.02254283137962128,0.02254283137962128,0,0,0.024571686203787194,0.02254283137962128,0.024571686203787194,0.024571686203787194,0,0,0,0.024571686203787194,0.02254283137962128,0.024571686203787194,0,0,0.0263751127141569,0.02254283137962128,0.02254283137962128,0.02660054102795311,0.03223624887285843,0.030207394048692517,0.0263751127141569,0.028403967538322812,0.02254283137962128,0.02660054102795311,0.02660054102795311,0.024571686203787194,0.03742110009017133,0.024571686203787194,0.02660054102795311,0.02660054102795311,0.02254283137962128,0.02254283137962128",-1
"0,0,0,0,0,0,0,0,0,0,1,1,0,0,0,0,0,-1,1,0,0,0,0,-1,1,-1,0,0,0,-1,1,0,0,0,0,0,0,0,0,0,0,0,0,-1,0,0,0,0,0","0.0011419870574800152,0.0011419870574800152,0.030072325846973735,0.029311001141987057,0.0011419870574800152,0.03045298819946707,0.0011419870574800152,0.029311001141987057,0.030072325846973735,0.026646364674533688,0,0,0.022459078797106968,0.029691663494480394,0.03045298819946707,0.029311001141987057,0.030072325846973735,0,0,0.03045298819946707,0.030072325846973735,0.026646364674533688,0.0011419870574800152,0,0,0,0.06889988580129425,0.027788351732013702,0.02854967643700038,0,0,0.030072325846973735,0.029691663494480394,0.03045298819946707,0.030833650551960412,0.0011419870574800152,0.029311001141987057,0.029311001141987057,0.030833650551960412,0.030072325846973735,0.02893033878949372,0.03045298819946707,0.06889988580129425,0,0.030833650551960412,0.03045298819946707,0.0011419870574800152,0.03045298819946707,0.0011419870574800152",1
"0,0,0,0,0,0,0,0,0,0,1,1,0,0,0,0,0,-1,1,0,0,0,0,-1,1,-1,1,0,0,-1,1,0,0,0,0,0,0,0,0,0,0,0,0,-1,0,0,0,0,0","0.028376844494892167,0.02383654937570942,0.021566401816118047,0.028376844494892167,0.018917896329928113,0.021566401816118047,0.03480892924706772,0.026106696935300794,0.026106696935300794,0.02383654937570942,0,0,0.02383654937570942,0.019296254256526674,0.032917139614074914,0.019296254256526674,0.021566401816118047,0,0,0.03670071888006054,0.03670071888006054,0.03064699205448354,0.021566401816118047,0,0,0,0,0.019296254256526674,0.019296254256526674,0,0,0.03670071888006054,0.03064699205448354,0.019296254256526674,0.019296254256526674,0.03897086643965191,0.019296254256526674,0.019296254256526674,0.032917139614074914,0.018917896329928113,0.019296254256526674,0.02383654937570942,0.03897086643965191,0,0.03897086643965191,0.03064699205448354,0.032917139614074914,0.02383654937570942,0.021566401816118047",-1
"0,0,0,0,0,0,0,0,0,0,1,1,0,0,0,0,0,-1,1,0,0,0,0,-1,1,-1,1,0,0,-1,1,0,0,0,0,-1,0,0,0,0,0,0,0,-1,0,0,0,0,0","0.03078721745908028,0.0011691348402182386,0.03078721745908028,0.0011691348402182386,0.025720966484801246,0.030397505845674203,0.03078721745908028,0.02338269680436477,0.03078721745908028,0.030397505845674203,0,0,0.028838659392049885,0.0011691348402182386,0.03078721745908028,0.03078721745908028,0.0011691348402182386,0,0,0.03078721745908028,0.03078721745908028,0.02922837100545596,0.0011691348402182386,0,0,0,0,0.0011691348402182386,0.030007794232268122,0,0,0.0011691348402182386,0.0011691348402182386,0.03078721745908028,0.03078721745908028,0,0.03078721745908028,0.0011691348402182386,0.030007794232268122,0.030397505845674203,0.03078721745908028,0.03078721745908028,0.10483242400623538,0,0.03078721745908028,0.02922837100545596,0.10522213561964147,0.03078721745908028,0.030007794232268122",1
"0,0,0,0,0,0,0,0,0,0,1,1,0,0,0,0,0,-1,1,0,0,0,0,-1,1,-1,1,0,0,-1,1,0,0,0,0,-1,0,0,0,0,0,0,0,-1,0,0,1,0,0","0.024506217995610827,0.021945866861741038,0.04059985369422092,0.021945866861741038,0.021945866861741038,0.024506217995610827,0.03621068032187271,0.021945866861741038,0.03840526700804682,0.021945866861741038,0,0,0.024506217995610827,0.03182150694952451,0.03401609363569861,0.021945866861741038,0.021945866861741038,0,0,0.04901243599122165,0.021945866861741038,0.024506217995610827,0.021945866861741038,0,0,0,0,0.026700804681784932,0.021945866861741038,0,0,0.042794440380395024,0.03182150694952451,0.029261155815654718,0.021945866861741038,0,0.021945866861741038,0.021945866861741038,0.03621068032187271,0.03401609363569861,0.03401609363569861,0.021945866861741038,0.024506217995610827,0,0.027066569129480616,0.027066569129480616,0,0.021945866861741038,0.029261155815654718",-1
"0,0,0,0,0,0,0,0,0,0,1,1,0,0,0,0,0,-1,1,-1,0,0,0,-1,1,-1,1,0,0,-1,1,0,0,0,0,-1,0,0,0,0,0,0,0,-1,0,0,1,0,0","0.001923816852635629,0.03385917660638707,0.001923816852635629,0.001923816852635629,0.001923816852635629,0.03193535975375144,0.03270488649480569,0.03385917660638707,0.028857252789534438,0.001923816852635629,0,0,0.034243939976914196,0.034243939976914196,0.001923816852635629,0.0357829934590227,0.034243939976914196,0,0,0,0.032320123124278566,0.001923816852635629,0.03039630627164294,0,0,0,0,0.001923816852635629,0.001923816852635629,0,0,0.03655252020007695,0.001923816852635629,0.03308964986533282,0.03308964986533282,0,0.030781069642170065,0.001923816852635629,0.03655252020007695,0.03193535975375144,0.001923816852635629,0.03193535975375144,0.2504809542131589,0,0.03308964986533282,0.03385917660638707,0,0.03039630627164294,0.03270488649480569",1
"0,0,0,0,0,0,0,0,0,0,1,1,0,0,0,0,0,-1,1,-1,0,0,0,-1,1,-1,1,0,0,-1,1,0,0,0,0,-1,0,0,0,0,0,0,1,-1,0,0,1,0,0","0.030478023740776388,0.025344882900224575,0.030478023740776388,0.025344882900224575,0.025024061597690085,0.025344882900224575,0.025344882900224575,0.025344882900224575,0.025344882900224575,0.025024061597690085,0,0,0.02791145332050048,0.025344882900224575,0.025024061597690085,0.025344882900224575,0.025024061597690085,0,0,0,0.025344882900224575,0.02791145332050048,0.025024061597690085,0,0,0,0,0.025344882900224575,0.025024061597690085,0,0,0.025344882900224575,0.025344882900224575,0.025344882900224575,0.025344882900224575,0,0.1507860121912095,0.025024061597690085,0.025344882900224575,0.025344882900224575,0.025344882900224575,0.025344882900224575,0,0,0.025344882900224575,0.025024061597690085,0,0.025344882900224575,0.025344882900224575",-1
"0,0,0,0,0,0,0,0,0,0,1,1,0,0,0,0,0,-1,1,-1,0,0,0,-1,1,-1,1,0,0,-1,1,0,0,0,0,-1,-1,0,0,0,0,0,1,-1,0,0,1,0,0","0.0017024174327545114,0.02689819543752128,0.02689819543752128,0.027579162410623085,0.025876744977868574,0.027238678924072182,0.0017024174327545114,0.029281579843377595,0.0017024174327545114,0.0017024174327545114,0,0,0.0017024174327545114,0.028600612870275793,0.0017024174327545114,0.02417432754511406,0.02689819543752128,0,0,0,0.02519577800476677,0.0017024174327545114,0.02553626149131767,0,0,0,0,0.0017024174327545114,0.0017024174327545114,0,0,0.0017024174327545114,0.0017024174327545114,0.0017024174327545114,0.0017024174327545114,0,0,0.0017024174327545114,0.5457950289410963,0.027579162410623085,0.0017024174327545114,0.02826012938372489,0,0,0.02553626149131767,0.026217228464419477,0,0.02519577800476677,0.0017024174327545114",1
"0,0,0,0,0,0,0,0,0,0,1,1,0,0,0,0,0,-1,1,-1,0,0,0,-1,1,-1,1,0,0,-1,1,0,0,0,0,-1,-1,0,1,0,0,0,1,-1,0,0,1,0,0","0.029476787030213707,0.029476787030213707,0.03709162367968558,0.027266028002947678,0.03340702530090887,0.0253009088676001,0.027266028002947678,0.027266028002947678,0.027511667894866126,0.0253009088676001,0,0,0.027266028002947678,0.0253009088676001,0.03537214443625645,0.0253009088676001,0.029476787030213707,0,0,0,0.031441906165561286,0.027266028002947678,0.03340702530090887,0,0,0,0,0.02309014984033407,0.0253009088676001,0,0,0.10759027266028003,0.03709162367968558,0.031441906165561286,0.027266028002947678,0,0,0.02309014984033407,0,0.031441906165561286,0.027266028002947678,0.02309014984033407,0,0,0.0253009088676001,0.0253009088676001,0,0.039056742815033164,0.029476787030213707",-1
"0,0,0,0,0,0,0,0,0,0,1,1,0,0,0,0,0,-1,1,-1,0,0,0,-1,1,-1,1,0,0,-1,1,-1,0,0,0,-1,-1,0,1,0,0,0,1,-1,0,0,1,0,0","0.0013759889920880633,0.022703818369453045,0.0013759889920880633,0.020983832129342964,0.020983832129342964,0.016511867905056758,0.0013759889920880633,0.0013759889920880633,0.02304781561747506,0.015479876160990712,0,0,0.0013759889920880633,0.016167870657034743,0.019951840385276916,0.017543859649122806,0.01479188166494668,0,0,0,0.0013759889920880633,0.022015823873409012,0.017543859649122806,0,0,0,0,0.0013759889920880633,0.023735810113519093,0,0,0,0.017543859649122806,0.0013759889920880633,0.0013759889920880633,0,0,0.6068111455108359,0,0.020295837633298935,0.021671826625386997,0.015479876160990712,0,0,0.016167870657034743,0.0013759889920880633,0,0.0196078431372549,0.01719986240110079",1
"0,0,0,0,0,0,0,0,0,0,1,1,0,0,0,0,0,-1,1,-1,0,0,0,-1,1,-1,1,0,0,-1,1,-1,0,0,0,-1,-1,1,1,0,0,0,1,-1,0,0,1,0,0","0.032829475673122346,0.032829475673122346,0.032829475673122346,0.03542749173358526,0.032829475673122346,0.032829475673122346,0.03519130845536136,0.032829475673122346,0.032829475673122346,0.032829475673122346,0,0,0.032829475673122346,0.032829475673122346,0.032829475673122346,0.032829475673122346,0.032829475673122346,0,0,0,0.032829475673122346,0.032829475673122346,0.032829475673122346,0,0,0,0,0.032829475673122346,0.032829475673122346,0,0,0,0.032829475673122346,0.032829475673122346,0.03542749173358526,0,0,0,0,0.03778932451582428,0.032829475673122346,0.032829475673122346,0,0,0.03542749173358526,0.032829475673122346,0,0.032829475673122346,0.032829475673122346",-1
"0,0,0,0,0,0,0,0,0,0,1,1,0,0,0,0,0,-1,1,-1,0,0,0,-1,1,-1,1,0,0,-1,1,-1,0,0,0,-1,-1,1,1,-1,0,0,1,-1,0,0,1,0,0","0.02280501710376283,0.04865070315469403,0.02280501710376283,0.048270619536297986,0.02280501710376283,0.048270619536297986,0.02242493348536678,0.048270619536297986,0.048270619536297986,0.04865070315469403,0,0,0.02280501710376283,0.04865070315469403,0.048270619536297986,0.02280501710376283,0.02242493348536678,0,0,0,0.0011402508551881414,0.048270619536297986,0.021284682630178638,0,0,0,0,0.048270619536297986,0.02280501710376283,0,0,0,0.02280501710376283,0.04865070315469403,0.04865070315469403,0,0,0,0,0,0.02280501710376283,0.048270619536297986,0,0,0.048270619536297986,0.04865070315469403,0,0.02280501710376283,0.0011402508551881414",1
"0,1,0,0,0,0,0,0,0,0,1,1,0,0,0,0,0,-1,1,-1,0,0,0,-1,1,-1,1,0,0,-1,1,-1,0,0,0,-1,-1,1,1,-1,0,0,1,-1,0,0,1,0,0","0.03076923076923077,0,0.03076923076923077,0.03423076923076923,0.03076923076923077,0.031153846153846153,0.03076923076923077,0.043076923076923075,0.03076923076923077,0.046153846153846156,0,0,0.03076923076923077,0.03076923076923077,0.03076923076923077,0.037307692307692306,0.03076923076923077,0,0,0,0.043076923076923075,0.03423076923076923,0.03076923076923077,0,0,0,0,0.03076923076923077,0.03423076923076923,0,0,0,0.07,0.03076923076923077,0.03076923076923077,0,0,0,0,0,0.04038461538461539,0.037307692307692306,0,0,0.037307692307692306,0.03423076923076923,0,0.03423076923076923,0.043076923076923075",-1
"0,1,0,0,0,0,0,0,0,0,1,1,0,0,0,0,0,-1,1,-1,0,0,0,-1,1,-1,1,0,0,-1,1,-1,-1,0,0,-1,-1,1,1,-1,0,0,1,-1,0,0,1,0,0","0.019585687382297552,0,0.0015065913370998117,0.0015065913370998117,0.0015065913370998117,0.019585687382297552,0.0192090395480226,0.02071563088512241,0.0015065913370998117,0.01544256120527307,0,0,0.0015065913370998117,0.018832391713747645,0.019962335216572504,0.0015065913370998117,0.0015065913370998117,0,0,0,0.0015065913370998117,0.0015065913370998117,0.0015065913370998117,0,0,0,0,0.01544256120527307,0.01770244821092279,0,0,0,0,0.0015065913370998117,0.016195856873822974,0,0,0,0,0,0.0015065913370998117,0.0015065913370998117,0,0,0.3879472693032015,0.38832391713747644,0,0.019962335216572504,0.0015065913370998117",1
"0,1,0,0,0,0,0,0,0,0,1,1,0,0,0,0,0,-1,1,-1,0,0,0,-1,1,-1,1,0,0,-1,1,-1,-1,0,0,-1,-1,1,1,-1,0,0,1,-1,0,1,1,0,0","0.038231098430813126,0,0.038231098430813126,0.03851640513552068,0.03851640513552068,0.03851640513552068,0.038231098430813126,0.03851640513552068,0.03851640513552068,0.03851640513552068,0,0,0.038231098430813126,0.03851640513552068,0.03851640513552068,0.03851640513552068,0.03851640513552068,0,0,0,0.03851640513552068,0.03851640513552068,0.03851640513552068,0,0,0,0,0.03851640513552068,0.03851640513552068,0,0,0,0,0.03851640513552068,0.03851640513552068,0,0,0,0,0,0.03851640513552068,0.038231098430813126,0,0,0.03851640513552068,0,0,0.03851640513552068,0.03851640513552068",-1
"0,1,0,-1,0,0,0,0,0,0,1,1,0,0,0,0,0,-1,1,-1,0,0,0,-1,1,-1,1,0,0,-1,1,-1,-1,0,0,-1,-1,1,1,-1,0,0,1,-1,0,1,1,0,0","0.03984674329501916,0,0.040229885057471264,0,0.03984674329501916,0.03984674329501916,0.03984674329501916,0.040229885057471264,0.03984674329501916,0.040229885057471264,0,0,0.040229885057471264,0.03984674329501916,0.03984674329501916,0.040229885057471264,0.03984674329501916,0,0,0,0.03984674329501916,0.040229885057471264,0.040229885057471264,0,0,0,0,0.040229885057471264,0.03984674329501916,0,0,0,0,0.040229885057471264,0.040229885057471264,0,0,0,0,0,0.03984674329501916,0.03984674329501916,0,0,0.03984674329501916,0,0,0.03984674329501916,0.03984674329501916",1
"0,1,1,-1,0,0,0,0,0,0,1,1,0,0,0,0,0,-1,1,-1,0,0,0,-1,1,-1,1,0,0,-1,1,-1,-1,0,0,-1,-1,1,1,-1,0,0,1,-1,0,1,1,0,0","0.04184424641611778,0,0,0,0.041456799690042616,0.04184424641611778,0.041456799690042616,0.041456799690042616,0.04184424641611778,0.041456799690042616,0,0,0.041456799690042616,0.04184424641611778,0.041456799690042616,0.041456799690042616,0.04184424641611778,0,0,0,0.04184424641611778,0.041456799690042616,0.04184424641611778,0,0,0,0,0.041456799690042616,0.04184424641611778,0,0,0,0,0.04184424641611778,0.041456799690042616,0,0,0,0,0,0.041456799690042616,0.04184424641611778,0,0,0.04184424641611778,0,0,0.04184424641611778,0.04184424641611778",-1
"-1,1,1,-1,0,0,0,0,0,0,1,1,0,0,0,0,0,-1,1,-1,0,0,0,-1,1,-1,1,0,0,-1,1,-1,-1,0,0,-1,-1,1,1,-1,0,0,1,-1,0,1,1,0,0","0,0,0,0,0.04332688588007737,0.043713733075435204,0.04332688588007737,0.04332688588007737,0.043713733075435204,0.043713733075435204,0,0,0.04332688588007737,0.04332688588007737,0.043713733075435204,0.043713733075435204,0.043713733075435204,0,0,0,0.043713733075435204,0.04332688588007737,0.043713733075435204,0,0,0,0,0.04332688588007737,0.04332688588007737,0,0,0,0,0.043713733075435204,0.04332688588007737,0,0,0,0,0,0.04332688588007737,0.04332688588007737,0,0,0.04332688588007737,0,0,0.04332688588007737,0.04332688588007737",1
"0,0,0,0,0,0,0,0,0,0,0,0,0,0,0,0,0,0,0,0,0,0,0,0,0,0,0,0,0,0,0,0,0,0,0,0,0,0,0,0,0,0,0,0,0,0,0,0,0","0.039575683394532844,0.04202366381068951,0.03590371277029784,0.03386372909016728,0.03998368013055895,0.002039983680130559,0.033047735618115054,0.002039983680130559,0.002039983680130559,0.002039983680130559,0.002039983680130559,0.0416156670746634,0.002039983680130559,0.002039983680130559,0.04243166054671563,0.03671970624235006,0.002039983680130559,0.041207670338637294,0.04039167686658507,0.04243166054671563,0.002039983680130559,0.002039983680130559,0.044471644226846185,0.002039983680130559,0.002039983680130559,0.002039983680130559,0.04202366381068951,0.002039983680130559,0.002039983680130559,0.04732762137902897,0.04243166054671563,0.002039983680130559,0.002039983680130559,0.04079967360261118,0.002039983680130559,0.04243166054671563,0.051407588739290085,0.002039983680130559,0.04528763769889841,0.002039983680130559,0.002039983680130559,0.03549571603427173,0.03631170950632395,0.049775601795185635,0.002039983680130559,0.002039983680130559,0.002039983680130559,0.002039983680130559,0.002039983680130559",-1
"0,0,0,0,0,0,0,0,0,0,0,0,0,0,0,0,0,0,0,0,0,0,0,0,0,0,0,0,0,0,0,0,0,0,0,0,-1,0,0,0,0,0,0,0,0,0,0,0,0","0.01474010861132661,0.014352211016291699,0.01474010861132661,0.01474010861132661,0.01474010861132661,0.014352211016291699,0.01474010861132661,0.01474010861132661,0.01474010861132661,0.01474010861132661,0.01474010861132661,0.01474010861132661,0.01474010861132661,0.01474010861132661,0.014352211016291699,0.01474010861132661,0.01474010861132661,0.01474010861132661,0.11559348332040341,0.01474010861132661,0.01474010861132661,0.01474010861132661,0.01474010861132661,0.01474010861132661,0.01474010861132661,0.01474010861132661,0.01474010861132661,0.01474010861132661,0.014352211016291699,0.01474010861132661,0.01474010861132661,0.01474010861132661,0.01474010861132661,0.01474010861132661,0.10162916989914662,0.01474010861132661,0,0.01474010861132661,0.01474010861132661,0.01474010861132661,0.01474010861132661,0.01474010861132661,0.01474010861132661,0.12141194724592708,0.01474010861132661,0.014352211016291699,0.01474010861132661,0.01474010861132661,0.01474010861132661",1
"0,0,0,0,0,0,0,0,0,0,0,0,0,0,0,0,0,0,0,0,0,0,0,0,0,0,0,0,0,0,0,0,0,0,0,0,-1,0,0,0,0,0,0,1,0,0,0,0,0","0.03036876355748373,0.0018076644974692696,0.038322487346348515,0.0018076644974692696,0.04049168474331164,0.0018076644974692696,0.03940708604483008,0.03940708604483008,0.038684020245842374,0.0018076644974692696,0.0018076644974692696,0.0018076644974692696,0.0018076644974692696,0.036153289949385395,0.03651482284887925,0.0018076644974692696,0.03796095444685466,0.039045553145336226,0.0018076644974692696,0.038684020245842374,0.0018076644974692696,0.0018076644974692696,0.038322487346348515,0.0018076644974692696,0.0018076644974692696,0.0018076644974692696,0.038322487346348515,0.03723788864786696,0.03940708604483008,0.0018076644974692696,0.03940708604483008,0.040853217642805494,0.03940708604483008,0.04013015184381779,0.03940708604483008,0.038684020245842374,0,0.0018076644974692696,0.03940708604483008,0.0018076644974692696,0.0018076644974692696,0.0018076644974692696,0.0018076644974692696,0,0.0018076644974692696,0.04013015184381779,0.0368763557483731,0.0018076644974692696,0.03759942154736081",-1
"0,0,0,0,0,0,0,0,0,0,0,0,0,0,0,0,0,0,0,0,0,0,0,0,0,0,0,0,0,0,0,-1,0,0,0,0,-1,0,0,0,0,0,0,1,0,0,0,0,0","0.012855473315153876,0.012465913517724971,0.012465913517724971,0.012855473315153876,0.012855473315153876,0.012465913517724971,0.17218543046357615,0.012465913517724971,0.012855473315153876,0.012855473315153876,0.012465913517724971,0.012855473315153876,0.09466303077522399,0.012855473315153876,0.012855473315153876,0.012465913517724971,0.012855473315153876,0.012465913517724971,0.012465913517724971,0.012855473315153876,0.012465913517724971,0.012855473315153876,0.012855473315153876,0.08920919361121932,0.012855473315153876,0.012855473315153876,0.012855473315153876,0.012465913517724971,0.012465913517724971,0.012465913517724971,0.012465913517724971,0,0.012855473315153876,0.012465913517724971,0.012855473315153876,0.012465913517724971,0,0.11024542267238022,0.012855473315153876,0.012855473315153876,0.012855473315153876,0.012855473315153876,0.012855473315153876,0,0.012855473315153876,0.012855473315153876,0.012855473315153876,0.012465913517724971,0.012855473315153876",1
"0,0,0,0,0,0,1,0,0,0,0,0,0,0,0,0,0,0,0,0,0,0,0,0,0,0,0,0,0,0,0,-1,0,0,0,0,-1,0,0,0,0,0,0,1,0,0,0,0,0","0.0051777701070072485,0.0051777701070072485,0.0051777701070072485,0.0051777701070072485,0.0051777701070072485,0.0051777701070072485,0,0.0051777701070072485,0.0051777701070072485,0.06144287193648602,0.0051777701070072485,0.0051777701070072485,0.0051777701070072485,0.0051777701070072485,0.0051777701070072485,0.0051777701070072485,0.0051777701070072485,0.052813255091473936,0.0051777701070072485,0.06869175008629617,0.0051777701070072485,0.0051777701070072485,0.0051777701070072485,0.05591991715567829,0.05212288574387297,0.0051777701070072485,0.0051777701070072485,0.0051777701070072485,0.0051777701070072485,0.0051777701070072485,0.0051777701070072485,0,0.35346910597169484,0.05591991715567829,0.0051777701070072485,0.0051777701070072485,0,0.0051777701070072485,0.0051777701070072485,0.06040731791508457,0.0051777701070072485,0.052813255091473936,0.0051777701070072485,0,0.0051777701070072485,0.0051777701070072485,0.0051777701070072485,0.0051777701070072485,0.0051777701070072485",-1
"0,0,0,0,0,0,1,0,0,0,0,0,0,0,0,0,0,0,0,0,0,0,0,0,0,0,0,0,0,0,0,-1,-1,0,0,0,-1,0,0,0,0,0,0,1,0,0,0,0,0","0.014942528735632184,0.01695402298850575,0.014942528735632184,0.01695402298850575,0.014942528735632184,0.014942528735632184,0,0.014942528735632184,0.014942528735632184,0.015229885057471264,0.014942528735632184,0.014942528735632184,0.014942528735632184,0.014942528735632184,0.014942528735632184,0.014942528735632184,0.014942528735632184,0.014942528735632184,0.01695402298850575,0.08160919540229886,0.031609195402298854,0.014942528735632184,0.014942528735632184,0.01695402298850575,0.01867816091954023,0.01695402298850575,0.08793103448275862,0.01695402298850575,0.014942528735632184,0.014942528735632184,0.014942528735632184,0,0,0.020402298850574714,0.014942528735632184,0.08045977011494253,0,0.03908045977011494,0.014942528735632184,0.014942528735632184,0.01867816091954023,0.01695402298850575,0.014942528735632184,0,0.014942528735632184,0.014942528735632184,0.014942528735632184,0.016091954022988506,0.08304597701149426",1
"0,0,0,0,0,0,1,0,0,0,0,0,0,0,0,0,0,0,0,0,0,0,0,0,0,0,1,0,0,0,0,-1,-1,0,0,0,-1,0,0,0,0,0,0,1,0,0,0,0,0","0.0014477017734346724,0.03257328990228013,0.03076366268548679,0.03076366268548679,0.0014477017734346724,0.03221136445892146,0,0.025696706478465437,0.0249728555917481,0.031487513572204126,0.027868259138617443,0.02280130293159609,0.03076366268548679,0.031849439015562794,0.02714440825190011,0.0014477017734346724,0.026058631921824105,0.030039811798769453,0.031125588128845458,0.029315960912052116,0.0014477017734346724,0.0014477017734346724,0.022439377488237423,0.03221136445892146,0.031125588128845458,0.02280130293159609,0,0.031125588128845458,0.031849439015562794,0.023525153818313427,0.021715526601520086,0,0,0.031849439015562794,0.03221136445892146,0.0010857763300760044,0,0.0014477017734346724,0.03257328990228013,0.0014477017734346724,0.031487513572204126,0.031487513572204126,0.026058631921824105,0,0.031487513572204126,0.02714440825190011,0.0014477017734346724,0.02823018458197611,0.03257328990228013",-1
"0,-1,0,0,0,0,1,0,0,0,0,0,0,0,0,0,0,0,0,0,0,0,0,0,0,0,1,0,0,0,0,-1,-1,0,0,0,-1,0,0,0,0,0,0,1,0,0,0,0,0","0.016483516483516484,0,0.016483516483516484,0.01609105180533752,0.016483516483516484,0.01609105180533752,0,0.016483516483516484,0.01609105180533752,0.01609105180533752,0.01609105180533752,0.01609105180533752,0.016483516483516484,0.01609105180533752,0.016483516483516484,0.016483516483516484,0.038461538461538464,0.016483516483516484,0.01609105180533752,0.016483516483516484,0.016483516483516484,0.01609105180533752,0.01609105180533752,0.01609105180533752,0.016483516483516484,0.020800627943485087,0,0.01609105180533752,0.1609105180533752,0.01609105180533752,0.01609105180533752,0,0,0.02040816326530612,0.01609105180533752,0.016483516483516484,0,0.01609105180533752,0.01609105180533752,0.05729984301412873,0.016483516483516484,0.11616954474097331,0.01609105180533752,0,0.01609105180533752,0.016483516483516484,0.016483516483516484,0.016483516483516484,0.016483516483516484",1
"0,-1,0,0,0,0,1,0,0,0,0,0,0,0,0,0,0,0,0,0,0,0,0,0,0,0,1,0,1,0,0,-1,-1,0,0,0,-1,0,0,0,0,0,0,1,0,0,0,0,0","0.0013942140118508191,0,0.0013942140118508191,0.030324154757755316,0.02614151272220286,0.031021261763680724,0,0.0013942140118508191,0.0013942140118508191,0.029627047751829907,0.0013942140118508191,0.02614151272220286,0.0013942140118508191,0.0013942140118508191,0.0013942140118508191,0.03136981526664343,0.0013942140118508191,0.031021261763680724,0.0013942140118508191,0.028929940745904496,0.0292784942488672,0.0013942140118508191,0.0013942140118508191,0.0013942140118508191,0.03067270826071802,0.0013942140118508191,0,0.2589752527012896,0,0.03067270826071802,0.0013942140118508191,0,0,0.0013942140118508191,0.03171836876960613,0.0013942140118508191,0,0.0013942140118508191,0.0013942140118508191,0.03067270826071802,0.0013942140118508191,0.2593238062042523,0.0013942140118508191,0,0.0013942140118508191,0.0013942140118508191,0.031021261763680724,0.029627047751829907,0.0013942140118508191",-1
"0,-1,0,0,0,0,1,0,0,0,0,0,0,0,0,0,0,0,0,0,0,0,0,0,0,0,1,0,1,0,0,-1,-1,0,0,0,-1,0,0,0,0,-1,0,1,0,0,0,0,0","0.01466916354556804,0,0.031835205992509365,0.033395755305867664,0.02215980024968789,0.018726591760299626,0,0.02215980024968789,0.01466916354556804,0.031835205992509365,0.01466916354556804,0.027153558052434457,0.01466916354556804,0.03495630461922597,0.018726591760299626,0.01466916354556804,0.018726591760299626,0.01466916354556804,0.018726591760299626,0.02215980024968789,0.027153558052434457,0.01466916354556804,0.01466916354556804,0.02215980024968789,0.033395755305867664,0.04525593008739076,0,0.052434456928838954,0,0.04400749063670412,0.01466916354556804,0,0,0.038077403245942575,0.038077403245942575,0.02215980024968789,0,0.033395755305867664,0.018726591760299626,0.03651685393258427,0.04244694132334582,0,0.01466916354556804,0,0.031835205992509365,0.016853932584269662,0.016853932584269662,0.01466916354556804,0.018726591760299626",1
"0,-1,0,0,0,0,1,0,0,0,0,0,0,0,0,0,0,0,0,0,0,0,0,0,0,0,1,1,1,0,0,-1,-1,0,0,0,-1,0,0,0,0,-1,0,1,0,0,0,0,0","0.0015214910612400153,0,0.02510460251046025,0.03157093952073031,0.02206162038798022,0.0300494484594903,0,0.0015214910612400153,0.0015214910612400153,0.0015214910612400153,0.0015214910612400153,0.029669075694180296,0.03157093952073031,0.0015214910612400153,0.0015214910612400153,0.032331685051350326,0.030429821224800303,0.0015214910612400153,0.0015214910612400153,0.028527957398250287,0.0015214910612400153,0.0015214910612400153,0.0015214910612400153,0.0015214910612400153,0.0015214910612400153,0.0015214910612400153,0,0,0,0.032331685051350326,0.0015214910612400153,0,0,0.0015214910612400153,0.28680106504374286,0.0015214910612400153,0,0.032712057816660325,0.03157093952073031,0.0015214910612400153,0.28642069227843286,0,0.032331685051350326,0,0.0015214910612400153,0.0015214910612400153,0.0015214910612400153,0.0015214910612400153,0.0015214910612400153",-1
"0,-1,0,0,0,0,1,0,0,0,0,0,0,0,0,0,0,0,0,0,0,0,0,0,0,0,1,1,1,0,0,-1,-1,0,-1,0,-1,0,0,0,0,-1,0,1,0,0,0,0,0","0.023009950248756218,0,0.0320273631840796,0.01896766169154229,0.026741293532338308,0.028296019900497512,0,0.020833333333333332,0.03700248756218905,0.03700248756218905,0.026741293532338308,0.016791044776119403,0.023009950248756218,0.0320273631840796,0.020833333333333332,0.026741293532338308,0.016791044776119403,0.016791044776119403,0.01896766169154229,0.03016169154228856,0.01896766169154229,0.020833333333333332,0.023009950248756218,0.028296019900497512,0.016791044776119403,0.03513681592039801,0,0,0,0.043532338308457715,0.04011194029850746,0,0,0.043532338308457715,0,0.03016169154228856,0,0.04664179104477612,0.026741293532338308,0.01896766169154229,0.03513681592039801,0,0.01896766169154229,0,0.024875621890547265,0.020833333333333332,0.01896766169154229,0.016791044776119403,0.01896766169154229",1
"0,-1,0,0,0,0,1,0,0,0,0,0,0,0,0,0,0,0,0,0,0,0,0,0,0,0,1,1,1,0,0,-1,-1,0,-1,0,-1,1,0,0,0,-1,0,1,0,0,0,0,0","0.024110218140068886,0,0.029468044393417527,0.02525832376578645,0.02908534251817834,0.029468044393417527,0,0.02870264064293915,0.030998851894374284,0.0015308075009567547,0.02870264064293915,0.0015308075009567547,0.02908534251817834,0.023727516264829697,0.0015308075009567547,0.0015308075009567547,0.0015308075009567547,0.0015308075009567547,0.0015308075009567547,0.030233448143895905,0.027554535017221583,0.021814006888633754,0.0015308075009567547,0.02908534251817834,0.0015308075009567547,0.028319938767699962,0,0,0,0.0015308075009567547,0.4527363184079602,0,0,0.0015308075009567547,0,0.0015308075009567547,0,0,0.0015308075009567547,0.0015308075009567547,0.02908534251817834,0,0.027171833141982394,0,0.0015308075009567547,0.021431305013394564,0.027937236892460773,0.0015308075009567547,0.0015308075009567547",-1
"0,-1,0,0,0,0,1,0,0,0,0,0,0,0,0,0,0,0,0,0,0,0,0,0,0,0,1,1,1,0,-1,-1,-1,0,-1,0,-1,1,0,0,0,-1,0,1,0,0,0,0,0","0.027145599122566495,0,0.027145599122566495,0.027145599122566495,0.027145599122566495,0.027145599122566495,0,0.027145599122566495,0.027145599122566495,0.027145599122566495,0.027145599122566495,0.027145599122566495,0.027145599122566495,0.027145599122566495,0.027145599122566495,0.027145599122566495,0.027145599122566495,0.027145599122566495,0.027145599122566495,0.027145599122566495,0.027145599122566495,0.027145599122566495,0.027145599122566495,0.027145599122566495,0.027145599122566495,0.027145599122566495,0,0,0,0.027145599122566495,0,0,0,0.04990403071017274,0,0.027145599122566495,0,0,0.027145599122566495,0.027145599122566495,0.027145599122566495,0,0.027145599122566495,0,0.027145599122566495,0.027145599122566495,0.027145599122566495,0.027145599122566495,0.027145599122566495",1
"0,-1,0,0,0,0,1,0,0,0,0,0,0,0,0,0,0,0,0,0,0,0,0,0,0,0,1,1,1,0,-1,-1,-1,1,-1,0,-1,1,0,0,0,-1,0,1,0,0,0,0,0","0.03664525878352852,0,0.039289761994710994,0.0026445032111824707,0.035889686437476385,0.03664525878352852,0,0.03664525878352852,0.0026445032111824707,0.0026445032111824707,0.03513411409142425,0.0026445032111824707,0.037778617302606725,0.057045712126936154,0.0026445032111824707,0.037778617302606725,0.0026445032111824707,0.0026445032111824707,0.0026445032111824707,0.0026445032111824707,0.03551190026445032,0.03173403853418965,0.032489610880241784,0.03853418964865886,0.039667548167737064,0.03702304495655459,0,0,0,0.03702304495655459,0,0,0,0,0,0.037778617302606725,0,0,0.035889686437476385,0.057045712126936154,0.03702304495655459,0,0.03702304495655459,0,0.032111824707215714,0.03702304495655459,0.057045712126936154,0.0026445032111824707,0.037778617302606725",-1
"0,-1,0,0,0,0,1,0,0,0,0,0,0,-1,0,0,0,0,0,0,0,0,0,0,0,0,1,1,1,0,-1,-1,-1,1,-1,0,-1,1,0,0,0,-1,0,1,0,0,0,0,0","0.010317157050057318,0,0.010317157050057318,0.010317157050057318,0.010317157050057318,0.010317157050057318,0,0.010317157050057318,0.010317157050057318,0.010317157050057318,0.010317157050057318,0.010317157050057318,0.596102407336645,0,0.010317157050057318,0.010317157050057318,0.010317157050057318,0.010317157050057318,0.010317157050057318,0.010317157050057318,0.010317157050057318,0.010317157050057318,0.010317157050057318,0.010317157050057318,0.010317157050057318,0.010317157050057318,0,0,0,0.010317157050057318,0,0,0,0,0,0.010317157050057318,0,0,0.010317157050057318,0.010317157050057318,0.07374856706152083,0,0.010317157050057318,0,0.010317157050057318,0.010317157050057318,0.010317157050057318,0.010317157050057318,0.010317157050057318",1
"0,-1,0,0,0,0,1,0,0,0,0,0,1,-1,0,0,0,0,0,0,0,0,0,0,0,0,1,1,1,0,-1,-1,-1,1,-1,0,-1,1,0,0,0,-1,0,1,0,0,0,0,0","0.00322820958529923,0,0.029302210081946858,0.00322820958529923,0.00322820958529923,0.00322820958529923,0,0.00322820958529923,0.00322820958529923,0.00322820958529923,0.00322820958529923,0.00322820958529923,0,0,0.00322820958529923,0.00322820958529923,0.00322820958529923,0.00322820958529923,0.00322820958529923,0.00322820958529923,0.02830891482493171,0.00322820958529923,0.030295505338962008,0.00322820958529923,0.00322820958529923,0.00322820958529923,0,0,0,0.027812267196424136,0,0,0,0,0,0.00322820958529923,0,0,0.00322820958529923,0.05040973429351875,0.00322820958529923,0,0.00322820958529923,0,0.027315619567916564,0.00322820958529923,0.72262229947852,0.00322820958529923,0.00322820958529923",-1
"0,-1,0,0,0,0,1,0,0,0,0,0,1,-1,0,0,0,0,0,0,0,0,0,0,0,0,1,1,1,0,-1,-1,-1,1,-1,0,-1,1,0,0,0,-1,0,1,0,0,-1,0,0","0.0076236519152101155,0,0.0076236519152101155,0.009669021941242098,0.008739308293045742,0.015991074748977315,0,0.01692078839717367,0.008739308293045742,0.009669021941242098,0.0076236519152101155,0.0076236519152101155,0,0,0.0076236519152101155,0.01338787653402752,0.009669021941242098,0.008739308293045742,0.014317590182223875,0.02008181480104128,0.0076236519152101155,0.0076236519152101155,0.008739308293045742,0.0076236519152101155,0.02175529936779472,0.015247303830420231,0,0,0,0.015991074748977315,0,0,0,0,0,0.01338787653402752,0,0,0.3687244328746746,0.0076236519152101155,0.21123094087021196,0,0.0076236519152101155,0,0.04685756786909632,0.06284864261807363,0,0.01338787653402752,0.009669021941242098",1
"0,-1,0,0,0,0,1,0,0,0,0,0,1,-1,0,0,0,0,0,0,0,0,0,0,0,0,1,1,1,0,-1,-1,-1,1,-1,0,-1,1,1,0,0,-1,0,1,0,0,-1,0,0","0.006963162623539982,0,0.038858939802336026,0.006963162623539982,0.008984725965858042,0.016621743036837375,0,0.006963162623539982,0.044249775381850855,0.015723270440251572,0.04559748427672956,0.05952380952380952,0,0,0.044923629829290206,0.038858939802336026,0.014824797843665768,0.006738544474393531,0.006963162623539982,0.05952380952380952,0.006963162623539982,0.006963162623539982,0.006963162623539982,0.006963162623539982,0.062443845462713386,0.044923629829290206,0,0,0,0.006738544474393531,0,0,0,0,0,0.006963162623539982,0,0,0,0.3742138364779874,0.006738544474393531,0,0.006738544474393531,0,0.020664869721473494,0.006738544474393531,0,0.006738544474393531,0.006963162623539982",-1
"0,-1,0,0,0,0,1,0,0,0,0,0,1,-1,0,0,0,0,0,0,0,0,0,0,0,0,1,1,1,0,-1,-1,-1,1,-1,0,-1,1,1,-1,0,-1,0,1,0,0,-1,0,0","0.01644100580270793,0,0.024177949709864602,0.021034816247582206,0.024177949709864602,0.024177949709864602,0,0.027079303675048357,0.01958413926499033,0.029738878143133463,0.024177949709864602,0.021034816247582206,0,0,0.022727272727272728,0.028288201160541586,0.01813346228239845,0.01644100580270793,0.029738878143133463,0.03239845261121857,0.059961315280464215,0.02127659574468085,0.01813346228239845,0.024177949709864602,0.10976789168278529,0.028288201160541586,0,0,0,0.08655705996131528,0,0,0,0,0,0.033849129593810444,0,0,0,0,0.0693907156673114,0,0.01813346228239845,0,0.0693907156673114,0.01958413926499033,0,0.03505802707930367,0.027079303675048357",1
"0,-1,0,0,0,0,1,0,0,0,0,0,1,-1,0,0,0,0,0,0,0,0,0,0,1,0,1,1,1,0,-1,-1,-1,1,-1,0,-1,1,1,-1,0,-1,0,1,0,0,-1,0,0","0.0013675213675213675,0,0.0013675213675213675,0.020512820512820513,0.0013675213675213675,0.2164102564102564,0,0.0013675213675213675,0.0013675213675213675,0.0013675213675213675,0.0013675213675213675,0.02017094017094017,0,0,0.0013675213675213675,0.0013675213675213675,0.0013675213675213675,0.022222222222222223,0.0211965811965812,0.0013675213675213675,0.0013675213675213675,0.0013675213675213675,0.0013675213675213675,0.0013675213675213675,0,0.0013675213675213675,0,0,0,0.21675213675213675,0,0,0,0,0,0.0013675213675213675,0,0,0,0,0.21675213675213675,0,0.0013675213675213675,0,0.0013675213675213675,0.02188034188034188,0,0.21675213675213675,0.0013675213675213675",-1
"0,-1,0,0,0,0,1,0,0,0,0,0,1,-1,0,0,0,0,0,0,0,0,0,0,1,0,1,1,1,-1,-1,-1,-1,1,-1,0,-1,1,1,-1,0,-1,0,1,0,0,-1,0,0","0.02607855763039279,0,0.030585962652929812,0.035093367675466836,0.07405022537025113,0.02092723760463619,0,0.035093367675466836,0.019317450096587252,0.040888602704443014,0.035093367675466836,0.0437862202189311,0,0,0.02446877012234385,0.019317450096587252,0.0334835801674179,0.02092723760463619,0.03960077269800386,0.035093367675466836,0.03960077269800386,0.0334835801674179,0.040888602704443014,0.037990985189954925,0,0.0334835801674179,0,0,0,0,0,0,0,0,0,0.03670315518351577,0,0,0,0,0.0437862202189311,0,0.030585962652929812,0,0.042176432710882165,0.015775917578879587,0,0.08113329040566646,0.030585962652929812",1
"0,-1,0,0,0,0,1,0,0,0,0,0,1,-1,0,0,0,0,0,0,0,0,0,0,1,0,1,1,1,-1,-1,-1,-1,1,-1,0,-1,1,1,-1,0,-1,0,1,0,0,-1,1,0","0.0014678899082568807,0,0.0014678899082568807,0.0014678899082568807,0.0014678899082568807,0.022752293577981652,0,0.0014678899082568807,0.0014678899082568807,0.0014678899082568807,0.0014678899082568807,0.0014678899082568807,0,0,0.0014678899082568807,0.0014678899082568807,0.0014678899082568807,0.0014678899082568807,0.0014678899082568807,0.2726605504587156,0.0014678899082568807,0.0014678899082568807,0.02311926605504587,0.0014678899082568807,0,0.0014678899082568807,0,0,0,0,0,0,0,0,0,0.0014678899082568807,0,0,0,0,0.6256880733944954,0,0.0014678899082568807,0,0.0014678899082568807,0.02348623853211009,0,0,0.0014678899082568807",-1
"0,-1,0,0,0,0,1,0,0,0,0,0,1,-1,0,0,0,0,0,0,0,0,0,0,1,0,1,1,1,-1,-1,-1,-1,1,-1,0,-1,1,1,-1,-1,-1,0,1,0,0,-1,1,0","0.03804737975592247,0,0.03804737975592247,0.03804737975592247,0.0382866714525006,0.03804737975592247,0,0.03804737975592247,0.0382866714525006,0.0382866714525006,0.0382866714525006,0.0382866714525006,0,0,0.03804737975592247,0.0382866714525006,0.0382866714525006,0.03804737975592247,0.03804737975592247,0.03804737975592247,0.03804737975592247,0.03804737975592247,0.03804737975592247,0.040918880114860015,0,0.03804737975592247,0,0,0,0,0,0,0,0,0,0.03804737975592247,0,0,0,0,0,0,0.040918880114860015,0,0.0382866714525006,0.0382866714525006,0,0,0.040918880114860015",1
"0,-1,0,0,0,0,1,0,0,0,0,0,1,-1,0,0,0,0,0,0,0,0,0,1,1,0,1,1,1,-1,-1,-1,-1,1,-1,0,-1,1,1,-1,-1,-1,0,1,0,0,-1,1,0","0.042328042328042326,0,0.04270597127739985,0.04270597127739985,0.04270597127739985,0.04270597127739985,0,0.04270597127739985,0.042328042328042326,0.04270597127739985,0.042328042328042326,0.04270597127739985,0,0,0.04270597127739985,0.019652305366591082,0.042328042328042326,0.042328042328042326,0.04270597127739985,0.04270597127739985,0.04270597127739985,0.04270597127739985,0.0011337868480725624,0,0,0.04270597127739985,0,0,0,0,0,0,0,0,0,0.042328042328042326,0,0,0,0,0,0,0.042328042328042326,0,0.042328042328042326,0.04270597127739985,0,0,0.04270597127739985",-1
"0,-1,-1,0,0,0,1,0,0,0,0,0,1,-1,0,0,0,0,0,0,0,0,0,1,1,0,1,1,1,-1,-1,-1,-1,1,-1,0,-1,1,1,-1,-1,-1,0,1,0,0,-1,1,0","0.04055619930475087,0,0,0.04055619930475087,0.04016994978756277,0.04055619930475087,0,0.04055619930475087,0.04055619930475087,0.0440324449594438,0.04055619930475087,0.0440324449594438,0,0,0.0440324449594438,0.04016994978756277,0.04055619930475087,0.04055619930475087,0.04055619930475087,0.04055619930475087,0.04055619930475087,0.04055619930475087,0.0440324449594438,0,0,0.0440324449594438,0,0,0,0,0,0,0,0,0,0.04016994978756277,0,0,0,0,0,0,0.04789494013132484,0,0.04016994978756277,0.04055619930475087,0,0,0.0440324449594438",1
"0,-1,-1,0,0,0,1,0,0,0,0,0,1,-1,0,0,0,0,0,0,0,0,0,1,1,0,1,1,1,-1,-1,-1,-1,1,-1,0,-1,1,1,-1,-1,-1,1,1,0,0,-1,1,0","0.0196078431372549,0,0,0.019992310649750097,0.020761245674740483,0.01768550557477893,0,0.019992310649750097,0.01845444059976932,0.019223375624759707,0.019992310649750097,0.0196078431372549,0,0,0.0196078431372549,0.019992310649750097,0.018069973087274125,0.02114571318723568,0.019992310649750097,0.020761245674740483,0.01845444059976932,0.020376778162245292,0.020761245674740483,0,0,0.0015378700499807767,0,0,0,0,0,0,0,0,0,0.6024605920799693,0,0,0,0,0,0,0,0,0.0015378700499807767,0.0196078431372549,0,0,0.020376778162245292",-1
"0,0,0,0,0,0,0,0,0,0,0,0,0,0,0,0,0,0,0,0,0,0,0,0,0,0,0,0,0,0,0,0,0,0,0,0,0,0,0,0,0,0,0,0,0,0,0,0,0","0.031415748674010605,0.02937576499388005,0.0012239902080783353,0.02733578131374949,0.0012239902080783353,0.0012239902080783353,0.02733578131374949,0.028967768257853937,0.028967768257853937,0.03019175846593227,0.026519787841697267,0.02692778457772338,0.0012239902080783353,0.025703794369645042,0.030599755201958383,0.0012239902080783353,0.03671970624235006,0.0346797225622195,0.026111791105671155,0.025703794369645042,0.0012239902080783353,0.0012239902080783353,0.02692778457772338,0.02692778457772338,0.024887800897592818,0.0012239902080783353,0.026111791105671155,0.0012239902080783353,0.03998368013055895,0.0012239902080783353,0.0012239902080783353,0.02529579763361893,0.030599755201958383,0.028559771521827825,0.0012239902080783353,0.0277437780497756,0.02529579763361893,0.026519787841697267,0.02529579763361893,0.02529579763361893,0.0012239902080783353,0.026111791105671155,0.026519787841697267,0.02733578131374949,0.02733578131374949,0.026111791105671155,0.026519787841697267,0.02692778457772338,0.0012239902080783353",1
"0,0,0,0,0,0,0,0,0,0,0,0,0,0,0,0,0,0,0,0,0,0,0,0,0,0,0,0,1,0,0,0,0,0,0,0,0,0,0,0,0,0,0,0,0,0,0,0,0","0.010588235294117647,0.010588235294117647,0.010588235294117647,0.010588235294117647,0.010588235294117647,0.010588235294117647,0.010588235294117647,0.010588235294117647,0.010588235294117647,0.09333333333333334,0.010588235294117647,0.010588235294117647,0.010588235294117647,0.010588235294117647,0.010588235294117647,0.010588235294117647,0.010588235294117647,0.010588235294117647,0.010588235294117647,0.010588235294117647,0.08509803921568627,0.010588235294117647,0.010588235294117647,0.010588235294117647,0.010588235294117647,0.010588235294117647,0.010588235294117647,0.010588235294117647,0,0.10509803921568628,0.010588235294117647,0.010588235294117647,0.010588235294117647,0.010588235294117647,0.010588235294117647,0.010588235294117647,0.1027450980392157,0.010588235294117647,0.010588235294117647,0.010588235294117647,0.010588235294117647,0.010588235294117647,0.010588235294117647,0.1584313725490196,0.010588235294117647,0.010588235294117647,0.010588235294117647,0.010588235294117647,0.010588235294117647",-1
"0,0,0,0,0,0,0,0,0,0,0,0,0,0,0,0,0,0,0,0,0,0,0,0,0,0,0,0,1,0,0,0,0,0,0,0,0,0,0,0,0,0,0,-1,0,0,0,0,0","0.007000350017500875,0.007000350017500875,0.007350367518375919,0.007000350017500875,0.007350367518375919,0.007000350017500875,0.007000350017500875,0.007000350017500875,0.007000350017500875,0.007000350017500875,0.007000350017500875,0.007000350017500875,0.007000350017500875,0.007000350017500875,0.007000350017500875,0.007000350017500875,0.007000350017500875,0.007000350017500875,0.007000350017500875,0.007000350017500875,0.007350367518375919,0.0672033601680084,0.007000350017500875,0.0672033601680084,0.0840042002100105,0.007000350017500875,0.007000350017500875,0.06335316765838292,0,0.007350367518375919,0.007000350017500875,0.007000350017500875,0.06265313265663283,0.007000350017500875,0.05880294014700735,0.007000350017500875,0.06335316765838292,0.007350367518375919,0.08330416520826041,0.007000350017500875,0.007000350017500875,0.007000350017500875,0.12355617780889044,0,0.007350367518375919,0.007000350017500875,0.007000350017500875,0.06545327266363318,0.007000350017500875",1
"0,0,0,0,0,0,0,0,0,0,0,0,0,0,0,0,0,0,0,0,0,0,0,0,0,0,0,0,1,0,0,0,0,0,0,0,0,0,0,0,0,0,1,-1,0,0,0,0,0","0.0110438190238689,0.0110438190238689,0.0110438190238689,0.08086925543284645,0.0110438190238689,0.0110438190238689,0.0110438190238689,0.0798004987531172,0.0110438190238689,0.0110438190238689,0.0110438190238689,0.0110438190238689,0.0110438190238689,0.0110438190238689,0.0110438190238689,0.0110438190238689,0.0110438190238689,0.0110438190238689,0.0110438190238689,0.0110438190238689,0.0110438190238689,0.0798004987531172,0.07837548984681154,0.0110438190238689,0.0110438190238689,0.0110438190238689,0.0110438190238689,0.0110438190238689,0,0.0110438190238689,0.0110438190238689,0.011400071250445315,0.0110438190238689,0.0110438190238689,0.0110438190238689,0.09262557890986818,0.0110438190238689,0.0110438190238689,0.0110438190238689,0.0773067331670823,0.0110438190238689,0.0110438190238689,0,0,0.0110438190238689,0.011400071250445315,0.0110438190238689,0.0110438190238689,0.0798004987531172",-1
"0,0,0,0,0,0,0,0,0,0,0,0,0,0,0,0,0,0,0,0,0,0,0,0,0,0,0,0,1,0,0,0,0,0,0,-1,0,0,0,0,0,0,1,-1,0,0,0,0,0","0.03683241252302026,0.030570902394106814,0.001841620626151013,0.03462246777163904,0.029097605893186003,0.03535911602209945,0.001841620626151013,0.038305709023941065,0.033517495395948435,0.001841620626151013,0.001841620626151013,0.03867403314917127,0.034990791896869246,0.03756906077348066,0.001841620626151013,0.03572744014732965,0.03130755064456722,0.001841620626151013,0.03941068139963168,0.03425414364640884,0.001841620626151013,0.039042357274401474,0.001841620626151013,0.033517495395948435,0.03867403314917127,0.001841620626151013,0.03425414364640884,0.03756906077348066,0,0.039779005524861875,0.001841620626151013,0.03609576427255985,0.001841620626151013,0.001841620626151013,0.001841620626151013,0,0.03572744014732965,0.001841620626151013,0.03683241252302026,0.001841620626151013,0.001841620626151013,0.001841620626151013,0,0,0.033517495395948435,0.001841620626151013,0.03683241252302026,0.03572744014732965,0.039042357274401474",1
"0,0,0,0,0,0,0,0,0,0,0,0,0,0,0,0,0,0,0,0,0,0,0,0,0,0,0,0,1,1,0,0,0,0,0,-1,0,0,0,0,0,0,1,-1,0,0,0,0,0","0.014430577223088924,0.014430577223088924,0.014430577223088924,0.014040561622464899,0.014430577223088924,0.014430577223088924,0.014430577223088924,0.014040561622464899,0.014040561622464899,0.014430577223088924,0.014040561622464899,0.014430577223088924,0.014040561622464899,0.014430577223088924,0.014040561622464899,0.014040561622464899,0.014430577223088924,0.08619344773790952,0.014430577223088924,0.014040561622464899,0.09594383775351015,0.014430577223088924,0.014040561622464899,0.014430577223088924,0.014040561622464899,0.014430577223088924,0.014430577223088924,0.014430577223088924,0,0,0.014430577223088924,0.014430577223088924,0.014430577223088924,0.014430577223088924,0.014430577223088924,0,0.15522620904836193,0.014430577223088924,0.014040561622464899,0.014040561622464899,0.014430577223088924,0.014040561622464899,0,0,0.014040561622464899,0.014040561622464899,0.014430577223088924,0.09165366614664587,0.014040561622464899",-1
"0,0,0,0,0,0,0,0,0,0,0,0,0,0,0,0,0,0,0,0,0,0,0,0,0,0,0,0,1,1,0,0,0,0,0,-1,-1,0,0,0,0,0,1,-1,0,0,0,0,0","0.04833625218914186,0.004903677758318739,0.05253940455341506,0.004903677758318739,0.004903677758318739,0.051138353765323996,0.004903677758318739,0.004903677758318739,0.004903677758318739,0.004903677758318739,0.004903677758318739,0.05183887915936953,0.004903677758318739,0.004903677758318739,0.004903677758318739,0.004903677758318739,0.004903677758318739,0.004903677758318739,0.0563922942206655,0.050437828371278456,0.004903677758318739,0.053590192644483364,0.004903677758318739,0.050437828371278456,0.0584938704028021,0.004903677758318739,0.04518388791593695,0.004903677758318739,0,0,0.047635726795096325,0.004903677758318739,0.04903677758318739,0.004903677758318739,0.057092819614711035,0,0,0.047635726795096325,0.050437828371278456,0.04903677758318739,0.004903677758318739,0.004903677758318739,0,0,0.004903677758318739,0.004903677758318739,0.004903677758318739,0.053239929947460594,0.004903677758318739",1
"0,0,0,0,0,0,0,0,0,0,0,0,0,0,0,0,0,0,0,0,0,0,0,0,1,0,0,0,1,1,0,0,0,0,0,-1,-1,0,0,0,0,0,1,-1,0,0,0,0,0","0.0019047619047619048,0.02780952380952381,0.037714285714285714,0.029714285714285714,0.032,0.0339047619047619,0.03619047619047619,0.0019047619047619048,0.0380952380952381,0.02780952380952381,0.03428571428571429,0.0019047619047619048,0.026285714285714287,0.0019047619047619048,0.0019047619047619048,0.0019047619047619048,0.0019047619047619048,0.02857142857142857,0.0019047619047619048,0.0019047619047619048,0.0019047619047619048,0.0019047619047619048,0.0019047619047619048,0.0019047619047619048,0,0.0019047619047619048,0.037714285714285714,0.0019047619047619048,0,0,0.029333333333333333,0.0019047619047619048,0.4278095238095238,0.03314285714285714,0.030476190476190476,0,0,0.0019047619047619048,0.0019047619047619048,0.041523809523809525,0.0019047619047619048,0.0019047619047619048,0,0,0.0019047619047619048,0.0019047619047619048,0.0019047619047619048,0.0019047619047619048,0.0019047619047619048",-1
"0,0,0,0,0,0,0,0,0,0,0,0,0,0,0,0,0,0,0,0,0,0,0,0,1,0,0,0,1,1,0,0,-1,0,0,-1,-1,0,0,0,0,0,1,-1,0,0,0,0,0","0.015354550530429927,0.02400893355667225,0.0332216638749302,0.017308766052484645,0.021775544388609715,0.017029592406476828,0.02400893355667225,0.018983807928531545,0.02568397543271915,0.015354550530429927,0.028754885538805137,0.017029592406476828,0.015354550530429927,0.03015075376884422,0.017308766052484645,0.018983807928531545,0.017308766052484645,0.015354550530429927,0.02400893355667225,0.018983807928531545,0.03489670575097711,0.015354550530429927,0.028754885538805137,0.02568397543271915,0,0.031825795644891124,0.03015075376884422,0.02568397543271915,0,0,0.08514796203238414,0.02233389168062535,0,0.015354550530429927,0.02400893355667225,0,0,0.046063651591289785,0.0446677833612507,0.02568397543271915,0.015354550530429927,0.018983807928531545,0,0,0.015354550530429927,0.02568397543271915,0.02065884980457845,0.015354550530429927,0.017029592406476828",1
"0,0,0,0,0,0,0,0,0,0,0,0,0,0,0,0,0,0,0,0,0,0,0,0,1,0,0,0,1,1,1,0,-1,0,0,-1,-1,0,0,0,0,0,1,-1,0,0,0,0,0","0.029294755877034357,0.02965641952983725,0.030018083182640144,0.030018083182640144,0.00108499095840868,0.00108499095840868,0.030379746835443037,0.02965641952983725,0.00108499095840868,0.02857142857142857,0.02640144665461121,0.029294755877034357,0.02965641952983725,0.02965641952983725,0.00108499095840868,0.030379746835443037,0.029294755877034357,0.02965641952983725,0.02965641952983725,0.029294755877034357,0.030018083182640144,0.00108499095840868,0.026763110307414104,0.00108499095840868,0,0.029294755877034357,0.030379746835443037,0.030379746835443037,0,0,0,0.08209764918625678,0,0.026763110307414104,0.00108499095840868,0,0,0.00108499095840868,0.030379746835443037,0.00108499095840868,0.00108499095840868,0.030018083182640144,0,0,0.02965641952983725,0.030379746835443037,0.08209764918625678,0.030018083182640144,0.030018083182640144",-1
"0,0,0,0,0,0,0,0,0,0,0,0,0,0,0,0,0,0,0,0,0,0,0,0,1,0,0,0,1,1,1,-1,-1,0,0,-1,-1,0,0,0,0,0,1,-1,0,0,0,0,0","0.023065476190476192,0.028645833333333332,0.0234375,0.023065476190476192,0.023065476190476192,0.026041666666666668,0.023065476190476192,0.023065476190476192,0.026041666666666668,0.023065476190476192,0.026041666666666668,0.026041666666666668,0.023065476190476192,0.023065476190476192,0.026041666666666668,0.0234375,0.023065476190476192,0.0234375,0.023065476190476192,0.023065476190476192,0.04501488095238095,0.023065476190476192,0.023065476190476192,0.0234375,0,0.023065476190476192,0.04055059523809524,0.0234375,0,0,0,0,0,0.023065476190476192,0.0234375,0,0,0.059895833333333336,0.0234375,0.0234375,0.023065476190476192,0.023065476190476192,0,0,0.023065476190476192,0.023065476190476192,0.0234375,0.0234375,0.023065476190476192",1
"0,0,0,0,0,0,0,0,0,0,0,0,0,0,0,0,0,0,0,0,0,0,0,0,1,0,0,0,1,1,1,-1,-1,0,0,-1,-1,1,0,0,0,0,1,-1,0,0,0,0,0","0.003431185665268776,0.003431185665268776,0.046511627906976744,0.04460541364849409,0.040792985131528785,0.036980556614563474,0.003431185665268776,0.041555470834921844,0.003431185665268776,0.041936713686618374,0.003431185665268776,0.041555470834921844,0.03888677087304613,0.003431185665268776,0.003431185665268776,0.040792985131528785,0.003431185665268776,0.003431185665268776,0.036980556614563474,0.041936713686618374,0.003431185665268776,0.04803659931376287,0.03964925657643919,0.003431185665268776,0,0.003431185665268776,0.04269919939001144,0.03888677087304613,0,0,0,0,0,0.046511627906976744,0.003431185665268776,0,0,0,0.0423179565383149,0.04460541364849409,0.003431185665268776,0.036980556614563474,0,0,0.07472359893252002,0.003431185665268776,0.040030499428135725,0.003431185665268776,0.03812428516965307",-1
"0,0,0,0,0,0,0,0,0,0,0,0,0,0,0,0,0,0,0,0,0,0,0,0,1,0,0,0,1,1,1,-1,-1,0,0,-1,-1,1,0,0,0,0,1,-1,-1,0,0,0,0","0.017299736743136517,0.0906355772846935,0.01993230537796164,0.01993230537796164,0.017299736743136517,0.017675817976682964,0.017675817976682964,0.017675817976682964,0.01993230537796164,0.017675817976682964,0.024069198946972545,0.017299736743136517,0.017299736743136517,0.017299736743136517,0.017299736743136517,0.017675817976682964,0.017675817976682964,0.017299736743136517,0.017299736743136517,0.017299736743136517,0.03610379842045882,0.017675817976682964,0.01993230537796164,0.024069198946972545,0,0.017675817976682964,0.032342986084994356,0.017299736743136517,0,0,0,0,0,0.024069198946972545,0.017675817976682964,0,0,0,0.14178262504701014,0.09514855208725084,0.017299736743136517,0.01993230537796164,0,0,0,0.024069198946972545,0.024069198946972545,0.017299736743136517,0.017299736743136517",1
"0,0,0,0,0,0,0,0,0,0,0,0,0,0,0,0,0,0,0,0,0,0,0,0,1,0,0,0,1,1,1,-1,-1,0,0,-1,-1,1,1,0,0,0,1,-1,-1,0,0,0,0","0.047166490672298486,0.004927842309046111,0.004927842309046111,0.004927842309046111,0.004927842309046111,0.004927842309046111,0.004927842309046111,0.004927842309046111,0.05174234424498416,0.004927842309046111,0.004927842309046111,0.004927842309046111,0.047166490672298486,0.004927842309046111,0.0781414994720169,0.004927842309046111,0.004927842309046111,0.04329461457233368,0.04329461457233368,0.004927842309046111,0.04575853572685674,0.047166490672298486,0.047166490672298486,0.004927842309046111,0,0.004927842309046111,0.04329461457233368,0.004927842309046111,0,0,0,0,0,0.050686378035902854,0.050686378035902854,0,0,0,0,0.08553326293558607,0.05385427666314678,0.004927842309046111,0,0,0,0.004927842309046111,0.050686378035902854,0.0781414994720169,0.04259063709961281",-1
"0,0,0,0,0,0,0,0,0,0,0,0,0,0,0,0,0,0,0,0,0,0,0,0,1,0,0,0,1,1,1,-1,-1,0,0,-1,-1,1,1,-1,0,0,1,-1,-1,0,0,0,0","0.0014771048744460858,0.0014771048744460858,0.0014771048744460858,0.0014771048744460858,0.0014771048744460858,0.0014771048744460858,0.0014771048744460858,0.0014771048744460858,0.0014771048744460858,0.0014771048744460858,0.0014771048744460858,0.0014771048744460858,0.0014771048744460858,0.0014771048744460858,0.0014771048744460858,0.0014771048744460858,0.022156573116691284,0.0014771048744460858,0.0014771048744460858,0.0014771048744460858,0.0014771048744460858,0.0014771048744460858,0.0014771048744460858,0.0014771048744460858,0,0.0014771048744460858,0.0014771048744460858,0.0014771048744460858,0,0,0,0,0,0.0014771048744460858,0.0014771048744460858,0,0,0,0,0,0.0014771048744460858,0.0014771048744460858,0,0,0,0.9290989660265879,0.0014771048744460858,0.0014771048744460858,0.0014771048744460858",1
"0,0,0,0,0,0,0,0,0,0,0,0,0,0,0,0,0,0,0,0,0,0,0,0,1,0,0,0,1,1,1,-1,-1,0,0,-1,-1,1,1,-1,0,0,1,-1,-1,1,0,0,0","0.03151344841429145,0.0337213970293055,0.02729827378562826,0.03151344841429145,0.035527900441589724,0.029506222400642313,0.02729827378562826,0.035527900441589724,0.029506222400642313,0.033520674427940586,0.03151344841429145,0.029506222400642313,0.03151344841429145,0.02729827378562826,0.02729827378562826,0.02729827378562826,0.02729827378562826,0.02729827378562826,0.02729827378562826,0.02729827378562826,0.03151344841429145,0.029506222400642313,0.03151344841429145,0.02729827378562826,0,0.02729827378562826,0.02729827378562826,0.02729827378562826,0,0,0,0,0,0.029506222400642313,0.029506222400642313,0,0,0,0,0,0.02729827378562826,0.02729827378562826,0,0,0,0,0.02729827378562826,0.02729827378562826,0.03151344841429145",-1
"0,0,0,0,-1,0,0,0,0,0,0,0,0,0,0,0,0,0,0,0,0,0,0,0,1,0,0,0,1,1,1,-1,-1,0,0,-1,-1,1,1,-1,0,0,1,-1,-1,1,0,0,0","0.024962178517397883,0.0264750378214826,0.10552193645990923,0.10514372163388805,0,0.0264750378214826,0.02685325264750378,0.0264750378214826,0.10514372163388805,0.0264750378214826,0.0011346444780635401,0.025718608169440244,0.026096822995461424,0.025718608169440244,0.0264750378214826,0.026096822995461424,0.026096822995461424,0.0011346444780635401,0.026096822995461424,0.026096822995461424,0.026096822995461424,0.02685325264750378,0.025718608169440244,0.0011346444780635401,0,0.0011346444780635401,0.024962178517397883,0.026096822995461424,0,0,0,0,0,0.025718608169440244,0.026096822995461424,0,0,0,0,0,0.02685325264750378,0.025718608169440244,0,0,0,0,0.026096822995461424,0.0264750378214826,0.02685325264750378",1
"0,0,1,0,-1,0,0,0,0,0,0,0,0,0,0,0,0,0,0,0,0,0,0,0,1,0,0,0,1,1,1,-1,-1,0,0,-1,-1,1,1,-1,0,0,1,-1,-1,1,0,0,0","0.032398980706224975,0.029486712777575537,0,0.029486712777575537,0,0.029486712777575537,0.029486712777575537,0.035311248634874406,0.04878048780487805,0.032398980706224975,0.029486712777575537,0.029486712777575537,0.032398980706224975,0.029486712777575537,0.029486712777575537,0.029486712777575537,0.029486712777575537,0.032398980706224975,0.032398980706224975,0.032398980706224975,0.029486712777575537,0.035311248634874406,0.029122679286494358,0.035311248634874406,0,0.029486712777575537,0.029486712777575537,0.029486712777575537,0,0,0,0,0,0.032398980706224975,0.029486712777575537,0,0,0,0,0,0.029486712777575537,0.029486712777575537,0,0,0,0,0.029486712777575537,0.029486712777575537,0.029122679286494358",-1
"0,0,1,0,-1,0,0,0,-1,0,0,0,0,0,0,0,0,0,0,0,0,0,0,0,1,0,0,0,1,1,1,-1,-1,0,0,-1,-1,1,1,-1,0,0,1,-1,-1,1,0,0,0","0.001536688436419516,0.024971187091817133,0,0.026123703419131773,0,0.025355359200922013,0.21436803688052247,0.025739531310026893,0,0.21475220898962735,0.001536688436419516,0.001536688436419516,0.025355359200922013,0.024971187091817133,0.023818670764502496,0.02650787552823665,0.001536688436419516,0.024971187091817133,0.02650787552823665,0.001536688436419516,0.001536688436419516,0.02689204763734153,0.001536688436419516,0.02689204763734153,0,0.02689204763734153,0.023818670764502496,0.024587014982712256,0,0,0,0,0,0.024587014982712256,0.024587014982712256,0,0,0,0,0,0.024587014982712256,0.024587014982712256,0,0,0,0,0.025739531310026893,0.025739531310026893,0.02689204763734153",1
"0,0,1,0,-1,0,0,0,-1,1,0,0,0,0,0,0,0,0,0,0,0,0,0,0,1,0,0,0,1,1,1,-1,-1,0,0,-1,-1,1,1,-1,0,0,1,-1,-1,1,0,0,0","0.03334433806536811,0.03334433806536811,0,0.03334433806536811,0,0.03334433806536811,0.03334433806536811,0.03334433806536811,0,0,0.03334433806536811,0.03334433806536811,0.03334433806536811,0.03334433806536811,0.03334433806536811,0.03334433806536811,0.03334433806536811,0.03334433806536811,0.03301419610432486,0.03334433806536811,0.03334433806536811,0.03334433806536811,0.03334433806536811,0.03334433806536811,0,0.03334433806536811,0.03334433806536811,0.03334433806536811,0,0,0,0,0,0.03334433806536811,0.03334433806536811,0,0,0,0,0,0.03334433806536811,0.03334433806536811,0,0,0,0,0.03334433806536811,0.03334433806536811,0.03334433806536811",-1
"-1,0,1,0,-1,0,0,0,-1,1,0,0,0,0,0,0,0,0,0,0,0,0,0,0,1,0,0,0,1,1,1,-1,-1,0,0,-1,-1,1,1,-1,0,0,1,-1,-1,1,0,0,0","0,0.03421461897356143,0,0.034603421461897356,0,0.03421461897356143,0.034603421461897356,0.034603421461897356,0,0,0.034603421461897356,0.034603421461897356,0.034603421461897356,0.034603421461897356,0.034603421461897356,0.03421461897356143,0.034603421461897356,0.03421461897356143,0.034603421461897356,0.03421461897356143,0.034603421461897356,0.03421461897356143,0.034603421461897356,0.034603421461897356,0,0.03421461897356143,0.034603421461897356,0.034603421461897356,0,0,0,0,0,0.03421461897356143,0.034603421461897356,0,0,0,0,0,0.034603421461897356,0.03421461897356143,0,0,0,0,0.034603421461897356,0.034603421461897356,0.034603421461897356",1
"-1,0,1,1,-1,0,0,0,-1,1,0,0,0,0,0,0,0,0,0,0,0,0,0,0,1,0,0,0,1,1,1,-1,-1,0,0,-1,-1,1,1,-1,0,0,1,-1,-1,1,0,0,0","0,0.03553299492385787,0,0,0,0.035923467395548615,0.03553299492385787,0.035923467395548615,0,0,0.035923467395548615,0.035923467395548615,0.03553299492385787,0.03553299492385787,0.035923467395548615,0.035923467395548615,0.03553299492385787,0.035923467395548615,0.03553299492385787,0.03553299492385787,0.035923467395548615,0.035923467395548615,0.035923467395548615,0.03553299492385787,0,0.03553299492385787,0.03553299492385787,0.03553299492385787,0,0,0,0,0,0.035923467395548615,0.035923467395548615,0,0,0,0,0,0.03553299492385787,0.03553299492385787,0,0,0,0,0.03553299492385787,0.035923467395548615,0.03553299492385787",-1
"-1,0,1,1,-1,-1,0,0,-1,1,0,0,0,0,0,0,0,0,0,0,0,0,0,0,1,0,0,0,1,1,1,-1,-1,0,0,-1,-1,1,1,-1,0,0,1,-1,-1,1,0,0,0","0,0.037037037037037035,0,0,0,0,0.037037037037037035,0.037037037037037035,0,0,0.037037037037037035,0.037037037037037035,0.037037037037037035,0.037037037037037035,0.037037037037037035,0.037037037037037035,0.037037037037037035,0.037037037037037035,0.037037037037037035,0.037037037037037035,0.037037037037037035,0.037037037037037035,0.037037037037037035,0.037037037037037035,0,0.037037037037037035,0.037037037037037035,0.037037037037037035,0,0,0,0,0,0.037037037037037035,0.037037037037037035,0,0,0,0,0,0.037037037037037035,0.037037037037037035,0,0,0,0,0.037037037037037035,0.037037037037037035,0.037037037037037035",1
"-1,1,1,1,-1,-1,0,0,-1,1,0,0,0,0,0,0,0,0,0,0,0,0,0,0,1,0,0,0,1,1,1,-1,-1,0,0,-1,-1,1,1,-1,0,0,1,-1,-1,1,0,0,0","0,0,0,0,0,0,0.03814713896457766,0.03853639548462437,0,0,0.03814713896457766,0.03814713896457766,0.03853639548462437,0.03814713896457766,0.03853639548462437,0.04203970416504477,0.03814713896457766,0.03814713896457766,0.03814713896457766,0.03814713896457766,0.03853639548462437,0.03853639548462437,0.03853639548462437,0.03814713896457766,0,0.03853639548462437,0.03814713896457766,0.03853639548462437,0,0,0,0,0,0.03853639548462437,0.03853639548462437,0,0,0,0,0,0.03853639548462437,0.03814713896457766,0,0,0,0,0.03814713896457766,0.03814713896457766,0.03814713896457766",-1
"-1,1,1,1,-1,-1,0,0,-1,1,0,0,0,0,0,-1,0,0,0,0,0,0,0,0,1,0,0,0,1,1,1,-1,-1,0,0,-1,-1,1,1,-1,0,0,1,-1,-1,1,0,0,0","0,0,0,0,0,0,0.06310491676345335,0.06310491676345335,0,0,0.06310491676345335,0.02051877661633759,0.0627177700348432,0.06310491676345335,0.02013162988772745,0,0.06310491676345335,0.02051877661633759,0.06310491676345335,0.02051877661633759,0.019744483159117306,0.06310491676345335,0.0011614401858304297,0.06310491676345335,0,0.06310491676345335,0.019357336430507164,0.02013162988772745,0,0,0,0,0,0.02013162988772745,0.02013162988772745,0,0,0,0,0,0.02013162988772745,0.06310491676345335,0,0,0,0,0.02013162988772745,0.06310491676345335,0.02051877661633759",1
"-1,1,1,1,-1,-1,1,0,-1,1,0,0,0,0,0,-1,0,0,0,0,0,0,0,0,1,0,0,0,1,1,1,-1,-1,0,0,-1,-1,1,1,-1,0,0,1,-1,-1,1,0,0,0","0,0,0,0,0,0,0,0.04130352406214475,0,0,0.041682455475558926,0.041682455475558926,0.041682455475558926,0.041682455475558926,0.041682455475558926,0,0.041682455475558926,0.041682455475558926,0.041682455475558926,0.041682455475558926,0.041682455475558926,0.041682455475558926,0.041682455475558926,0.041682455475558926,0,0.041682455475558926,0.041682455475558926,0.041682455475558926,0,0,0,0,0,0.041682455475558926,0.041682455475558926,0,0,0,0,0,0.041682455475558926,0.041682455475558926,0,0,0,0,0.041682455475558926,0.041682455475558926,0.041682455475558926",-1
"-1,1,1,1,-1,-1,1,0,-1,1,-1,0,0,0,0,-1,0,0,0,0,0,0,0,0,1,0,0,0,1,1,1,-1,-1,0,0,-1,-1,1,1,-1,0,0,1,-1,-1,1,0,0,0","0,0,0,0,0,0,0,0.04329339002705837,0,0,0,0.04367993815229996,0.04367993815229996,0.04329339002705837,0.04329339002705837,0,0.04367993815229996,0.04367993815229996,0.04367993815229996,0.04367993815229996,0.04367993815229996,0.04367993815229996,0.04367993815229996,0.04329339002705837,0,0.04329339002705837,0.04329339002705837,0.04329339002705837,0,0,0,0,0,0.04329339002705837,0.04329339002705837,0,0,0,0,0,0.04367993815229996,0.04329339002705837,0,0,0,0,0.04329339002705837,0.04329339002705837,0.04367993815229996",1
"-1,1,1,1,-1,-1,1,0,-1,1,-1,1,0,0,0,-1,0,0,0,0,0,0,0,0,1,0,0,0,1,1,1,-1,-1,0,0,-1,-1,1,1,-1,0,0,1,-1,-1,1,0,0,0","0,0,0,0,0,0,0,0.04438440756464686,0,0,0,0,0.05596294866846777,0.04438440756464686,0.04438440756464686,0,0.04438440756464686,0.04438440756464686,0.04438440756464686,0.04438440756464686,0.04438440756464686,0.04438440756464686,0.04438440756464686,0.04862987263604786,0,0.04438440756464686,0.04438440756464686,0.04438440756464686,0,0,0,0,0,0.04438440756464686,0.052103434967194134,0,0,0,0,0,0.04438440756464686,0.04438440756464686,0,0,0,0,0.04438440756464686,0.04438440756464686,0.04438440756464686",-1
"-1,1,1,1,-1,-1,1,0,-1,1,-1,1,-1,0,0,-1,0,0,0,0,0,0,0,0,1,0,0,0,1,1,1,-1,-1,0,0,-1,-1,1,1,-1,0,0,1,-1,-1,1,0,0,0","0,0,0,0,0,0,0,0.1520579268292683,0,0,0,0,0,0.1520579268292683,0.01753048780487805,0,0.1520579268292683,0.1520579268292683,0.001524390243902439,0.018292682926829267,0.018292682926829267,0.018292682926829267,0.018292682926829267,0.1520579268292683,0,0.017911585365853657,0.017911585365853657,0.017911585365853657,0,0,0,0,0,0.018292682926829267,0.017911585365853657,0,0,0,0,0,0.017911585365853657,0.018292682926829267,0,0,0,0,0.001524390243902439,0.001524390243902439,0.018292682926829267",1
"-1,1,1,1,-1,-1,1,1,-1,1,-1,1,-1,0,0,-1,0,0,0,0,0,0,0,0,1,0,0,0,1,1,1,-1,-1,0,0,-1,-1,1,1,-1,0,0,1,-1,-1,1,0,0,0","0,0,0,0,0,0,0,0,0,0,0,0,0,0.0493226814866273,0.06425842306356373,0,0.0493226814866273,0.0493226814866273,0.0493226814866273,0.0493226814866273,0.0493226814866273,0.0493226814866273,0.0493226814866273,0.0493226814866273,0,0.048975338659256684,0.0493226814866273,0.0493226814866273,0,0,0,0,0,0.0493226814866273,0.048975338659256684,0,0,0,0,0,0.048975338659256684,0.048975338659256684,0,0,0,0,0.0493226814866273,0.0493226814866273,0.0493226814866273",-1
"-1,1,1,1,-1,-1,1,1,-1,1,-1,1,-1,0,-1,-1,0,0,0,0,0,0,0,0,1,0,0,0,1,1,1,-1,-1,0,0,-1,-1,1,1,-1,0,0,1,-1,-1,1,0,0,0","0,0,0,0,0,0,0,0,0,0,0,0,0,0.017629407351837958,0,0,0.7648162040510128,0.017629407351837958,0.015753938484621154,0.017629407351837958,0.0015003750937734434,0.01687921980495124,0.016504126031507877,0.017629407351837958,0,0.01687921980495124,0.0015003750937734434,0.015003750937734433,0,0,0,0,0,0.015753938484621154,0.015003750937734433,0,0,0,0,0,0.015378844711177795,0.016129032258064516,0,0,0,0,0.0015003750937734434,0.015378844711177795,0.0015003750937734434",1
"-1,1,1,1,-1,-1,1,1,-1,1,-1,1,-1,0,-1,-1,1,0,0,0,0,0,0,0,1,0,0,0,1,1,1,-1,-1,0,0,-1,-1,1,1,-1,0,0,1,-1,-1,1,0,0,0","0,0,0,0,0,0,0,0,0,0,0,0,0,0.04799823047998231,0,0,0,0.04799823047998231,0.047777040477770406,0.047777040477770406,0.04799823047998231,0.047777040477770406,0.04799823047998231,0.18602079186020792,0,0.047777040477770406,0.04799823047998231,0.047777040477770406,0,0,0,0,0,0.04799823047998231,0.047777040477770406,0,0,0,0,0,0.047777040477770406,0.047777040477770406,0,0,0,0,0.04799823047998231,0.04799823047998231,0.047777040477770406",-1
"-1,1,1,1,-1,-1,1,1,-1,1,-1,1,-1,0,-1,-1,1,0,0,0,0,0,0,-1,1,0,0,0,1,1,1,-1,-1,0,0,-1,-1,1,1,-1,0,0,1,-1,-1,1,0,0,0","0,0,0,0,0,0,0,0,0,0,0,0,0,0.20336943441636582,0,0,0,0.2496991576413959,0.011432009626955475,0.1829121540312876,0.011432009626955475,0.01233453670276775,0.25,0,0,0.01233453670276775,0.01022864019253911,0.009927797833935019,0,0,0,0,0,0.010830324909747292,0.009927797833935019,0,0,0,0,0,0.009927797833935019,0.0012033694344163659,0,0,0,0,0.0012033694344163659,0.012033694344163659,0.0012033694344163659",1
"0,0,0,0,0,0,0,0,0,0,0,0,0,0,0,0,0,0,0,0,0,0,0,0,0,0,0,0,0,0,0,0,0,0,0,0,0,0,0,0,0,0,0,0,0,0,0,0,0","0.0016319869441044472,0.0016319869441044472,0.03875968992248062,0.0016319869441044472,0.0016319869441044472,0.0416156670746634,0.02937576499388005,0.03427172582619339,0.0016319869441044472,0.0016319869441044472,0.0016319869441044472,0.03427172582619339,0.0016319869441044472,0.02937576499388005,0.04202366381068951,0.03549571603427173,0.03345573235414117,0.03549571603427173,0.0016319869441044472,0.03875968992248062,0.028559771521827825,0.03386372909016728,0.0416156670746634,0.0016319869441044472,0.0016319869441044472,0.0016319869441044472,0.0016319869441044472,0.028151774785801713,0.04324765401876785,0.0016319869441044472,0.03182374541003672,0.0016319869441044472,0.03345573235414117,0.033047735618115054,0.0016319869441044472,0.0416156670746634,0.04079967360261118,0.031415748674010605,0.039575683394532844,0.0016319869441044472,0.0016319869441044472,0.0016319869441044472,0.0016319869441044472,0.04243166054671563,0.028559771521827825,0.0016319869441044472,0.04079967360261118,0.03223174214606283,0.0016319869441044472",-1
"0,0,0,0,0,0,0,0,0,0,0,0,0,0,0,0,0,0,0,0,0,0,0,0,0,0,0,0,-1,0,0,0,0,0,0,0,0,0,0,0,0,0,0,0,0,0,0,0,0","0.008600469116497263,0.07349491790461297,0.008600469116497263,0.008600469116497263,0.008209538702111024,0.008600469116497263,0.008600469116497263,0.08287724784988272,0.008600469116497263,0.008600469116497263,0.008600469116497263,0.08483189992181392,0.008600469116497263,0.08092259577795152,0.07544956997654417,0.008600469116497263,0.008600469116497263,0.008600469116497263,0.008600469116497263,0.008600469116497263,0.008600469116497263,0.008600469116497263,0.008600469116497263,0.008600469116497263,0.008600469116497263,0.008600469116497263,0.008600469116497263,0.008600469116497263,0,0.09225957779515247,0.008600469116497263,0.008600469116497263,0.008600469116497263,0.008600469116497263,0.008600469116497263,0.008600469116497263,0.008600469116497263,0.008600469116497263,0.08483189992181392,0.081704456606724,0.008600469116497263,0.008600469116497263,0.008600469116497263,0.008600469116497263,0.008600469116497263,0.008600469116497263,0.008600469116497263,0.008600469116497263,0.008600469116497263",1
"0,0,0,0,0,0,0,0,0,0,0,0,0,0,0,0,0,0,0,0,0,0,0,0,0,0,0,0,-1,1,0,0,0,0,0,0,0,0,0,0,0,0,0,0,0,0,0,0,0","0.0029750836742283376,0.0026031982149497955,0.0029750836742283376,0.0029750836742283376,0.04127928597991819,0.0029750836742283376,0.0029750836742283376,0.04425436965414652,0.0026031982149497955,0.0026031982149497955,0.0029750836742283376,0.0026031982149497955,0.04685756786909632,0.0026031982149497955,0.045741911491260695,0.04239494235775381,0.0029750836742283376,0.04685756786909632,0.0029750836742283376,0.0476013387876534,0.04202305689847527,0.051320193380438826,0.05243584975827445,0.0029750836742283376,0.0029750836742283376,0.044626255113425065,0.04351059873558944,0.0029750836742283376,0,0,0.0026031982149497955,0.0026031982149497955,0.04797322424693194,0.045741911491260695,0.0029750836742283376,0.04239494235775381,0.04908888062476757,0.0029750836742283376,0.051320193380438826,0.0026031982149497955,0.0026031982149497955,0.0026031982149497955,0.0029750836742283376,0.0026031982149497955,0.0029750836742283376,0.0029750836742283376,0.04797322424693194,0.044626255113425065,0.045741911491260695",-1
"0,0,0,0,0,0,0,0,0,0,0,0,0,0,0,0,0,0,0,0,0,0,-1,0,0,0,0,0,-1,1,0,0,0,0,0,0,0,0,0,0,0,0,0,0,0,0,0,0,0","0.008863198458574181,0.009248554913294798,0.07630057803468208,0.009248554913294798,0.009248554913294798,0.009248554913294798,0.009248554913294798,0.008863198458574181,0.07090558766859345,0.009248554913294798,0.008863198458574181,0.009248554913294798,0.009248554913294798,0.08169556840077072,0.07514450867052024,0.009248554913294798,0.009248554913294798,0.008863198458574181,0.09132947976878612,0.009248554913294798,0.008863198458574181,0.008863198458574181,0,0.07976878612716763,0.09672447013487476,0.008863198458574181,0.009248554913294798,0.009248554913294798,0,0,0.009248554913294798,0.009248554913294798,0.009248554913294798,0.009248554913294798,0.009248554913294798,0.009248554913294798,0.009248554913294798,0.009248554913294798,0.009248554913294798,0.009248554913294798,0.008863198458574181,0.009248554913294798,0.009248554913294798,0.009248554913294798,0.009248554913294798,0.009248554913294798,0.009248554913294798,0.07976878612716763,0.009248554913294798",1
"0,0,0,0,0,0,0,0,0,0,0,0,0,0,0,0,0,0,0,0,0,0,-1,0,1,0,0,0,-1,1,0,0,0,0,0,0,0,0,0,0,0,0,0,0,0,0,0,0,0","0.058758314855875834,0.04988913525498891,0.0040650406504065045,0.0040650406504065045,0.050997782705099776,0.0040650406504065045,0.0040650406504065045,0.0040650406504065045,0.0040650406504065045,0.0040650406504065045,0.09053954175905396,0.04988913525498891,0.0040650406504065045,0.05543237250554324,0.049150036954915,0.049150036954915,0.0040650406504065045,0.09312638580931264,0.0040650406504065045,0.0040650406504065045,0.0040650406504065045,0.0040650406504065045,0,0.0040650406504065045,0,0.0040650406504065045,0.05395417590539542,0.050628233555062824,0,0,0.0524759793052476,0.0040650406504065045,0.0040650406504065045,0.0524759793052476,0.0040650406504065045,0.0040650406504065045,0.0040650406504065045,0.0040650406504065045,0.0040650406504065045,0.06023651145602365,0.0040650406504065045,0.0040650406504065045,0.0040650406504065045,0.0040650406504065045,0.0040650406504065045,0.0040650406504065045,0.0040650406504065045,0.06134515890613452,0.0040650406504065045",-1
"0,0,0,0,0,0,0,0,0,0,0,0,0,0,0,0,0,-1,0,0,0,0,-1,0,1,0,0,0,-1,1,0,0,0,0,0,0,0,0,0,0,0,0,0,0,0,0,0,0,0","0.014401772525849335,0.014401772525849335,0.014032496307237814,0.014032496307237814,0.014032496307237814,0.09527326440177253,0.16986706056129985,0.014032496307237814,0.014032496307237814,0.014032496307237814,0.014401772525849335,0.014401772525849335,0.014032496307237814,0.014401772525849335,0.014032496307237814,0.014032496307237814,0.014401772525849335,0,0.014032496307237814,0.014032496307237814,0.014401772525849335,0.0827178729689808,0,0.014032496307237814,0,0.014032496307237814,0.014032496307237814,0.014401772525849335,0,0,0.014032496307237814,0.014032496307237814,0.014032496307237814,0.014032496307237814,0.014032496307237814,0.014032496307237814,0.014032496307237814,0.014032496307237814,0.014032496307237814,0.014032496307237814,0.014401772525849335,0.014032496307237814,0.014401772525849335,0.014032496307237814,0.014032496307237814,0.014401772525849335,0.014032496307237814,0.08677991137370754,0.014032496307237814",1
"0,0,0,0,0,0,1,0,0,0,0,0,0,0,0,0,0,-1,0,0,0,0,-1,0,1,0,0,0,-1,1,0,0,0,0,0,0,0,0,0,0,0,0,0,0,0,0,0,0,0","0.06719232087761398,0.0082276311278711,0.0082276311278711,0.0082276311278711,0.0082276311278711,0.07576276996914638,0,0.0082276311278711,0.0082276311278711,0.0082276311278711,0.0082276311278711,0.06239286938635585,0.0082276311278711,0.11518683579019541,0.0082276311278711,0.0082276311278711,0.0082276311278711,0,0.0082276311278711,0.0911895783339047,0.0082276311278711,0.06307850531367844,0,0.0082276311278711,0,0.0082276311278711,0.0082276311278711,0.0082276311278711,0,0,0.0082276311278711,0.0082276311278711,0.07096331847788824,0.0082276311278711,0.0082276311278711,0.0082276311278711,0.0082276311278711,0.0082276311278711,0.0082276311278711,0.0082276311278711,0.0082276311278711,0.06410695920466232,0.0082276311278711,0.06307850531367844,0.055536510113129926,0.0082276311278711,0.0082276311278711,0.0082276311278711,0.0082276311278711",-1
"0,0,0,0,0,0,1,0,0,0,0,0,0,-1,0,0,0,-1,0,0,0,0,-1,0,1,0,0,0,-1,1,0,0,0,0,0,0,0,0,0,0,0,0,0,0,0,0,0,0,0","0.03507516105941303,0.0025053686471009306,0.0025053686471009306,0.0025053686471009306,0.0025053686471009306,0.0025053686471009306,0,0.0025053686471009306,0.0025053686471009306,0.0025053686471009306,0.0025053686471009306,0.0025053686471009306,0.6148890479599141,0,0.0025053686471009306,0.0329277022190408,0.0025053686471009306,0,0.03507516105941303,0.0025053686471009306,0.0025053686471009306,0.0025053686471009306,0,0.0025053686471009306,0,0.0025053686471009306,0.0025053686471009306,0.03364352183249821,0,0,0.0025053686471009306,0.0025053686471009306,0.0025053686471009306,0.03364352183249821,0.03221188260558339,0.0025053686471009306,0.0025053686471009306,0.03758052970651396,0.0025053686471009306,0.03364352183249821,0.03113815318539728,0.0025053686471009306,0.0025053686471009306,0.0025053686471009306,0.0025053686471009306,0.0025053686471009306,0.0025053686471009306,0.0025053686471009306,0.0025053686471009306",1
"0,0,0,0,0,0,1,0,0,0,0,0,1,-1,0,0,0,-1,0,0,0,0,-1,0,1,0,0,0,-1,1,0,0,0,0,0,0,0,0,0,0,0,0,0,0,0,0,0,0,0","0.016279626526214987,0.019391908067991383,0.019391908067991383,0.08139813263107494,0.016279626526214987,0.023940627244433806,0,0.019391908067991383,0.014603782619104621,0.025377064879099832,0.03231984677998564,0.019391908067991383,0,0,0.02106775197510175,0.019391908067991383,0.023940627244433806,0,0.016279626526214987,0.03615034713909505,0.016279626526214987,0.019391908067991383,0,0.02824994014843189,0,0.10677519751017477,0.02824994014843189,0.017955470433325352,0,0,0.022504189609767775,0.019391908067991383,0.023940627244433806,0.02106775197510175,0.019631314340435718,0.017955470433325352,0.02681350251376586,0.017955470433325352,0.022504189609767775,0.017955470433325352,0.022504189609767775,0.014603782619104621,0.014603782619104621,0.02824994014843189,0.017955470433325352,0.014603782619104621,0.016279626526214987,0.025377064879099832,0.014603782619104621",-1
"0,0,0,0,0,0,1,0,0,0,0,0,1,-1,0,0,0,-1,0,0,0,0,-1,0,1,-1,0,0,-1,1,0,0,0,0,0,0,0,0,0,0,0,0,0,0,0,0,0,0,0","0.04301445285615967,0.0034411562284927736,0.04163799036476256,0.044735030970406056,0.0034411562284927736,0.04542326221610461,0,0.040605643496214726,0.040605643496214726,0.04163799036476256,0.0034411562284927736,0.03750860289057123,0,0,0.042326221610461116,0.04129387474191328,0.040605643496214726,0,0.048864418444597386,0.038540949759119064,0.044735030970406056,0.0034411562284927736,0,0.0034411562284927736,0,0,0.04817618719889883,0.0034411562284927736,0,0,0.0034411562284927736,0.0440467997247075,0.0440467997247075,0.038540949759119064,0.0034411562284927736,0.0034411562284927736,0.04542326221610461,0.0034411562284927736,0.0034411562284927736,0.0034411562284927736,0.03682037164487268,0.0034411562284927736,0.0034411562284927736,0.042326221610461116,0.0034411562284927736,0.0034411562284927736,0.0034411562284927736,0.047143840330350996,0.0034411562284927736",1
"0,0,0,0,0,0,1,0,0,0,0,0,1,-1,0,0,0,-1,1,0,0,0,-1,0,1,-1,0,0,-1,1,0,0,0,0,0,0,0,0,0,0,0,0,0,0,0,0,0,0,0","0.010756819054936612,0.010756819054936612,0.010756819054936612,0.010756819054936612,0.010756819054936612,0.010756819054936612,0,0.010756819054936612,0.010756819054936612,0.010756819054936612,0.010756819054936612,0.010756819054936612,0,0,0.010756819054936612,0.010756819054936612,0.07184018440261238,0,0,0.010756819054936612,0.010756819054936612,0.010756819054936612,0,0.08759124087591241,0,0,0.08029197080291971,0.010756819054936612,0,0,0.010756819054936612,0.010756819054936612,0.010756819054936612,0.07529773338455628,0.010756819054936612,0.010756819054936612,0.12754514022281982,0.010756819054936612,0.010756819054936612,0.010756819054936612,0.010756819054936612,0.010756819054936612,0.010756819054936612,0.07913945447560507,0.010756819054936612,0.010756819054936612,0.010756819054936612,0.0695351517479831,0.07529773338455628",-1
"0,0,0,0,0,0,1,0,0,0,0,0,1,-1,0,0,0,-1,1,0,0,0,-1,0,1,-1,0,0,-1,1,0,0,0,0,0,0,-1,0,0,0,0,0,0,0,0,0,0,0,0","0.008589835361488905,0.008589835361488905,0.008589835361488905,0.008589835361488905,0.008589835361488905,0.008589835361488905,0,0.008589835361488905,0.05869720830350752,0.008589835361488905,0.008589835361488905,0.008589835361488905,0,0,0.008589835361488905,0.008589835361488905,0.008589835361488905,0,0,0.10343593414459556,0.008589835361488905,0.0740873299928418,0,0.06979241231209735,0,0,0.008589835361488905,0.008589835361488905,0,0,0.06191839656406586,0.0658554044380816,0.008589835361488905,0.008589835361488905,0.05977093772369363,0.07301360057265568,0,0.06478167501789549,0.008589835361488905,0.07193987115246958,0.008589835361488905,0.008589835361488905,0.008589835361488905,0.008589835361488905,0.008589835361488905,0.06478167501789549,0.008589835361488905,0.008589835361488905,0.008589835361488905",1
"0,0,0,0,0,0,1,0,0,0,0,0,1,-1,0,0,0,-1,1,1,0,0,-1,0,1,-1,0,0,-1,1,0,0,0,0,0,0,-1,0,0,0,0,0,0,0,0,0,0,0,0","0.00436046511627907,0.00436046511627907,0.00436046511627907,0.00436046511627907,0.05232558139534884,0.046511627906976744,0,0.00436046511627907,0.03997093023255814,0.0501453488372093,0.0436046511627907,0.00436046511627907,0,0,0.00436046511627907,0.00436046511627907,0.04578488372093023,0,0,0,0.00436046511627907,0.00436046511627907,0,0.00436046511627907,0,0,0.00436046511627907,0.00436046511627907,0,0,0.00436046511627907,0.38844476744186046,0.07739825581395349,0.00436046511627907,0.00436046511627907,0.00436046511627907,0,0.00436046511627907,0.00436046511627907,0.05377906976744186,0.00436046511627907,0.00436046511627907,0.00436046511627907,0.00436046511627907,0.04433139534883721,0.00436046511627907,0.00436046511627907,0.04433139534883721,0.00436046511627907",-1
"0,0,0,0,0,0,1,0,0,0,0,0,1,-1,0,0,0,-1,1,1,0,0,-1,0,1,-1,0,0,-1,1,0,-1,0,0,0,0,-1,0,0,0,0,0,0,0,0,0,0,0,0","0.012454005094820267,0.012454005094820267,0.012454005094820267,0.012454005094820267,0.014152278516841211,0.06227002547410133,0,0.012454005094820267,0.014152278516841211,0.012454005094820267,0.012454005094820267,0.012454005094820267,0,0,0.012454005094820267,0.012454005094820267,0.012454005094820267,0,0,0,0.012454005094820267,0.012454005094820267,0,0.014152278516841211,0,0,0.07047834701386924,0.012454005094820267,0,0,0.020379281064251343,0,0.012454005094820267,0.012454005094820267,0.015850551938862156,0.4169261251061421,0,0.030285876026040194,0.012454005094820267,0.012454005094820267,0.015850551938862156,0.012454005094820267,0.012454005094820267,0.014152278516841211,0.012454005094820267,0.012454005094820267,0.012454005094820267,0.012454005094820267,0.012454005094820267",1
"0,0,0,0,0,0,1,0,0,0,0,0,1,-1,0,0,0,-1,1,1,0,0,-1,0,1,-1,0,0,-1,1,0,-1,0,0,0,1,-1,0,0,0,0,0,0,0,0,0,0,0,0","0.0015236160487557136,0.0015236160487557136,0.0015236160487557136,0.0015236160487557136,0.0015236160487557136,0.0015236160487557136,0,0.0015236160487557136,0.0015236160487557136,0.0015236160487557136,0.8098019299136617,0.0015236160487557136,0,0,0.0015236160487557136,0.0015236160487557136,0.0015236160487557136,0,0,0,0.0015236160487557136,0.0015236160487557136,0,0.02488572879634332,0,0,0.03580497714575927,0.0015236160487557136,0,0,0.0015236160487557136,0,0.0015236160487557136,0.0015236160487557136,0.0015236160487557136,0,0,0.0015236160487557136,0.0015236160487557136,0.0015236160487557136,0.0015236160487557136,0.02488572879634332,0.03682072117826308,0.0015236160487557136,0.0015236160487557136,0.0015236160487557136,0.0015236160487557136,0.023616048755713562,0.0015236160487557136",-1
"0,0,0,0,0,0,1,0,0,0,-1,0,1,-1,0,0,0,-1,1,1,0,0,-1,0,1,-1,0,0,-1,1,0,-1,0,0,0,1,-1,0,0,0,0,0,0,0,0,0,0,0,0","0.01874447391688771,0.01768346595932803,0.05711759504862953,0.021750663129973476,0.03129973474801061,0.019805481874447393,0,0.019805481874447393,0.030415561450044207,0.023695844385499557,0,0.021750663129973476,0,0,0.02564102564102564,0.05959328028293546,0.019805481874447393,0,0,0,0.01768346595932803,0.01874447391688771,0,0.09389920424403184,0,0,0.05552608311229001,0.023695844385499557,0,0,0.014500442086648984,0,0.026702033598585324,0.02475685234305924,0.028470380194518124,0,0,0.028470380194518124,0.022811671087533156,0.020689655172413793,0.028470380194518124,0.020689655172413793,0.030415561450044207,0.07586206896551724,0.01768346595932803,0.01874447391688771,0.023695844385499557,0.023695844385499557,0.01768346595932803",1
"0,0,0,0,0,0,1,0,0,0,-1,0,1,-1,0,0,0,-1,1,1,0,0,-1,1,1,-1,0,0,-1,1,0,-1,0,0,0,1,-1,0,0,0,0,0,0,0,0,0,0,0,0","0.00133422281521014,0.00133422281521014,0.00133422281521014,0.00133422281521014,0.00133422281521014,0.00133422281521014,0,0.00133422281521014,0.00133422281521014,0.00133422281521014,0,0.00133422281521014,0,0,0.00133422281521014,0.00133422281521014,0.00133422281521014,0,0,0,0.00133422281521014,0.00133422281521014,0,0,0,0,0.00133422281521014,0.00133422281521014,0,0,0.00133422281521014,0,0.00133422281521014,0.00133422281521014,0.00133422281521014,0,0,0.00133422281521014,0.00133422281521014,0.00133422281521014,0.00133422281521014,0.00133422281521014,0.9573048699132756,0.00133422281521014,0.00133422281521014,0.00133422281521014,0.00133422281521014,0.00133422281521014,0.00133422281521014",-1
"0,0,0,0,0,0,1,0,0,0,-1,0,1,-1,0,0,0,-1,1,1,0,0,-1,1,1,-1,0,0,-1,1,0,-1,0,0,0,1,-1,0,0,0,0,0,-1,0,0,0,0,0,0","0.01967028849756463,0.0215436493068565,0.01967028849756463,0.0215436493068565,0.01967028849756463,0.02660172349194455,0,0.0215436493068565,0.01967028849756463,0.01967028849756463,0,0.0215436493068565,0,0,0.0215436493068565,0.01967028849756463,0.0215436493068565,0,0,0,0.02959910078681154,0.01967028849756463,0,0,0,0,0.33589359310603223,0.0215436493068565,0,0,0.024915698763581864,0,0.01967028849756463,0.01967028849756463,0.0215436493068565,0,0,0.02959910078681154,0.01967028849756463,0.01967028849756463,0.0215436493068565,0.01967028849756463,0,0.0215436493068565,0.023229674035219184,0.01967028849756463,0.01967028849756463,0.01967028849756463,0.01967028849756463",1
"0,0,0,0,0,0,1,0,0,0,-1,0,1,-1,0,0,0,-1,1,1,0,0,-1,1,1,-1,1,0,-1,1,0,-1,0,0,0,1,-1,0,0,0,0,0,-1,0,0,0,0,0,0","0.025105584232754576,0.012200844673862036,0.01665884561238855,0.017832003754106054,0.0689816987329892,0.02721726888784608,0,0.02322853120600657,0.07602064758329423,0.048803378695448145,0,0.015720319099014547,0,0,0.07250117315814172,0.04786485218207415,0.010793054903801032,0,0,0,0.022055373064289067,0.009385265133740028,0,0,0,0,0,0.048803378695448145,0,0,0.04786485218207415,0,0.031206006569685595,0.0689816987329892,0.01665884561238855,0,0,0.017832003754106054,0.02416705771938057,0.02627874237447208,0.017832003754106054,0.015720319099014547,0,0.048803378695448145,0.010793054903801032,0.05232285312060066,0.010793054903801032,0.017832003754106054,0.04974190520882215",-1
"0,0,0,0,0,0,1,0,-1,0,-1,0,1,-1,0,0,0,-1,1,1,0,0,-1,1,1,-1,1,0,-1,1,0,-1,0,0,0,1,-1,0,0,0,0,0,-1,0,0,0,0,0,0","0.023622047244094488,0.0014316392269148174,0.02219040801717967,0.023979957050823193,0.01968503937007874,0.02290622763063708,0,0.0014316392269148174,0,0.0014316392269148174,0,0.02290622763063708,0,0,0.0014316392269148174,0.0014316392269148174,0.0014316392269148174,0,0,0,0.0014316392269148174,0.0014316392269148174,0,0,0,0,0,0.025769506084466716,0,0,0.0014316392269148174,0,0.0014316392269148174,0.02541159627773801,0.0014316392269148174,0,0,0.0014316392269148174,0.025769506084466716,0.759126700071582,0.0014316392269148174,0.0014316392269148174,0,0.0014316392269148174,0.0014316392269148174,0.0014316392269148174,0.0014316392269148174,0.0014316392269148174,0.0014316392269148174",1
"0,0,0,0,0,0,1,0,-1,0,-1,0,1,-1,0,0,0,-1,1,1,0,0,-1,1,1,-1,1,0,-1,1,0,-1,0,0,0,1,-1,0,0,1,0,0,-1,0,0,0,0,0,0","0.0313588850174216,0.031576655052264806,0.031576655052264806,0.03614982578397213,0.031576655052264806,0.0313588850174216,0,0.0429006968641115,0,0.031576655052264806,0,0.0313588850174216,0,0,0.031576655052264806,0.031576655052264806,0.031576655052264806,0,0,0,0.03614982578397213,0.0313588850174216,0,0,0,0,0,0.031576655052264806,0,0,0.031576655052264806,0,0.08362369337979095,0.03397212543554007,0.0313588850174216,0,0,0.031576655052264806,0.031576655052264806,0,0.0313588850174216,0.0313588850174216,0,0.03614982578397213,0.0313588850174216,0.0313588850174216,0.03854529616724739,0.0313588850174216,0.031576655052264806",-1
"0,0,0,0,0,0,1,0,-1,0,-1,0,1,-1,0,0,0,-1,1,1,0,0,-1,1,1,-1,1,0,-1,1,0,-1,-1,0,0,1,-1,0,0,1,0,0,-1,0,0,0,0,0,0","0.02275910364145658,0.023109243697478993,0.0014005602240896359,0.02275910364145658,0.021358543417366947,0.021708683473389355,0,0.0014005602240896359,0,0.021708683473389355,0,0.02275910364145658,0,0,0.023109243697478993,0.0014005602240896359,0.0014005602240896359,0,0,0,0.0014005602240896359,0.022058823529411766,0,0,0,0,0,0.02275910364145658,0,0,0.0014005602240896359,0,0,0.4177170868347339,0.0014005602240896359,0,0,0.27170868347338933,0.0014005602240896359,0,0.0014005602240896359,0.0014005602240896359,0,0.0014005602240896359,0.02275910364145658,0.02275910364145658,0.02275910364145658,0.0014005602240896359,0.0014005602240896359",1
"0,0,0,0,0,0,1,0,-1,0,-1,0,1,-1,0,0,0,-1,1,1,0,0,-1,1,1,-1,1,0,-1,1,0,-1,-1,1,0,1,-1,0,0,1,0,0,-1,0,0,0,0,0,0","0.036552100381887616,0.036552100381887616,0.036552100381887616,0.036552100381887616,0.036552100381887616,0.036552100381887616,0,0.036552100381887616,0,0.036824877250409165,0,0.036824877250409165,0,0,0.036552100381887616,0.036824877250409165,0.036552100381887616,0,0,0,0.03955264593562466,0.036552100381887616,0,0,0,0,0,0.036552100381887616,0,0,0.036552100381887616,0,0,0,0.036552100381887616,0,0,0.036552100381887616,0.036552100381887616,0,0.036552100381887616,0.036824877250409165,0,0.036552100381887616,0.036552100381887616,0.036552100381887616,0.045280960174577195,0.036824877250409165,0.036552100381887616",-1
"0,0,0,0,0,0,1,0,-1,0,-1,0,1,-1,0,0,0,-1,1,1,0,0,-1,1,1,-1,1,0,-1,1,0,-1,-1,1,0,1,-1,0,0,1,0,0,-1,0,0,0,-1,0,0","0.05,0.04962121212121212,0.04962121212121212,0.04962121212121212,0.04962121212121212,0.0011363636363636363,0,0.020454545454545454,0,0.05,0,0.05,0,0,0.04962121212121212,0.0011363636363636363,0.04962121212121212,0,0,0,0.05,0.05,0,0,0,0,0,0.020075757575757577,0,0,0.04962121212121212,0,0,0,0.04962121212121212,0,0,0.020454545454545454,0.05,0,0.04962121212121212,0.020454545454545454,0,0.04962121212121212,0.04962121212121212,0.04962121212121212,0,0.0011363636363636363,0.019696969696969695",1
"1,0,0,0,0,0,1,0,-1,0,-1,0,1,-1,0,0,0,-1,1,1,0,0,-1,1,1,-1,1,0,-1,1,0,-1,-1,1,0,1,-1,0,0,1,0,0,-1,0,0,0,-1,0,0","0,0.0364403528960491,0.0333716915995397,0.0333716915995397,0.02991944764096663,0.02991944764096663,0,0.02991944764096663,0,0.02991944764096663,0,0.0333716915995397,0,0,0.0333716915995397,0.02991944764096663,0.04219409282700422,0,0,0,0.039125431530494824,0.0333716915995397,0,0,0,0,0,0.0333716915995397,0,0,0.0333716915995397,0,0,0,0.0364403528960491,0,0,0.05063291139240506,0.02991944764096663,0,0.11277330264672036,0.039125431530494824,0,0.02991944764096663,0.02991944764096663,0.04219409282700422,0,0.09474491752972766,0.0333716915995397",-1
"1,0,0,0,0,0,1,0,-1,0,-1,0,1,-1,0,0,0,-1,1,1,0,0,-1,1,1,-1,1,0,-1,1,0,-1,-1,1,0,1,-1,0,0,1,-1,0,-1,0,0,0,-1,0,0","0,0.001444043321299639,0.001444043321299639,0.001444043321299639,0.001444043321299639,0.001444043321299639,0,0.001444043321299639,0,0.0184115523465704,0,0.001444043321299639,0,0,0.019494584837545126,0.001444043321299639,0.001444043321299639,0,0,0,0.001444043321299639,0.001444043321299639,0,0,0,0,0,0.011913357400722021,0,0,0.001444043321299639,0,0,0,0.18339350180505415,0,0,0.001444043321299639,0.18303249097472923,0,0,0.18303249097472923,0,0.001444043321299639,0.18339350180505415,0.18303249097472923,0,0.001444043321299639,0.01263537906137184",1
"1,0,0,0,0,0,1,0,-1,0,-1,0,1,-1,0,0,0,-1,1,1,0,0,-1,1,1,-1,1,0,-1,1,0,-1,-1,1,1,1,-1,0,0,1,-1,0,-1,0,0,0,-1,0,0","0,0.045561139028475715,0.04053601340033501,0.04053601340033501,0.02948073701842546,0.03785594639865997,0,0.045561139028475715,0,0.03249581239530988,0,0.035175879396984924,0,0,0.04589614740368509,0.05561139028475712,0.045561139028475715,0,0,0,0.04053601340033501,0.035175879396984924,0,0,0,0,0,0.02948073701842546,0,0,0.03249581239530988,0,0,0,0,0,0,0.04589614740368509,0.10988274706867672,0,0,0.053266331658291456,0,0.04321608040201005,0.03249581239530988,0.053266331658291456,0,0.04053601340033501,0.02948073701842546",-1
"1,0,0,0,0,0,1,0,-1,0,-1,0,1,-1,0,0,0,-1,1,1,0,0,-1,1,1,-1,1,0,-1,1,0,-1,-1,1,1,1,-1,0,-1,1,-1,0,-1,0,0,0,-1,0,0","0,0.0014255167498218105,0.018531717747683536,0.018175338560228082,0.0014255167498218105,0.0014255167498218105,0,0.01674982181040627,0,0.0014255167498218105,0,0.0014255167498218105,0,0,0.018531717747683536,0.0014255167498218105,0.0014255167498218105,0,0,0,0.0014255167498218105,0.0014255167498218105,0,0,0,0,0,0.015680684248039915,0,0,0.0014255167498218105,0,0,0,0,0,0,0.0014255167498218105,0,0,0,0.1977904490377762,0,0.0014255167498218105,0.2120456165359943,0.4682822523164647,0,0.0014255167498218105,0.015680684248039915",1
"0,0,0,0,0,0,0,0,0,0,0,0,0,0,0,0,0,0,0,0,0,0,0,0,0,0,0,0,0,0,0,0,0,0,0,0,0,0,0,0,0,0,0,0,0,0,0,0,0","0.028151774785801713,0.023663810689514484,0.0012239902080783353,0.022439820481436147,0.021623827009383926,0.022439820481436147,0.02284781721746226,0.026111791105671155,0.022439820481436147,0.026519787841697267,0.0012239902080783353,0.024071807425540596,0.022439820481436147,0.02447980416156671,0.025703794369645042,0.021623827009383926,0.022439820481436147,0.023255813953488372,0.02447980416156671,0.024887800897592818,0.022031823745410038,0.0277437780497756,0.022439820481436147,0.022031823745410038,0.030599755201958383,0.0012239902080783353,0.025703794369645042,0.0012239902080783353,0.0012239902080783353,0.022439820481436147,0.02692778457772338,0.0012239902080783353,0.023255813953488372,0.023663810689514484,0.028151774785801713,0.022439820481436147,0.028151774785801713,0.023255813953488372,0.026111791105671155,0.0012239902080783353,0.022439820481436147,0.022439820481436147,0.023663810689514484,0.022439820481436147,0.0012239902080783353,0.022439820481436147,0.02284781721746226,0.023255813953488372,0.026111791105671155",1
"0,0,0,0,0,0,0,0,0,0,0,0,0,0,0,0,0,0,0,0,0,0,0,0,1,0,0,0,0,0,0,0,0,0,0,0,0,0,0,0,0,0,0,0,0,0,0,0,0","0.009497427779976256,0.009497427779976256,0.009497427779976256,0.009497427779976256,0.009497427779976256,0.09101701622477246,0.009497427779976256,0.009497427779976256,0.09655718242975861,0.009497427779976256,0.08785120696478037,0.009497427779976256,0.009497427779976256,0.009497427779976256,0.0886426592797784,0.009497427779976256,0.009497427779976256,0.009497427779976256,0.009497427779976256,0.009497427779976256,0.009497427779976256,0.009497427779976256,0.009497427779976256,0.009497427779976256,0,0.009497427779976256,0.009497427779976256,0.009497427779976256,0.009497427779976256,0.009497427779976256,0.009497427779976256,0.009497427779976256,0.09655718242975861,0.009497427779976256,0.009497427779976256,0.009497427779976256,0.1404827859121488,0.009497427779976256,0.009497427779976256,0.009497427779976256,0.009497427779976256,0.009497427779976256,0.009497427779976256,0.009497427779976256,0.009497427779976256,0.009497427779976256,0.009497427779976256,0.009497427779976256,0.009497427779976256",-1
"0,0,0,0,0,0,0,0,0,0,0,0,0,0,0,0,0,0,0,0,0,0,0,0,1,0,0,0,0,0,0,0,0,0,0,0,-1,0,0,0,0,0,0,0,0,0,0,0,0","0.004273504273504274,0.056623931623931624,0.05733618233618234,0.004273504273504274,0.004273504273504274,0.004273504273504274,0.06054131054131054,0.004273504273504274,0.004273504273504274,0.004273504273504274,0.05911680911680912,0.06588319088319089,0.0551994301994302,0.004273504273504274,0.004273504273504274,0.004273504273504274,0.06054131054131054,0.053062678062678066,0.004273504273504274,0.05982905982905983,0.05876068376068376,0.0551994301994302,0.004273504273504274,0.004273504273504274,0,0.004273504273504274,0.004273504273504274,0.004273504273504274,0.004273504273504274,0.004273504273504274,0.004273504273504274,0.05092592592592592,0.004273504273504274,0.004273504273504274,0.05163817663817664,0.004273504273504274,0,0.06267806267806268,0.004273504273504274,0.004273504273504274,0.004273504273504274,0.004273504273504274,0.004273504273504274,0.05591168091168091,0.004273504273504274,0.004273504273504274,0.004273504273504274,0.004273504273504274,0.004273504273504274",1
"0,0,0,0,0,0,0,0,0,0,0,1,0,0,0,0,0,0,0,0,0,0,0,0,1,0,0,0,0,0,0,0,0,0,0,0,-1,0,0,0,0,0,0,0,0,0,0,0,0","0.004547176960970065,0.004547176960970065,0.004547176960970065,0.004547176960970065,0.004547176960970065,0.05683971201212581,0.004547176960970065,0.004547176960970065,0.05683971201212581,0.004547176960970065,0.004547176960970065,0,0.004547176960970065,0.004547176960970065,0.004547176960970065,0.004547176960970065,0.059113300492610835,0.004547176960970065,0.004547176960970065,0.004547176960970065,0.004547176960970065,0.004547176960970065,0.004547176960970065,0.004547176960970065,0,0.004547176960970065,0.05267146646456991,0.004547176960970065,0.05342932929139826,0.004547176960970065,0.004547176960970065,0.004547176960970065,0.4418340280409246,0.004547176960970065,0.054566123531640774,0.05191360363774157,0,0.004547176960970065,0.004547176960970065,0.004547176960970065,0.004547176960970065,0.004547176960970065,0.004547176960970065,0.004547176960970065,0.004547176960970065,0.004547176960970065,0.004547176960970065,0.004547176960970065,0.004547176960970065",-1
"0,0,0,0,0,0,0,0,0,0,0,1,0,0,0,0,0,0,0,0,0,0,0,0,1,0,0,0,0,0,0,0,-1,0,0,0,-1,0,0,0,0,0,0,0,0,0,0,0,0","0.0115990057995029,0.0115990057995029,0.0115990057995029,0.0115990057995029,0.0115990057995029,0.0115990057995029,0.0115990057995029,0.0115990057995029,0.0115990057995029,0.0115990057995029,0.0115990057995029,0,0.0115990057995029,0.0115990057995029,0.07069870201601768,0.0115990057995029,0.0115990057995029,0.0115990057995029,0.0115990057995029,0.0115990057995029,0.0115990057995029,0.0115990057995029,0.0115990057995029,0.0115990057995029,0,0.0115990057995029,0.0115990057995029,0.0115990057995029,0.0115990057995029,0.0115990057995029,0.0115990057995029,0.0115990057995029,0,0.0115990057995029,0.0115990057995029,0.0115990057995029,0,0.12620822977078155,0.31593482463407896,0.0115990057995029,0.0115990057995029,0.0115990057995029,0.0115990057995029,0.0115990057995029,0.0115990057995029,0.0115990057995029,0.0115990057995029,0.0115990057995029,0.0115990057995029",1
"0,0,0,0,0,0,0,0,0,0,0,1,0,0,0,0,0,0,0,0,0,0,0,0,1,0,0,0,0,0,0,0,-1,0,0,0,-1,0,1,0,0,0,0,0,0,0,0,0,0","0.001388888888888889,0.025833333333333333,0.001388888888888889,0.001388888888888889,0.001388888888888889,0.001388888888888889,0.024722222222222222,0.001388888888888889,0.02388888888888889,0.021111111111111112,0.02861111111111111,0,0.001388888888888889,0.001388888888888889,0.001388888888888889,0.001388888888888889,0.001388888888888889,0.001388888888888889,0.001388888888888889,0.001388888888888889,0.001388888888888889,0.001388888888888889,0.001388888888888889,0.001388888888888889,0,0.025,0.021944444444444444,0.001388888888888889,0.001388888888888889,0.001388888888888889,0.001388888888888889,0.7552777777777778,0,0.001388888888888889,0.001388888888888889,0.001388888888888889,0,0.001388888888888889,0,0.001388888888888889,0.001388888888888889,0.001388888888888889,0.001388888888888889,0.001388888888888889,0.001388888888888889,0.001388888888888889,0.001388888888888889,0.025,0.001388888888888889",-1
"0,0,0,0,0,0,0,0,0,0,0,1,0,0,0,0,0,0,0,0,0,0,0,0,1,0,0,0,0,0,0,-1,-1,0,0,0,-1,0,1,0,0,0,0,0,0,0,0,0,0","0.022797527047913446,0.019319938176197836,0.021058732612055642,0.019319938176197836,0.019319938176197836,0.022604327666151468,0.021058732612055642,0.019319938176197836,0.019319938176197836,0.0258887171561051,0.019319938176197836,0,0.019319938176197836,0.028979907264296754,0.019319938176197836,0.019319938176197836,0.021058732612055642,0.019319938176197836,0.024343122102009274,0.019319938176197836,0.019319938176197836,0.02743431221020093,0.021058732612055642,0.022604327666151468,0,0.021058732612055642,0.022797527047913446,0.021058732612055642,0.021058732612055642,0.022604327666151468,0.019319938176197836,0,0,0.024343122102009274,0.021058732612055642,0.019319938176197836,0,0.1116692426584235,0,0.024343122102009274,0.019319938176197836,0.019319938176197836,0.021058732612055642,0.019319938176197836,0.019319938176197836,0.019319938176197836,0.019319938176197836,0.024343122102009274,0.019319938176197836",1
"0,0,0,0,0,0,0,0,0,0,0,1,0,0,0,0,0,0,0,0,0,0,0,0,1,0,0,0,0,0,0,-1,-1,0,0,0,-1,1,1,0,0,0,0,0,0,0,0,0,0","0.025691699604743084,0.03194993412384717,0.033267457180500656,0.03260869565217391,0.0016469038208168643,0.03689064558629776,0.034255599472990776,0.03293807641633729,0.029644268774703556,0.029973649538866932,0.03293807641633729,0,0.03359683794466403,0.03359683794466403,0.0016469038208168643,0.029973649538866932,0.0016469038208168643,0.03359683794466403,0.029644268774703556,0.0016469038208168643,0.030961791831357048,0.03162055335968379,0.0016469038208168643,0.0016469038208168643,0,0.0016469038208168643,0.03458498023715415,0.0016469038208168643,0.03359683794466403,0.0016469038208168643,0.1301054018445323,0,0,0.0016469038208168643,0.03359683794466403,0.033267457180500656,0,0,0,0.0016469038208168643,0.030961791831357048,0.03491436100131752,0.0016469038208168643,0.0016469038208168643,0.03293807641633729,0.033267457180500656,0.03491436100131752,0.0016469038208168643,0.0016469038208168643",-1
"0,0,0,0,0,0,0,0,0,0,0,1,0,0,0,0,0,0,0,0,0,0,0,0,1,0,0,0,0,0,-1,-1,-1,0,0,0,-1,1,1,0,0,0,0,0,0,0,0,0,0","0.02207428170988087,0.02207428170988087,0.021723896285914507,0.02207428170988087,0.02207428170988087,0.02207428170988087,0.021723896285914507,0.02207428170988087,0.02207428170988087,0.021723896285914507,0.02207428170988087,0,0.02207428170988087,0.02452697967764541,0.021723896285914507,0.021723896285914507,0.021723896285914507,0.021723896285914507,0.021723896285914507,0.02452697967764541,0.02207428170988087,0.02207428170988087,0.021723896285914507,0.021723896285914507,0,0.02207428170988087,0.11772950245269796,0.02207428170988087,0.02207428170988087,0.02207428170988087,0,0,0,0.02207428170988087,0.02207428170988087,0.021723896285914507,0,0,0,0.021723896285914507,0.021723896285914507,0.021723896285914507,0.02207428170988087,0.02207428170988087,0.02207428170988087,0.02207428170988087,0.02207428170988087,0.021723896285914507,0.021723896285914507",1
"0,0,0,0,0,0,0,0,0,0,0,1,0,0,0,0,0,0,0,0,0,0,0,0,1,0,1,0,0,0,-1,-1,-1,0,0,0,-1,1,1,0,0,0,0,0,0,0,0,0,0","0.029327610872675252,0.030758226037195996,0.02467811158798283,0.001430615164520744,0.030400572246065807,0.1709585121602289,0.026108726752503576,0.030758226037195996,0.02682403433476395,0.02861230329041488,0.03111587982832618,0,0.030758226037195996,0.001430615164520744,0.022174535050071532,0.027896995708154508,0.022532188841201718,0.030400572246065807,0.030400572246065807,0.001430615164520744,0.027896995708154508,0.001430615164520744,0.02861230329041488,0.030042918454935622,0,0.030758226037195996,0,0.001430615164520744,0.029327610872675252,0.001430615164520744,0,0,0,0.031473533619456366,0.029685264663805437,0.029327610872675252,0,0,0,0.001430615164520744,0.029685264663805437,0.001430615164520744,0.001430615164520744,0.029327610872675252,0.02074391988555079,0.02396280400572246,0.029327610872675252,0.021816881258941344,0.001430615164520744",-1
"0,0,0,0,0,-1,0,0,0,0,0,1,0,0,0,0,0,0,0,0,0,0,0,0,1,0,1,0,0,0,-1,-1,-1,0,0,0,-1,1,1,0,0,0,0,0,0,0,0,0,0","0.02279686968356584,0.01667233752977203,0.0187138482477033,0.0187138482477033,0.037087444709084726,0,0.02449812861517523,0.016332085743450152,0.0187138482477033,0.04048996257230351,0.016332085743450152,0,0.0187138482477033,0.02075535896563457,0.01667233752977203,0.02279686968356584,0.016332085743450152,0.0187138482477033,0.03028240898264716,0.03198366791425655,0.02824089826471589,0.033684926845865944,0.0187138482477033,0.035386185777475335,0,0.03028240898264716,0,0.04048996257230351,0.03028240898264716,0.033684926845865944,0,0,0,0.05035726437563797,0.016332085743450152,0.03028240898264716,0,0,0,0.04389248043552229,0.02279686968356584,0.026539639333106498,0.03028240898264716,0.02279686968356584,0.01667233752977203,0.02279686968356584,0.0187138482477033,0.01667233752977203,0.02449812861517523",1
"0,0,0,0,0,-1,0,0,0,0,0,1,0,0,0,0,0,0,0,0,0,0,0,0,1,0,1,0,0,0,-1,-1,-1,1,0,0,-1,1,1,0,0,0,0,0,0,0,0,0,0","0.00421455938697318,0.04827586206896552,0.045210727969348656,0.050957854406130265,0.07662835249042145,0,0.05363984674329502,0.00421455938697318,0.038314176245210725,0.05172413793103448,0.00421455938697318,0,0.00421455938697318,0.04942528735632184,0.04099616858237548,0.04061302681992337,0.00421455938697318,0.04827586206896552,0.04942528735632184,0.00421455938697318,0.044061302681992334,0.00421455938697318,0.04597701149425287,0.00421455938697318,0,0.00421455938697318,0,0.00421455938697318,0.045210727969348656,0.00421455938697318,0,0,0,0,0.04865900383141762,0.00421455938697318,0,0,0,0.00421455938697318,0.0475095785440613,0.00421455938697318,0.044061302681992334,0.00421455938697318,0.00421455938697318,0.00421455938697318,0.050957854406130265,0.00421455938697318,0.00421455938697318",-1
"0,0,0,0,-1,-1,0,0,0,0,0,1,0,0,0,0,0,0,0,0,0,0,0,0,1,0,1,0,0,0,-1,-1,-1,1,0,0,-1,1,1,0,0,0,0,0,0,0,0,0,0","0.013518588058580548,0.013518588058580548,0.025159594442358244,0.013518588058580548,0,0,0.013518588058580548,0.013518588058580548,0.013518588058580548,0.013518588058580548,0.14044310927525347,0,0.013518588058580548,0.08148704468644385,0.013518588058580548,0.013518588058580548,0.013518588058580548,0.013894104393541119,0.013894104393541119,0.013518588058580548,0.013518588058580548,0.08711978971085242,0.013518588058580548,0.013518588058580548,0,0.013518588058580548,0,0.013518588058580548,0.14307172361997747,0.013518588058580548,0,0,0,0,0.013518588058580548,0.013518588058580548,0,0,0,0.08298911002628614,0.013518588058580548,0.013518588058580548,0.013518588058580548,0.013518588058580548,0.013518588058580548,0.013518588058580548,0.013518588058580548,0.013518588058580548,0.0334209538114908",1
"0,0,0,0,-1,-1,0,0,0,0,0,1,0,0,0,0,0,0,0,0,0,0,0,0,1,0,1,0,1,0,-1,-1,-1,1,0,0,-1,1,1,0,0,0,0,0,0,0,0,0,0","0.008084358523725835,0.008084358523725835,0.008084358523725835,0.008084358523725835,0,0,0.008084358523725835,0.008084358523725835,0.06748681898066784,0.07135325131810194,0.06748681898066784,0,0.008084358523725835,0.008084358523725835,0.008084358523725835,0.059402460456942,0.008084358523725835,0.06537785588752197,0.008084358523725835,0.008084358523725835,0.008084358523725835,0.008084358523725835,0.008084358523725835,0.008084358523725835,0,0.008084358523725835,0,0.008084358523725835,0,0.06854130052724078,0,0,0,0,0.06256590509666081,0.008084358523725835,0,0,0,0.008084358523725835,0.24815465729349737,0.008084358523725835,0.008084358523725835,0.008084358523725835,0.008084358523725835,0.008084358523725835,0.008084358523725835,0.008084358523725835,0.07135325131810194",-1
"0,0,0,0,-1,-1,0,0,0,0,0,1,0,0,0,0,0,0,0,0,0,0,0,0,1,0,1,0,1,0,-1,-1,-1,1,0,0,-1,1,1,0,-1,0,0,0,0,0,0,0,0","0.07032481866918953,0.10501419110690634,0.010722169662567014,0.011037527593818985,0,0,0.010722169662567014,0.010722169662567014,0.011037527593818985,0.03784295175023652,0.01261431725007884,0,0.01261431725007884,0.10091453800063072,0.010722169662567014,0.011037527593818985,0.07473982970671712,0.011037527593818985,0.011037527593818985,0.10501419110690634,0.10091453800063072,0.010722169662567014,0.03185115105644907,0.010722169662567014,0,0.010722169662567014,0,0.03185115105644907,0,0.03784295175023652,0,0,0,0,0.010722169662567014,0.011037527593818985,0,0,0,0.010722169662567014,0,0.02522863450015768,0.011037527593818985,0.010722169662567014,0.010722169662567014,0.02522863450015768,0.010722169662567014,0.011037527593818985,0.011037527593818985",1
"0,1,0,0,-1,-1,0,0,0,0,0,1,0,0,0,0,0,0,0,0,0,0,0,0,1,0,1,0,1,0,-1,-1,-1,1,0,0,-1,1,1,0,-1,0,0,0,0,0,0,0,0","0.006430868167202572,0,0.006430868167202572,0.006430868167202572,0,0,0.006430868167202572,0.006430868167202572,0.1293319042515184,0.006430868167202572,0.006430868167202572,0,0.0571632725973562,0.006430868167202572,0.006430868167202572,0.06073597713469096,0.05823508395855663,0.006430868167202572,0.05823508395855663,0.006430868167202572,0.006430868167202572,0.006430868167202572,0.006430868167202572,0.006430868167202572,0,0.006430868167202572,0,0.006430868167202572,0,0.0857449088960343,0,0,0,0,0.08395855662736691,0.05823508395855663,0,0,0,0.08395855662736691,0,0.08753126116470168,0.006430868167202572,0.006430868167202572,0.006430868167202572,0.006430868167202572,0.006430868167202572,0.006430868167202572,0.08896034297963558",-1
"0,1,0,0,-1,-1,0,0,-1,0,0,1,0,0,0,0,0,0,0,0,0,0,0,0,1,0,1,0,1,0,-1,-1,-1,1,0,0,-1,1,1,0,-1,0,0,0,0,0,0,0,0","0.01661364439731354,0,0.016260162601626018,0.01661364439731354,0,0,0.016260162601626018,0.018734535171438672,0,0.037469070342877345,0.018734535171438672,0,0.018734535171438672,0.018734535171438672,0.07741251325556733,0.020855425945563805,0.016260162601626018,0.01661364439731354,0.020855425945563805,0.033934252386002124,0.08342170378225522,0.02863202545068929,0.08200777659950513,0.016260162601626018,0,0.0862495581477554,0,0.01661364439731354,0,0.016260162601626018,0,0,0,0,0.01661364439731354,0.02863202545068929,0,0,0,0.02863202545068929,0,0.01661364439731354,0.08342170378225522,0.018734535171438672,0.020855425945563805,0.020855425945563805,0.026511134676564158,0.020855425945563805,0.024743725698126547",1
"0,1,0,0,-1,-1,0,0,-1,0,0,1,0,0,0,0,0,0,0,0,0,0,0,0,1,1,1,0,1,0,-1,-1,-1,1,0,0,-1,1,1,0,-1,0,0,0,0,0,0,0,0","0.025442477876106196,0,0.023230088495575223,0.02359882005899705,0,0,0.025073746312684365,0.0014749262536873156,0,0.17662241887905605,0.024705014749262538,0,0.02359882005899705,0.0014749262536873156,0.02396755162241888,0.024336283185840708,0.0014749262536873156,0.019542772861356934,0.025073746312684365,0.02101769911504425,0.01991150442477876,0.0014749262536873156,0.0014749262536873156,0.024336283185840708,0,0,0,0.0014749262536873156,0,0.17699115044247787,0,0,0,0,0.024336283185840708,0.024705014749262538,0,0,0,0.17662241887905605,0,0.025811209439528023,0.0014749262536873156,0.024705014749262538,0.0014749262536873156,0.0014749262536873156,0.0014749262536873156,0.025811209439528023,0.025811209439528023",-1
"0,1,0,0,-1,-1,0,0,-1,0,0,1,0,0,0,0,0,0,0,0,0,0,0,0,1,1,1,0,1,-1,-1,-1,-1,1,0,0,-1,1,1,0,-1,0,0,0,0,0,0,0,0","0.02611054594777891,0,0.043404543913190916,0.031197015937605967,0,0,0.02882332994235334,0.043404543913190916,0,0.043404543913190916,0.02882332994235334,0,0.025771447948457104,0.031197015937605967,0.02882332994235334,0.02611054594777891,0.02882332994235334,0.02882332994235334,0.02611054594777891,0.0339097999321804,0.04136995591726009,0.03628348592743303,0.031197015937605967,0.02611054594777891,0,0,0,0.03628348592743303,0,0,0,0,0,0,0.03628348592743303,0.038996269922007464,0,0,0,0.03628348592743303,0,0.02882332994235334,0.031197015937605967,0.02611054594777891,0.02882332994235334,0.03628348592743303,0.031197015937605967,0.02611054594777891,0.0339097999321804",1
"0,1,1,0,-1,-1,0,0,-1,0,0,1,0,0,0,0,0,0,0,0,0,0,0,0,1,1,1,0,1,-1,-1,-1,-1,1,0,0,-1,1,1,0,-1,0,0,0,0,0,0,0,0","0.057736720554272515,0,0,0.023479599692070825,0,0,0.057736720554272515,0.0011547344110854503,0,0.058121632024634336,0.02424942263279446,0,0.057736720554272515,0.02424942263279446,0.057736720554272515,0.057736720554272515,0.058121632024634336,0.02424942263279446,0.058121632024634336,0.023094688221709007,0.0011547344110854503,0.02424942263279446,0.0011547344110854503,0.057736720554272515,0,0,0,0.02424942263279446,0,0,0,0,0,0,0.057736720554272515,0.02424942263279446,0,0,0,0.057736720554272515,0,0.0011547344110854503,0.057736720554272515,0.02386451116243264,0.057736720554272515,0.0011547344110854503,0.02424942263279446,0.0011547344110854503,0.0011547344110854503",-1
"0,1,1,0,-1,-1,0,0,-1,-1,0,1,0,0,0,0,0,0,0,0,0,0,0,0,1,1,1,0,1,-1,-1,-1,-1,1,0,0,-1,1,1,0,-1,0,0,0,0,0,0,0,0","0.04424103737604882,0,0,0.03051106025934401,0,0,0.02745995423340961,0.041571319603356215,0,0,0.02745995423340961,0,0.03051106025934401,0.03318077803203661,0.04691075514874142,0.02745995423340961,0.02745995423340961,0.04424103737604882,0.04691075514874142,0.02745995423340961,0.02745995423340961,0.038901601830663615,0.02745995423340961,0.02745995423340961,0,0,0,0.036231884057971016,0,0,0,0,0,0,0.03318077803203661,0.041571319603356215,0,0,0,0.03051106025934401,0,0.02745995423340961,0.036231884057971016,0.04691075514874142,0.04691075514874142,0.02745995423340961,0.038901601830663615,0.02745995423340961,0.03051106025934401",1
"0,1,1,0,-1,-1,0,0,-1,-1,0,1,0,0,1,0,0,0,0,0,0,0,0,0,1,1,1,0,1,-1,-1,-1,-1,1,0,0,-1,1,1,0,-1,0,0,0,0,0,0,0,0","0.022350674373795763,0,0,0.022736030828516378,0,0,0.022350674373795763,0.057032755298651254,0,0,0.022736030828516378,0,0.057032755298651254,0.057032755298651254,0,0.057032755298651254,0.057032755298651254,0.057418111753371866,0.022736030828516378,0.057032755298651254,0.0011560693641618498,0.057032755298651254,0.0011560693641618498,0.057032755298651254,0,0,0,0.0011560693641618498,0,0,0,0,0,0,0.0011560693641618498,0.057032755298651254,0,0,0,0.057418111753371866,0,0.0011560693641618498,0.057032755298651254,0.057032755298651254,0.022736030828516378,0.0011560693641618498,0.057032755298651254,0.057032755298651254,0.0011560693641618498",-1
"0,1,1,0,-1,-1,0,0,-1,-1,0,1,0,0,1,0,0,-1,0,0,0,0,0,0,1,1,1,0,1,-1,-1,-1,-1,1,0,0,-1,1,1,0,-1,0,0,0,0,0,0,0,0","0.04004576659038902,0,0,0.04004576659038902,0,0,0.036613272311212815,0.057971014492753624,0,0,0.033562166285278416,0,0.033562166285278416,0.033562166285278416,0,0.033562166285278416,0.033562166285278416,0,0.033562166285278416,0.033562166285278416,0.033562166285278416,0.04004576659038902,0.033562166285278416,0.033562166285278416,0,0,0,0.033562166285278416,0,0,0,0,0,0,0.033562166285278416,0.036613272311212815,0,0,0,0.033562166285278416,0,0.036613272311212815,0.04004576659038902,0.04919908466819222,0.036613272311212815,0.036613272311212815,0.036613272311212815,0.036613272311212815,0.04004576659038902",1
"0,1,1,0,-1,-1,0,1,-1,-1,0,1,0,0,1,0,0,-1,0,0,0,0,0,0,1,1,1,0,1,-1,-1,-1,-1,1,0,0,-1,1,1,0,-1,0,0,0,0,0,0,0,0","0.0015232292460015233,0,0,0.0015232292460015233,0,0,0.022086824067022087,0,0,0,0.0015232292460015233,0,0.02246763137852247,0.020944402132520943,0,0.02246763137852247,0.02246763137852247,0,0.0015232292460015233,0.019801980198019802,0.22010662604722012,0.019801980198019802,0.02246763137852247,0.021706016755521706,0,0,0,0.021325209444021324,0,0,0,0,0,0,0.0015232292460015233,0.021706016755521706,0,0,0,0.0015232292460015233,0,0.02246763137852247,0.02246763137852247,0.0015232292460015233,0.22048743335872048,0.02246763137852247,0.0015232292460015233,0.22010662604722012,0.02246763137852247",-1
"0,1,1,0,-1,-1,0,1,-1,-1,0,1,0,0,1,0,0,-1,0,0,0,0,0,0,1,1,1,0,1,-1,-1,-1,-1,1,0,0,-1,1,1,0,-1,0,0,0,-1,0,0,0,0","0.036345776031434185,0,0,0.036345776031434185,0,0,0.031106745252128355,0,0,0,0.03962017026850033,0,0.04453176162409954,0.03962017026850033,0,0.04649639816633923,0.029142108709888672,0,0.04780615586116568,0.036345776031434185,0.025540275049115914,0.06155861165684348,0.0343811394891945,0.03962017026850033,0,0,0,0.03962017026850033,0,0,0,0,0,0,0.03798297314996726,0.04453176162409954,0,0,0,0.03962017026850033,0,0.027177472167648986,0.0343811394891945,0.03962017026850033,0,0.08185985592665357,0.0412573673870334,0.029142108709888672,0.036345776031434185",1
"0,1,1,0,-1,-1,0,1,-1,-1,0,1,0,0,1,0,0,-1,0,0,0,0,0,0,1,1,1,0,1,-1,-1,-1,-1,1,0,0,-1,1,1,0,-1,0,0,0,-1,1,0,0,0","0.001467351430667645,0,0,0.001467351430667645,0,0,0.001467351430667645,0,0,0,0.001467351430667645,0,0.022010271460014674,0.001467351430667645,0,0.2743947175348496,0.022010271460014674,0,0.001467351430667645,0.001467351430667645,0.001467351430667645,0.02127659574468085,0.001467351430667645,0.001467351430667645,0,0,0,0.001467351430667645,0,0,0,0,0,0,0.001467351430667645,0.02127659574468085,0,0,0,0.001467351430667645,0,0.001467351430667645,0.6126192223037418,0.001467351430667645,0,0,0.001467351430667645,0.001467351430667645,0.001467351430667645",-1
"0,1,1,0,-1,-1,0,1,-1,-1,0,1,0,0,1,0,0,-1,0,0,0,0,0,0,1,1,1,0,1,-1,-1,-1,-1,1,0,0,-1,1,1,0,-1,0,-1,0,-1,1,0,0,0","0.021220159151193633,0,0,0.021220159151193633,0,0,0.021220159151193633,0,0,0,0.023149264528574874,0,0.02531950807812877,0.02531950807812877,0,0.031106824210272485,0.029177718832891247,0,0.023149264528574874,0.02531950807812877,0.023149264528574874,0.027248613455510006,0.023149264528574874,0.021220159151193633,0,0,0,0.021220159151193633,0,0,0,0,0,0,0.02531950807812877,0.021220159151193633,0,0,0,0.4362189534603328,0,0.0417169037858693,0,0.027248613455510006,0,0,0.021220159151193633,0.023149264528574874,0.0417169037858693",1
"0,1,1,0,-1,-1,0,1,-1,-1,0,1,0,0,1,0,0,-1,0,0,0,0,0,0,1,1,1,0,1,-1,-1,-1,-1,1,0,0,-1,1,1,1,-1,0,-1,0,-1,1,0,0,0","0.02589223233030091,0,0,0.003965477023559599,0,0,0.003965477023559599,0,0,0,0.003965477023559599,0,0.003965477023559599,0.003965477023559599,0,0.026592022393282014,0.728481455563331,0,0.02775833916491719,0.003965477023559599,0.003965477023559599,0.003965477023559599,0.02775833916491719,0.003965477023559599,0,0,0,0.021693491952414275,0,0,0,0,0,0,0.025425705621646838,0.023559598787030556,0,0,0,0,0,0.021693491952414275,0,0.003965477023559599,0,0,0.003965477023559599,0.023559598787030556,0.003965477023559599",-1
"0,1,1,0,-1,-1,0,1,-1,-1,0,1,0,0,1,0,-1,-1,0,0,0,0,0,0,1,1,1,0,1,-1,-1,-1,-1,1,0,0,-1,1,1,1,-1,0,-1,0,-1,1,0,0,0","0.021956444127097467,0,0,0.023741520885398073,0,0,0.03195287397358086,0,0,0,0.06051410210639058,0,0.021956444127097467,0.021956444127097467,0,0.021956444127097467,0,0,0.021956444127097467,0.021956444127097467,0.027133166726169226,0.021956444127097467,0.46054980364155657,0.057836486968939664,0,0,0,0.023741520885398073,0,0,0,0,0,0,0.023741520885398073,0.021956444127097467,0,0,0,0,0,0.021956444127097467,0,0.021956444127097467,0,0,0.023741520885398073,0.02552659764369868,0.021956444127097467",1
"0,1,1,0,-1,-1,0,1,-1,-1,0,1,0,0,1,0,-1,-1,0,0,0,0,1,0,1,1,1,0,1,-1,-1,-1,-1,1,0,0,-1,1,1,1,-1,0,-1,0,-1,1,0,0,0","0.0017786561264822134,0,0,0.0017786561264822134,0,0,0.0017786561264822134,0,0,0,0.0017786561264822134,0,0.0017786561264822134,0.0017786561264822134,0,0.0017786561264822134,0,0,0.0017786561264822134,0.0017786561264822134,0.0017786561264822134,0.0017786561264822134,0,0.9662055335968379,0,0,0,0.0017786561264822134,0,0,0,0,0,0,0.0017786561264822134,0.0017786561264822134,0,0,0,0,0,0.0017786561264822134,0,0.0017786561264822134,0,0,0.0017786561264822134,0.0017786561264822134,0.0017786561264822134",-1
"0,1,1,0,-1,-1,0,1,-1,-1,0,1,0,0,1,0,-1,-1,0,0,0,0,1,-1,1,1,1,0,1,-1,-1,-1,-1,1,0,0,-1,1,1,1,-1,0,-1,0,-1,1,0,0,0","0.020081411126187245,0,0,0.1067842605156038,0,0,0.021573948439620082,0,0,0,0.5488466757123474,0,0.020081411126187245,0.021573948439620082,0,0.020081411126187245,0,0,0.020081411126187245,0.020081411126187245,0.020081411126187245,0.020081411126187245,0,0,0,0,0,0.020081411126187245,0,0,0,0,0,0,0.020081411126187245,0.020081411126187245,0,0,0,0,0,0.020081411126187245,0,0.020081411126187245,0,0,0.020081411126187245,0.020081411126187245,0.020081411126187245",1
"0,1,1,0,-1,-1,0,1,-1,-1,1,1,0,0,1,0,-1,-1,0,0,0,0,1,-1,1,1,1,0,1,-1,-1,-1,-1,1,0,0,-1,1,1,1,-1,0,-1,0,-1,1,0,0,0","0.0024513559062356366,0,0,0.40631224145855677,0,0,0.0024513559062356366,0,0,0,0,0,0.0024513559062356366,0.0024513559062356366,0,0.0024513559062356366,0,0,0.5544660640416731,0.0024513559062356366,0.0024513559062356366,0.0024513559062356366,0,0,0,0,0,0.0024513559062356366,0,0,0,0,0,0,0.0024513559062356366,0.0024513559062356366,0,0,0,0,0,0.0024513559062356366,0,0.0024513559062356366,0,0,0.0024513559062356366,0.0024513559062356366,0.0024513559062356366",-1
"0,1,1,0,-1,-1,0,1,-1,-1,1,1,0,0,1,0,-1,-1,-1,0,0,0,1,-1,1,1,1,0,1,-1,-1,-1,-1,1,0,0,-1,1,1,1,-1,0,-1,0,-1,1,0,0,0","0.020485086856768274,0,0,0.15142576204523106,0,0,0.01884627990822681,0,0,0,0,0,0.2997377908882334,0.01884627990822681,0,0.10127826941986234,0,0,0,0.13831530645689938,0.06686332350049164,0.020485086856768274,0,0,0,0,0,0.020485086856768274,0,0,0,0,0,0,0.020485086856768274,0.020485086856768274,0,0,0,0,0,0.020485086856768274,0,0.020485086856768274,0,0,0.01884627990822681,0.02196001311045559,0.020485086856768274",1
"0,1,1,0,-1,-1,0,1,-1,-1,1,1,1,0,1,0,-1,-1,-1,0,0,0,1,-1,1,1,1,0,1,-1,-1,-1,-1,1,0,0,-1,1,1,1,-1,0,-1,0,-1,1,0,0,0","0.001159285879897983,0,0,0.09784372826338975,0,0,0.001159285879897983,0,0,0,0,0,0,0.001159285879897983,0,0.007187572455367493,0,0,0,0.8613494087642013,0.001159285879897983,0.001159285879897983,0,0,0,0,0,0.00741942963134709,0,0,0,0,0,0,0.00741942963134709,0.001159285879897983,0,0,0,0,0,0.001159285879897983,0,0.001159285879897983,0,0,0.001159285879897983,0.001159285879897983,0.007187572455367493",-1
"0,1,1,0,-1,-1,0,1,-1,-1,1,1,1,0,1,0,-1,-1,-1,-1,0,0,1,-1,1,1,1,0,1,-1,-1,-1,-1,1,0,0,-1,1,1,1,-1,0,-1,0,-1,1,0,0,0","0.05096774193548387,0,0,0.06129032258064516,0,0,0.03983870967741936,0,0,0,0,0,0,0.14225806451612905,0,0.06129032258064516,0,0,0,0,0.17274193548387096,0.06129032258064516,0,0,0,0,0,0.04887096774193549,0,0,0,0,0,0,0.06129032258064516,0.04209677419354839,0,0,0,0,0,0.05935483870967742,0,0.04209677419354839,0,0,0.05096774193548387,0.04435483870967742,0.06129032258064516",1
"0,1,1,0,-1,-1,0,1,-1,-1,1,1,1,0,1,0,-1,-1,-1,-1,1,0,1,-1,1,1,1,0,1,-1,-1,-1,-1,1,0,0,-1,1,1,1,-1,0,-1,0,-1,1,0,0,0","0.001124543154343548,0,0,0.010120888389091932,0,0,0.009839752600506044,0,0,0,0,0,0,0.9536125948833286,0,0.001124543154343548,0,0,0,0,0,0.001124543154343548,0,0,0,0,0,0.007871802080404836,0,0,0,0,0,0,0.001124543154343548,0.001124543154343548,0,0,0,0,0,0.001124543154343548,0,0.001124543154343548,0,0,0.001124543154343548,0.001124543154343548,0.00843407365757661",-1
"0,0,0,0,0,0,0,0,0,0,0,0,0,0,0,0,0,0,0,0,0,0,0,0,0,0,0,0,0,0,0,0,0,0,0,0,0,0,0,0,0,0,0,0,0,0,0,0,0","0.044471644226846185,0.0024479804161566705,0.0024479804161566705,0.0024479804161566705,0.0024479804161566705,0.0024479804161566705,0.04324765401876785,0.0024479804161566705,0.04895960832313342,0.0024479804161566705,0.0024479804161566705,0.0024479804161566705,0.049367605059159526,0.0024479804161566705,0.0024479804161566705,0.0024479804161566705,0.0024479804161566705,0.046103631170950635,0.044471644226846185,0.0024479804161566705,0.049775601795185635,0.0485516115871073,0.04773561811505508,0.0024479804161566705,0.04691962464300286,0.0024479804161566705,0.04079967360261118,0.0024479804161566705,0.051407588739290085,0.0024479804161566705,0.04365565075479396,0.0024479804161566705,0.0024479804161566705,0.0024479804161566705,0.039575683394532844,0.04528763769889841,0.0024479804161566705,0.04691962464300286,0.0024479804161566705,0.04895960832313342,0.04814361485108119,0.0024479804161566705,0.0024479804161566705,0.0024479804161566705,0.044879640962872294,0.0024479804161566705,0.0024479804161566705,0.049775601795185635,0.0024479804161566705",-1
"0,0,0,0,0,0,0,0,0,0,0,0,0,0,0,0,0,0,0,0,0,0,0,0,0,0,0,0,-1,0,0,0,0,0,0,0,0,0,0,0,0,0,0,0,0,0,0,0,0","0.007370054305663305,0.0069821567106283944,0.08339798293250582,0.007370054305663305,0.0069821567106283944,0.007370054305663305,0.0069821567106283944,0.0069821567106283944,0.0069821567106283944,0.007370054305663305,0.0069821567106283944,0.07796741660201707,0.0069821567106283944,0.0721489526764934,0.07680372381691233,0.06245151280062063,0.007370054305663305,0.0069821567106283944,0.0795190069821567,0.0069821567106283944,0.007370054305663305,0.0069821567106283944,0.06749418153607448,0.07486423584173778,0.0069821567106283944,0.0069821567106283944,0.0069821567106283944,0.0069821567106283944,0,0.0069821567106283944,0.0069821567106283944,0.0069821567106283944,0.0069821567106283944,0.0069821567106283944,0.0069821567106283944,0.0069821567106283944,0.0069821567106283944,0.0069821567106283944,0.0069821567106283944,0.0069821567106283944,0.0069821567106283944,0.0069821567106283944,0.0069821567106283944,0.0069821567106283944,0.0069821567106283944,0.0069821567106283944,0.0069821567106283944,0.07020946470131885,0.06749418153607448",1
"0,0,1,0,0,0,0,0,0,0,0,0,0,0,0,0,0,0,0,0,0,0,0,0,0,0,0,0,-1,0,0,0,0,0,0,0,0,0,0,0,0,0,0,0,0,0,0,0,0","0.002623688155922039,0.002623688155922039,0,0.041604197901049474,0.002623688155922039,0.002623688155922039,0.041604197901049474,0.043478260869565216,0.04422788605697151,0.002623688155922039,0.002623688155922039,0.002623688155922039,0.04272863568215892,0.002623688155922039,0.002623688155922039,0.002623688155922039,0.043478260869565216,0.046101949025487254,0.049475262368815595,0.04272863568215892,0.002623688155922039,0.002623688155922039,0.04047976011994003,0.002623688155922039,0.049475262368815595,0.07758620689655173,0.002623688155922039,0.002623688155922039,0,0.043478260869565216,0.002623688155922039,0.002623688155922039,0.049475262368815595,0.002623688155922039,0.002623688155922039,0.04235382308845577,0.04872563718140929,0.002623688155922039,0.002623688155922039,0.04422788605697151,0.002623688155922039,0.002623688155922039,0.002623688155922039,0.04385307346326837,0.002623688155922039,0.002623688155922039,0.04535232383808096,0.04872563718140929,0.002623688155922039",-1
"0,0,1,0,0,0,0,0,0,0,0,0,0,0,0,0,0,0,0,0,0,0,0,0,0,-1,0,0,-1,0,0,0,0,0,0,0,0,0,0,0,0,0,0,0,0,0,0,0,0","0.014656144306651634,0.014280345734686208,0,0.014656144306651634,0.014656144306651634,0.014280345734686208,0.014656144306651634,0.014656144306651634,0.014280345734686208,0.014280345734686208,0.014656144306651634,0.014656144306651634,0.014656144306651634,0.014280345734686208,0.014280345734686208,0.014656144306651634,0.014656144306651634,0.014656144306651634,0.014656144306651634,0.014656144306651634,0.014280345734686208,0.014280345734686208,0.014656144306651634,0.014280345734686208,0.1754979331078542,0,0.014280345734686208,0.10672679443818113,0,0.014656144306651634,0.014656144306651634,0.014656144306651634,0.014280345734686208,0.014280345734686208,0.014656144306651634,0.014280345734686208,0.09432544156332207,0.014656144306651634,0.014280345734686208,0.014280345734686208,0.014280345734686208,0.014656144306651634,0.014656144306651634,0.014656144306651634,0.014280345734686208,0.014280345734686208,0.014656144306651634,0.014656144306651634,0.014656144306651634",1
"0,0,1,0,0,0,0,0,0,0,0,0,0,0,0,0,0,0,0,0,0,0,0,0,1,-1,0,0,-1,0,0,0,0,0,0,0,0,0,0,0,0,0,0,0,0,0,0,0,0","0.06776180698151951,0.06194387405886379,0,0.06707734428473648,0.006502395619438741,0.06125941136208077,0.006502395619438741,0.006502395619438741,0.006502395619438741,0.06707734428473648,0.006502395619438741,0.06707734428473648,0.006502395619438741,0.06023271731690623,0.006502395619438741,0.006502395619438741,0.06810403832991102,0.006502395619438741,0.006502395619438741,0.006502395619438741,0.006502395619438741,0.06878850102669405,0.006502395619438741,0.006502395619438741,0,0,0.006502395619438741,0.006502395619438741,0,0.006502395619438741,0.006502395619438741,0.006502395619438741,0.0728952772073922,0.06023271731690623,0.006502395619438741,0.06297056810403832,0.006502395619438741,0.006502395619438741,0.006502395619438741,0.006502395619438741,0.006502395619438741,0.006502395619438741,0.006502395619438741,0.006502395619438741,0.006502395619438741,0.006502395619438741,0.006502395619438741,0.006502395619438741,0.006502395619438741",-1
"0,0,1,0,0,0,0,0,0,0,0,0,0,0,0,0,0,0,0,0,0,0,0,0,1,-1,0,0,-1,0,0,0,-1,0,0,0,0,0,0,0,0,0,0,0,0,0,0,0,0","0.004870738104158861,0.004870738104158861,0,0.05432746346946422,0.059947545897339825,0.058823529411764705,0.06369426751592357,0.004870738104158861,0.05357811914574747,0.004496065942300487,0.06069689022105657,0.004870738104158861,0.05133008617459723,0.05582615211689772,0.004496065942300487,0.05282877482203072,0.004870738104158861,0.004870738104158861,0.004870738104158861,0.004496065942300487,0.004870738104158861,0.004870738104158861,0.004870738104158861,0.004870738104158861,0,0,0.05432746346946422,0.058823529411764705,0,0.004870738104158861,0.055076807793180964,0.06219557886849007,0,0.004870738104158861,0.004870738104158861,0.004496065942300487,0.004870738104158861,0.004870738104158861,0.004870738104158861,0.004870738104158861,0.004870738104158861,0.004870738104158861,0.05919820157362308,0.059947545897339825,0.004870738104158861,0.004496065942300487,0.004870738104158861,0.004870738104158861,0.004870738104158861",1
"0,0,1,0,0,0,1,0,0,0,0,0,0,0,0,0,0,0,0,0,0,0,0,0,1,-1,0,0,-1,0,0,0,-1,0,0,0,0,0,0,0,0,0,0,0,0,0,0,0,0","0.0022839741149600305,0.0022839741149600305,0,0.0022839741149600305,0.0022839741149600305,0.0022839741149600305,0,0.0022839741149600305,0.0022839741149600305,0.0022839741149600305,0.03654358583936049,0.03540159878188047,0.0022839741149600305,0.03387894937190712,0.0022839741149600305,0.0022839741149600305,0.0022839741149600305,0.0022839741149600305,0.04567948229920061,0.0022839741149600305,0.0022839741149600305,0.03121431290445375,0.0022839741149600305,0.0022839741149600305,0,0,0.03730491054434716,0.0022839741149600305,0,0.0022839741149600305,0.06623524933384088,0.036924248191853824,0,0.0022839741149600305,0.0022839741149600305,0.0022839741149600305,0.48915112295393987,0.0022839741149600305,0.0022839741149600305,0.0022839741149600305,0.038827559954320516,0.03197563760944042,0.0022839741149600305,0.046060144651693946,0.0022839741149600305,0.0022839741149600305,0.0022839741149600305,0.0022839741149600305,0.0022839741149600305",-1
"0,0,1,0,0,0,1,0,0,0,0,0,0,0,0,0,0,0,0,0,0,0,0,0,1,-1,0,0,-1,0,0,0,-1,0,0,0,-1,0,0,0,0,0,0,0,0,0,0,0,0","0.018167245524979964,0.018167245524979964,0,0.018167245524979964,0.018167245524979964,0.018167245524979964,0,0.02030456852791878,0.024044883783061716,0.018167245524979964,0.018167245524979964,0.018167245524979964,0.018167245524979964,0.022174726155490248,0.018167245524979964,0.018167245524979964,0.020838899278653487,0.018167245524979964,0.018167245524979964,0.018167245524979964,0.018167245524979964,0.018167245524979964,0.018167245524979964,0.018167245524979964,0,0,0.018167245524979964,0.03419716804702111,0,0.02030456852791878,0.02030456852791878,0.018167245524979964,0,0.029388191290408764,0.018167245524979964,0.018167245524979964,0,0.1525514293347582,0.06037937483302164,0.025915041410633183,0.02030456852791878,0.02030456852791878,0.018167245524979964,0.018167245524979964,0.018167245524979964,0.02030456852791878,0.018167245524979964,0.018167245524979964,0.018167245524979964",1
"0,0,1,0,0,0,1,0,0,0,0,0,0,0,0,0,0,0,0,0,0,0,0,0,1,-1,0,0,-1,0,0,0,-1,0,0,0,-1,1,0,0,0,0,0,0,0,0,0,0,0","0.0042904290429042905,0.0042904290429042905,0,0.0042904290429042905,0.044884488448844885,0.0042904290429042905,0,0.04257425742574258,0.03927392739273927,0.048184818481848184,0.0042904290429042905,0.0042904290429042905,0.0042904290429042905,0.04884488448844884,0.04257425742574258,0.048184818481848184,0.0042904290429042905,0.0042904290429042905,0.08316831683168317,0.0042904290429042905,0.0042904290429042905,0.0042904290429042905,0.0042904290429042905,0.0042904290429042905,0,0,0.047524752475247525,0.0042904290429042905,0,0.0042904290429042905,0.2297029702970297,0.0042904290429042905,0,0.0042904290429042905,0.0042904290429042905,0.0042904290429042905,0,0,0.04422442244224423,0.0042904290429042905,0.0042904290429042905,0.040594059405940595,0.0042904290429042905,0.0042904290429042905,0.08184818481848184,0.0042904290429042905,0.04257425742574258,0.0042904290429042905,0.0042904290429042905",-1
"0,0,1,0,0,0,1,0,0,0,0,0,0,0,0,0,0,0,0,0,0,0,0,0,1,-1,0,0,-1,0,-1,0,-1,0,0,0,-1,1,0,0,0,0,0,0,0,0,0,0,0","0.005386565272496832,0.005386565272496832,0,0.005386565272496832,0.005386565272496832,0.005386565272496832,0,0.005386565272496832,0.005386565272496832,0.005386565272496832,0.005386565272496832,0.04657794676806084,0.005386565272496832,0.005386565272496832,0.005386565272496832,0.005386565272496832,0.005386565272496832,0.048162230671736375,0.005386565272496832,0.005386565272496832,0.005386565272496832,0.005386565272496832,0.005386565272496832,0.005386565272496832,0,0,0.005386565272496832,0.005386565272496832,0,0.005386565272496832,0,0.70595690747782,0,0.005386565272496832,0.005386565272496832,0.005386565272496832,0,0,0.005386565272496832,0.005386565272496832,0.005386565272496832,0.005386565272496832,0.005386565272496832,0.005386565272496832,0.005386565272496832,0.005386565272496832,0.005386565272496832,0.005386565272496832,0.005386565272496832",1
"0,0,1,0,0,0,1,0,0,0,0,0,0,0,0,0,0,0,0,0,0,0,0,0,1,-1,0,0,-1,0,-1,1,-1,0,0,0,-1,1,0,0,0,0,0,0,0,0,0,0,0","0.003198976327575176,0.003198976327575176,0,0.003198976327575176,0.003198976327575176,0.003198976327575176,0,0.003198976327575176,0.003198976327575176,0.003198976327575176,0.003198976327575176,0.003198976327575176,0.003198976327575176,0.003198976327575176,0.003198976327575176,0.003198976327575176,0.003198976327575176,0.003198976327575176,0.8200042653017701,0.003198976327575176,0.003198976327575176,0.003198976327575176,0.003198976327575176,0.003198976327575176,0,0,0.003198976327575176,0.003198976327575176,0,0.003198976327575176,0,0,0,0.003198976327575176,0.003198976327575176,0.003198976327575176,0,0,0.003198976327575176,0.003198976327575176,0.003198976327575176,0.003198976327575176,0.003198976327575176,0.003198976327575176,0.037747920665387076,0.003198976327575176,0.003198976327575176,0.02708466624013649,0.003198976327575176",-1
"0,0,1,0,0,0,1,0,0,0,0,0,0,0,0,0,0,0,-1,0,0,0,0,0,1,-1,0,0,-1,0,-1,1,-1,0,0,0,-1,1,0,0,0,0,0,0,0,0,0,0,0","0.00919613128270176,0.006500713492944348,0,0.006500713492944348,0.006500713492944348,0.013952750911685428,0,0.006500713492944348,0.016013952750911685,0.008403361344537815,0.006500713492944348,0.01680672268907563,0.043760900586649755,0.019502140478833044,0.006500713492944348,0.060409069288092594,0.006500713492944348,0.04249246868558744,0,0.006500713492944348,0.006500713492944348,0.006500713492944348,0.5425717456794038,0.006500713492944348,0,0,0.006500713492944348,0.007452037418741082,0,0.00919613128270176,0,0,0,0.013952750911685428,0.01078167115902965,0.006500713492944348,0,0,0.006500713492944348,0.006500713492944348,0.013952750911685428,0.014586966862216584,0.006500713492944348,0.006500713492944348,0.006500713492944348,0.006500713492944348,0.006500713492944348,0.007452037418741082,0.019502140478833044",1
"0,0,1,0,0,0,1,0,0,0,0,0,0,0,0,0,0,0,-1,0,0,0,1,0,1,-1,0,0,-1,0,-1,1,-1,0,0,0,-1,1,0,0,0,0,0,0,0,0,0,0,0","0.005437553101104503,0.005437553101104503,0,0.03228547153780799,0.005437553101104503,0.005437553101104503,0,0.005437553101104503,0.21699235344095158,0.005437553101104503,0.005437553101104503,0.038402718776550555,0.005437553101104503,0.03228547153780799,0.03993203058623619,0.005437553101104503,0.005437553101104503,0.03551401869158879,0,0.005437553101104503,0.005437553101104503,0.005437553101104503,0,0.383517417162277,0,0,0.005437553101104503,0.005437553101104503,0,0.005437553101104503,0,0,0,0.005437553101104503,0.005437553101104503,0.005437553101104503,0,0,0.005437553101104503,0.005437553101104503,0.03330501274426508,0.005437553101104503,0.005437553101104503,0.005437553101104503,0.03551401869158879,0.005437553101104503,0.005437553101104503,0.005437553101104503,0.005437553101104503",-1
"0,0,1,0,0,0,1,0,0,0,0,0,0,0,0,0,0,0,-1,0,0,0,1,-1,1,-1,0,0,-1,0,-1,1,-1,0,0,0,-1,1,0,0,0,0,0,0,0,0,0,0,0","0.0021181952976064393,0.0021181952976064393,0,0.0021181952976064393,0.0021181952976064393,0.0021181952976064393,0,0.020758313916543106,0.0021181952976064393,0.0021181952976064393,0.0021181952976064393,0.0226646896843889,0.0021181952976064393,0.0021181952976064393,0.0021181952976064393,0.021393772505825037,0.02478288498199534,0.844736284685448,0,0.0021181952976064393,0.0021181952976064393,0.0021181952976064393,0,0,0,0,0.0021181952976064393,0.0021181952976064393,0,0.0021181952976064393,0,0,0,0.0021181952976064393,0.0021181952976064393,0.0021181952976064393,0,0,0.0021181952976064393,0.0021181952976064393,0.0021181952976064393,0.0021181952976064393,0.0021181952976064393,0.0021181952976064393,0.0021181952976064393,0.0021181952976064393,0.0021181952976064393,0.0021181952976064393,0.0021181952976064393",1
"0,0,1,0,0,0,1,0,0,0,0,0,0,0,0,0,0,1,-1,0,0,0,1,-1,1,-1,0,0,-1,0,-1,1,-1,0,0,0,-1,1,0,0,0,0,0,0,0,0,0,0,0","0.0133271346660468,0.030373469704013636,0,0.015496668216333487,0.012242367890903456,0.020455602045560205,0,0.016426468309313498,0.019525801952580194,0.01751123508445684,0.019525801952580194,0.3288392995505966,0.019525801952580194,0.015496668216333487,0.0133271346660468,0.016426468309313498,0.01844103517743685,0,0,0.0133271346660468,0.01844103517743685,0.015496668216333487,0,0,0,0,0.020455602045560205,0.016426468309313498,0,0.04540523787385712,0,0,0,0.01844103517743685,0.01844103517743685,0.01751123508445684,0,0,0.015496668216333487,0.020455602045560205,0.014411901441190145,0.06570587323725399,0.019525801952580194,0.016581434991476834,0.023245002324500233,0.019525801952580194,0.015496668216333487,0.012242367890903456,0.016426468309313498",-1
"0,0,1,0,0,0,1,0,0,0,0,-1,0,0,0,0,0,1,-1,0,0,0,1,-1,1,-1,0,0,-1,0,-1,1,-1,0,0,0,-1,1,0,0,0,0,0,0,0,0,0,0,0","0.015039232781168265,0.001089799476896251,0,0.001089799476896251,0.001089799476896251,0.001089799476896251,0,0.001089799476896251,0.015911072362685266,0.001089799476896251,0.8110287707061901,0,0.001089799476896251,0.017872711421098517,0.001089799476896251,0.014821272885789015,0.01983435047951177,0,0,0.001089799476896251,0.016564952048823016,0.015693112467306015,0,0,0,0,0.001089799476896251,0.001089799476896251,0,0.001089799476896251,0,0,0,0.015911072362685266,0.001089799476896251,0.001089799476896251,0,0,0.015693112467306015,0.001089799476896251,0.001089799476896251,0.001089799476896251,0.001089799476896251,0.001089799476896251,0.001089799476896251,0.001089799476896251,0.001089799476896251,0.001089799476896251,0.016564952048823016",1
"0,0,1,0,0,0,1,0,0,0,1,-1,0,0,0,0,0,1,-1,0,0,0,1,-1,1,-1,0,0,-1,0,-1,1,-1,0,0,0,-1,1,0,0,0,0,0,0,0,0,0,0,0","0.022786037491919844,0.022786037491919844,0,0.022786037491919844,0.022786037491919844,0.022786037491919844,0,0.022786037491919844,0.022786037491919844,0.022786037491919844,0,0,0.022786037491919844,0.022786037491919844,0.022786037491919844,0.022786037491919844,0.022786037491919844,0,0,0.022786037491919844,0.022786037491919844,0.022786037491919844,0,0,0,0,0.022786037491919844,0.022786037491919844,0,0.022786037491919844,0,0,0,0.022786037491919844,0.022786037491919844,0.022786037491919844,0,0,0.022786037491919844,0.022786037491919844,0.022786037491919844,0.022786037491919844,0.022786037491919844,0.022786037491919844,0.27084680025856495,0.022786037491919844,0.022786037491919844,0.022786037491919844,0.022786037491919844",-1
"0,0,1,0,0,0,1,0,0,0,1,-1,0,0,0,0,0,1,-1,0,0,0,1,-1,1,-1,0,0,-1,0,-1,1,-1,0,0,0,-1,1,0,0,0,0,0,0,-1,0,0,0,0","0.015202702702702704,0.015685328185328185,0,0.017133204633204634,0.0009652509652509653,0.01447876447876448,0,0.0009652509652509653,0.016650579150579152,0.013272200772200772,0,0,0.016409266409266408,0.0009652509652509653,0.0009652509652509653,0.0009652509652509653,0.0009652509652509653,0,0,0.011824324324324325,0.016891891891891893,0.015926640926640926,0,0,0,0,0.017374517374517374,0.0009652509652509653,0,0.0009652509652509653,0,0,0,0.0009652509652509653,0.015202702702702704,0.016409266409266408,0,0,0.2676158301158301,0.0009652509652509653,0.0009652509652509653,0.0009652509652509653,0.016891891891891893,0.47128378378378377,0,0.016167953667953667,0.0009652509652509653,0.012065637065637066,0.0009652509652509653",1
"0,0,1,0,0,0,1,0,0,0,1,-1,0,0,0,0,0,1,-1,0,0,0,1,-1,1,-1,0,0,-1,0,-1,1,-1,0,0,0,-1,1,0,0,0,0,0,1,-1,0,0,0,0","0.03211216644052465,0.03188602442333786,0,0.03211216644052465,0.03188602442333786,0.03459972862957938,0,0.03188602442333786,0.03188602442333786,0.03211216644052465,0,0,0.03211216644052465,0.03211216644052465,0.03188602442333786,0.03211216644052465,0.03188602442333786,0,0,0.03211216644052465,0.03459972862957938,0.03459972862957938,0,0,0,0,0.03211216644052465,0.03188602442333786,0,0.03211216644052465,0,0,0,0.03188602442333786,0.03188602442333786,0.03211216644052465,0,0,0.03211216644052465,0.03188602442333786,0.03188602442333786,0.03188602442333786,0.03211216644052465,0,0,0.03211216644052465,0.03188602442333786,0.03211216644052465,0.03211216644052465",-1
"0,0,1,0,0,-1,1,0,0,0,1,-1,0,0,0,0,0,1,-1,0,0,0,1,-1,1,-1,0,0,-1,0,-1,1,-1,0,0,0,-1,1,0,0,0,0,0,1,-1,0,0,0,0","0.036599313762866945,0.036599313762866945,0,0.036980556614563474,0.036980556614563474,0,0,0.036980556614563474,0.036599313762866945,0.036599313762866945,0,0,0.023255813953488372,0.023255813953488372,0.036599313762866945,0.036599313762866945,0.036980556614563474,0,0,0.036599313762866945,0.036599313762866945,0.023255813953488372,0,0,0,0,0.036599313762866945,0.036599313762866945,0,0.023255813953488372,0,0,0,0.036980556614563474,0.023255813953488372,0.036980556614563474,0,0,0.036980556614563474,0.036599313762866945,0.036980556614563474,0.036599313762866945,0.036980556614563474,0,0,0.036599313762866945,0.036980556614563474,0.036980556614563474,0.001143728555089592",1
"0,0,0,0,0,0,0,0,0,0,0,0,0,0,0,0,0,0,0,0,0,0,0,0,0","0.017644110275689222,0.016340852130325816,0.03328320802005012,0.06265664160401002,0.05834586466165414,0.025864661654135337,0.04461152882205514,0.043308270676691726,0.092531328320802,0.015538847117794486,0.009022556390977444,0.06335839598997493,0.048220551378446115,0.020651629072681706,0.015338345864661655,0.030175438596491227,0.06706766917293233,0.10576441102756892,0.04100250626566416,0.020350877192982456,0.056140350877192984,0.05694235588972431,0.023959899749373435,0.028771929824561403,0.0031077694235588974",-1
"0,0,0,0,0,0,0,0,0,0,0,0,0,0,0,0,0,-1,0,0,0,0,0,0,0","0.009699936542471218,0.015773728583084037,0.011875623243586257,0.018855951409663674,0.03571752334330523,0.021212945335871633,0.030912881878342853,0.018674644184570755,0.04006889674553531,0.03408575831746895,0.03453902638020125,0.03444837276765479,0.04523615266068353,0.017405493608920315,0.024839089837730033,0.047139878524159184,0.2679720786873357,0,0.060556613181035265,0.025926933188287555,0.11440485903363248,0.04006889674553531,0.015955035808176955,0.015501767745444655,0.019127912247303053",1
"0,0,0,0,0,0,0,0,0,0,0,0,0,0,0,0,1,-1,0,0,0,0,0,0,0","0.010825021263434625,0.02891827108946107,0.03610917807159978,0.016005567153792623,0.06471816283924843,0.004020722183561432,0.009278589654372536,0.1697981906750174,0.023196474135931337,0.02458826258408722,0.03541328384752184,0.061238691718858734,0.17559730920900024,0.06510477074151395,0.016701461377870562,0.016624139797417458,0,0,0.049408489909533754,0.004793937988092477,0.04724348565684683,0.091780715997835,0.010361091780715998,0.02737183948039898,0.01090234284388773",-1
"0,0,0,0,0,0,0,0,0,0,0,0,-1,0,0,0,1,-1,0,0,0,0,0,0,0","0.009633439464446078,0.008163931749530574,0.011184586496856887,0.019266878928892155,0.015103273736631562,0.009470160829455466,0.02016491142134052,0.019266878928892155,0.006204588129643236,0.008408849702016491,0.009061964241978937,0.7256102538982774,0,0.01322556943423953,0.02016491142134052,0.012735733529267695,0,0,0.01959343619887338,0.004081965874765287,0.04286064168503551,0.010694750591885053,0.0035104906522981467,0.0026940974773450896,0.008898685606988326",1
"0,0,0,0,0,0,0,0,0,0,0,1,-1,0,0,0,1,-1,0,0,0,0,0,0,0","0.02840939206021095,0.06249006201303864,0.12445009805480468,0.05019345947951449,0.04213706471617109,0.050299464673769015,0.17262945884348332,0.12736524089680396,0.011607568770869773,0.02289712195897599,0.026872316743520433,0,0,0.030423490751046802,0.019663963534213177,0.008003392166216145,0,0,0.02416918429003021,0.027932368686065617,0.0568187841204219,0.06593523082631049,0.009540467482906663,0.028091376477447395,0.010070493454179255",-1
"0,0,0,0,0,0,-1,0,0,0,0,1,-1,0,0,0,1,-1,0,0,0,0,0,0,0","0.0055148447533429025,0.0038528367454861373,0.0060436654831155096,0.020019641912820126,0.00566593639042079,0.0026441036488630354,0,0.8702878295686334,0.008914406587595377,0.0026441036488630354,0.006194757120193397,0,0,0.005817028027498678,0.0026441036488630354,0.002795195285940923,0,0,0.004532749112336632,0.007176852761199668,0.016091259348795045,0.01269169751454257,0.004381657475258744,0.0060436654831155096,0.0060436654831155096",1
"0,0,0,0,0,0,-1,1,0,0,0,1,-1,0,0,0,1,-1,0,0,0,0,0,0,0","0.012278498674480257,0.013487744756057858,0.11715734151899912,0.12580810194874656,0.11408771685037905,0.05911352960327427,0,0,0.09134458862378494,0.04181200874377936,0.041067857308962376,0,0,0.05999720943211943,0.046509464676061575,0.027487093623552394,0,0,0.0301381331100879,0.033068229384679786,0.04362587786614576,0.04441653876563881,0.02762662201758058,0.043811915724850006,0.027161527370819963",-1
"0,0,0,-1,0,0,-1,1,0,0,0,1,-1,0,0,0,1,-1,0,0,0,0,0,0,0","0.0014187751241428233,0.004492787893118941,0.9117994797824545,0,0.007803263182785528,0.0061480255379522345,0,0,0.004729250413809411,0.005202175455190352,0.005438637975880823,0,0,0.003389296129896745,0.000551745881611098,0.0019705210057539215,0,0,0.003389296129896745,0.0036257586505872154,0.009852605028769607,0.01781350989201545,0.0063056672184125485,0.003941042011507843,0.002128162686214235",1
"0,0,1,-1,0,0,-1,1,0,0,0,1,-1,0,0,0,1,-1,0,0,0,0,0,0,0","0.05957960187462299,0.05795554730638949,0,0,0.05874437381096005,0.0627349078929052,0,0,0.059950814347362075,0.059950814347362075,0.06036842837919354,0,0,0.06036842837919354,0.06157486891559556,0.05874437381096005,0,0,0.059161987842791516,0.058373161338220965,0.04946406199248295,0.05795554730638949,0.05874437381096005,0.057584334833650413,0.05874437381096005",-1
"0,0,1,-1,0,-1,-1,1,0,0,0,1,-1,0,0,0,1,-1,0,0,0,0,0,0,0","0.008292166549047283,0.006439661256175018,0,0,0.013320395201129147,0,0,0,0.00935074100211715,0.005469301340860974,0.005822159491884263,0,0,0.003793225123500353,0.00652787579393084,0.00732180663373324,0,0,0.008027522935779817,0.009086097388849683,0.44557163020465773,0.44557163020465773,0.006263232180663374,0.011115031757233593,0.008027522935779817",1
